  107.991302
  104.673785
  101.278599
   97.872319
   94.521515
   91.159616
   87.786621
   84.458008
   81.029537
   77.689828
   74.294643
   70.943839
   67.570845
   64.186755
   60.791569
   57.451861
   54.045580
   50.694777
   47.299591
   43.937692
   40.597984
   37.180608
   33.818708
   30.434619
   27.028338
   23.710820
   20.315635
   16.975926
   13.580741
   10.196651
    6.879134
    3.483948
    0.144240
  356.710518
  353.276797
  350.025851
  346.697238
  343.335339
  339.984535
  336.578255
  333.227451
  329.832266
  326.514748
  323.141753
  319.735473
  316.384669
  313.011674
  309.627584
  306.310067
  302.870500
  299.519696
  296.113416
  292.818089
  289.433999
  286.005527
  282.654723
  279.281729
  275.897639
  272.557931
  269.151650
  265.811942
  262.427852
  259.088143
  255.704053
  252.342154
  248.935873
  245.585070
  242.189884
  238.861271
  235.443895
  232.115282
  228.753383
  225.358198
  221.996299
  218.590018
  215.228119
  211.866220
  208.459939
  205.142421
  201.758331
  198.385337
  195.045628
  191.683729
  188.299639
  184.959931
  181.575841
  178.213942
  174.840947
  171.456857
  168.083863
  164.677582
  161.326778
  157.942688
  154.569694
  151.185604
  147.856991
  144.461806
  141.144288
  137.715817
  134.320631
  131.003114
  127.630119
  124.257125
  120.928512
  117.488945
  114.138141
  110.731860
  107.369961
  104.019157
  100.635067
   97.239882
   93.855792
   90.493893
   87.176375
   83.758999
   80.408196
   77.024106
   73.640016
   70.322498
   66.916217
   63.521032
   60.192419
   56.763948
   53.402048
   50.062340
   46.644964
   43.271969
   39.910070
   36.537076
   33.164081
   29.779991
   26.418092
   23.034002
   19.661008
   16.310204
   12.937209
    9.575310
    6.180125
    2.796035
  359.408445
  356.020855
  352.633266
  349.393415
  345.976039
  342.669616
  339.285527
  335.912532
  332.550633
  329.188734
  325.782453
  322.431649
  319.047559
  315.718946
  312.301570
  308.939671
  305.566677
  302.182587
  298.842878
  295.447693
  292.052508
  288.701704
  285.273232
  281.944619
  278.560529
  275.154249
  271.803445
  268.419355
  265.068551
  261.728843
  258.311467
  254.960663
  251.576573
  248.203579
  244.830584
  241.490876
  238.106786
  234.733791
  231.305320
  227.998897
  224.592617
  221.219622
  217.846628
  214.440347
  211.100639
  207.716549
  204.354650
  201.026037
  197.630851
  194.268952
  190.895958
  187.489677
  184.194350
  180.754783
  177.448361
  174.019889
  170.657990
  167.307186
  163.912001
  160.527911
  157.177107
  153.781922
  150.442214
  147.024838
  143.707320
  140.334326
  136.928045
  133.566146
  130.193151
  126.831252
  123.480448
  120.051977
  116.690078
  113.339274
  109.966279
  106.582189
  103.198099
   99.814010
   96.474301
   93.034734
   89.728312
   86.355317
   82.993418
   79.642615
   76.247429
   72.896625
   69.512536
   66.128446
   62.766546
   59.382457
   56.031653
   52.625372
   49.196901
   45.879383
   42.495293
   39.144489
   35.782590
   32.365214
   28.958933
   25.652511
   22.212944
   18.906522
   15.522432
   12.182724
    8.754252
    5.392353
    2.063740
  358.694642
  355.325545
  351.956447
  348.594548
  345.288125
  341.892940
  338.508850
  335.169142
  331.818338
  328.434248
  325.061254
  321.688259
  318.359646
  314.975556
  311.624752
  308.229567
  304.856572
  301.494673
  298.121679
  294.748684
  291.353499
  287.958314
  284.640796
  281.245611
  277.872616
  274.488526
  271.148818
  267.753632
  264.380638
  261.018739
  257.656840
  254.272750
  250.966327
  247.548951
  244.164861
  240.814058
  237.418872
  234.079164
  230.672883
  227.344270
  223.937990
  220.564995
  217.158714
  213.841197
  210.457107
  207.117398
  203.700022
  200.360314
  196.954033
  193.614325
  190.263521
  186.901622
  183.528627
  180.155633
  176.727161
  173.409644
  170.025554
  166.641464
  163.279565
  159.895475
  156.522480
  153.149486
  149.798682
  146.447878
  143.052693
  139.712984
  136.317799
  132.966995
  129.594001
  126.187720
  122.870202
  119.452826
  116.068736
  112.706837
  109.311652
  105.949753
  102.598949
   99.159382
   95.852960
   92.457775
   89.095876
   85.745072
   82.372077
   78.976892
   75.648279
   72.219807
   68.902290
   65.484914
   62.134110
   58.772211
   55.399216
   52.004031
   48.664323
   45.235851
   41.873952
   38.500957
   35.139058
   31.766064
   28.359783
   24.997884
   21.647080
   18.218609
   14.901091
   11.550287
    8.166197
    4.793203
    1.409113
  357.908819
  354.408525
  351.301820
  347.984302
  344.622403
  341.260504
  337.898604
  334.503419
  331.141520
  327.790716
  324.439912
  321.078013
  317.682828
  314.287643
  310.936839
  307.574940
  304.235231
  300.806760
  297.500338
  294.060771
  290.676681
  287.292591
  283.919596
  280.557697
  277.195798
  273.745136
  270.416523
  266.988051
  263.648343
  260.341921
  256.891259
  253.484978
  250.178556
  246.805561
  243.410376
  239.993000
  236.708768
  233.291392
  229.885112
  226.556498
  223.172409
  219.732842
  216.393133
  213.031234
  209.691526
  206.251959
  202.856774
  199.583638
  196.166261
  192.870935
  189.509035
  186.136041
  182.774142
  179.390052
  175.972676
  172.677349
  169.248877
  165.931360
  162.491793
  159.163180
  155.779090
  152.406095
  149.010910
  145.682297
  142.276016
  138.947403
  135.552218
  132.190319
  128.839515
  125.433234
  122.093526
  118.742722
  115.325346
  111.985638
  108.579357
  105.239649
  101.844463
   98.471469
   95.109570
   91.714384
   88.352485
   84.979491
   81.573210
   78.266788
   74.871603
   71.520799
   68.192186
   64.741524
   61.435101
   58.039916
   54.611445
   51.293927
   47.898742
   44.503556
   41.186039
   37.735376
   34.428954
   31.011578
   27.705156
   24.265589
   20.914785
   17.530695
   14.213178
   10.806897
    7.444998
    4.094194
    0.699009
  357.259740
  353.820470
  350.613906
  347.296389
  343.890108
  340.550400
  337.177405
  333.804410
  330.486893
  327.080612
  323.740904
  320.334623
  316.950533
  313.610825
  310.248926
  306.842645
  303.514032
  300.096656
  296.768043
  293.361762
  289.988768
  286.571391
  283.209492
  279.858689
  276.507885
  273.090509
  269.772991
  266.355615
  263.049193
  259.642912
  256.358681
  252.930209
  249.568310
  246.184220
  242.822321
  239.449326
  236.098523
  232.658956
  229.352533
  225.946253
  222.562163
  219.233550
  215.816174
  212.465370
  209.092375
  205.708286
  202.368577
  198.995583
  195.655874
  192.305070
  188.909885
  185.525795
  182.130610
  178.779806
  175.440098
  172.067103
  168.683013
  165.287828
  161.848261
  158.564030
  155.135558
  151.818040
  148.433951
  145.072051
  141.710152
  138.337158
  134.964163
  131.591169
  128.218174
  124.900656
  121.494376
  118.132477
  114.726196
  111.353201
  108.002398
  104.607212
  101.234218
   97.872319
   94.488229
   91.159616
   87.720049
   84.402531
   80.985155
   77.623256
   74.305738
   70.910553
   67.559749
   64.175659
   60.769379
   57.407479
   54.034485
   50.661490
   47.310687
   43.882215
   40.575793
   37.158417
   33.774327
   30.412428
   27.050529
   23.655343
   20.304540
   16.887163
   13.569646
   10.185556
    6.823657
    3.450662
    0.088763
  356.682780
  353.276797
  349.959279
  346.652857
  343.302053
  339.951249
  336.544968
  333.194165
  329.798979
  326.459271
  323.064086
  319.702187
  316.362478
  312.967293
  309.616489
  306.243495
  302.803928
  299.475315
  296.102320
  292.729326
  289.389617
  285.961146
  282.643628
  279.215157
  275.897639
  272.502454
  269.129459
  265.745369
  262.427852
  258.999380
  255.648576
  252.264486
  248.924778
  245.529593
  242.156598
  238.772508
  235.410609
  232.048710
  228.686811
  225.291626
  221.929726
  218.534541
  215.183737
  211.810743
  208.437748
  205.086944
  201.713950
  198.329860
  194.990152
  191.606062
  188.221972
  184.871168
  181.498173
  178.147370
  174.718898
  171.412476
  167.995100
  164.599915
  161.260206
  157.876116
  154.492026
  151.163413
  147.746037
  144.417424
  141.033334
  137.682530
  134.309536
  130.925446
  127.563547
  124.179457
  120.795367
  117.433468
  114.060473
  110.676383
  107.314484
  103.919299
  100.546304
   97.162214
   93.789220
   90.438416
   87.076517
   83.703522
   80.330528
   76.979724
   73.651111
   70.189354
   66.849645
   63.454460
   60.103656
   56.752852
   53.346572
   49.951386
   46.611678
   43.205397
   39.887880
   36.470503
   33.108604
   29.680133
   26.362615
   22.989621
   19.627722
   16.254727
   12.903923
    9.475452
    6.135743
    2.751653
  359.364063
  355.976473
  352.588884
  349.337938
  345.976039
  342.625235
  339.274431
  335.879246
  332.506251
  329.166543
  325.749167
  322.431649
  319.047559
  315.730042
  312.323761
  308.939671
  305.566677
  302.215873
  298.820687
  295.492074
  292.041412
  288.712799
  285.317614
  281.977905
  278.627102
  275.243012
  271.858922
  268.474832
  265.090742
  261.773224
  258.378039
  255.049426
  251.687527
  248.314532
  244.952633
  241.568543
  238.206644
  234.866936
  231.438464
  228.087660
  224.692475
  221.297290
  217.979772
  214.584587
  211.244879
  207.882979
  204.487794
  201.103704
  197.786186
  194.402097
  191.040197
  187.667203
  184.305304
  180.932309
  177.559315
  174.164129
  170.791135
  167.418140
  164.111718
  160.672151
  157.310252
  153.903971
  150.564263
  147.202364
  143.818274
  140.467470
  137.105571
  133.677099
  130.337391
  126.931110
  123.591402
  120.262789
  116.834317
  113.494609
  110.077233
  106.704238
  103.342339
   99.969345
   96.585255
   93.267737
   89.805980
   86.488462
   83.071086
   79.775759
   76.402765
   73.018675
   69.656775
   66.250495
   62.855309
   59.548887
   56.120416
   52.769612
   49.352236
   46.012528
   42.650628
   39.233252
   35.882449
   32.498359
   29.147555
   25.785656
   22.357184
   19.006380
   15.644481
   12.238201
    8.909588
    5.514402
    2.196885
  358.801898
  355.406911
  352.011924
  348.738788
  345.321412
  342.037180
  338.608709
  335.257905
  331.907101
  328.545202
  325.161112
  321.799213
  318.392932
  315.097605
  311.691325
  308.340521
  304.945335
  301.583436
  298.177156
  294.815256
  291.397880
  288.091458
  284.707368
  281.345469
  277.950284
  274.555098
  271.215390
  267.820205
  264.436115
  261.063120
  257.712316
  254.339322
  251.021804
  247.593333
  244.264720
  240.858439
  237.518731
  234.123545
  230.739456
  227.355366
  223.971276
  220.564995
  217.291859
  213.874483
  210.512584
  207.161780
  203.744404
  200.393600
  197.031701
  193.669802
  190.307903
  186.923813
  183.573009
  180.188919
  176.804829
  173.454025
  170.069935
  166.696941
  163.312851
  159.950952
  156.566862
  153.160581
  149.798682
  146.447878
  143.074884
  139.768461
  136.295608
  132.989186
  129.594001
  126.243197
  122.892393
  119.475017
  116.090927
  112.717933
  109.311652
  106.005230
  102.565663
   99.203764
   95.819674
   92.457775
   89.106971
   85.711786
   82.360982
   78.987987
   75.614993
   72.275284
   68.891194
   65.507105
   62.123015
   58.750020
   55.399216
   51.948554
   48.631036
   45.224756
   41.862857
   38.478767
   35.105772
   31.721682
   28.370878
   24.986789
   21.647080
   18.207513
   14.867805
   11.539192
    8.121816
    4.748821
    1.420208
  357.914367
  354.408525
  351.268533
  347.928825
  344.622403
  341.216122
  337.887509
  334.514515
  331.097138
  327.779621
  324.373340
  321.044727
  317.716114
  314.265452
  310.959030
  307.530558
  304.201945
  300.828951
  297.467051
  294.038580
  290.698872
  287.270400
  283.941787
  280.546602
  277.206893
  273.844994
  270.472000
  267.076814
  263.726011
  260.341921
  257.013308
  253.607027
  250.278414
  246.894324
  243.510234
  240.126144
  236.764245
  233.357964
  230.018256
  226.645261
  223.261172
  219.943654
  216.492992
  213.153283
  209.769193
  206.440580
  203.089777
  199.672401
  196.288311
  192.937507
  189.564512
  186.235899
  182.851809
  179.501006
  176.128011
  172.732826
  169.393117
  165.953550
  162.613842
  159.274134
  155.856758
  152.505954
  149.099673
  145.704488
  142.375875
  139.013976
  135.629886
  132.279082
  128.883897
  125.544188
  122.160098
  118.787104
  115.425205
  112.018924
  108.679216
  105.250744
  101.899940
   98.526946
   95.131761
   91.758766
   88.396867
   85.012777
   81.706355
   78.277883
   74.949270
   71.587371
   68.181090
   64.819191
   61.457292
   58.051011
   54.744589
   51.282831
   47.920932
   44.570129
   41.130562
   37.813044
   34.406763
   31.033769
   27.660774
   24.321066
   20.936976
   17.563981
   14.113319
   10.873469
    7.422807
    4.116385
    0.721199
  357.270834
  353.820470
  350.602811
  347.263102
  343.956680
  340.539304
  337.188500
  333.771124
  330.420321
  327.058421
  323.685427
  320.301337
  317.017105
  313.599729
  310.248926
  306.898122
  303.480746
  300.152133
  296.723661
  293.383953
  290.022054
  286.637964
  283.253874
  279.869784
  276.463503
  273.123795
  269.739705
  266.411092
  263.027002
  259.665103
  256.314299
  252.941304
  249.535024
  246.217506
  242.811225
  239.449326
  236.076332
  232.658956
  229.330343
  225.968444
  222.539972
  219.189168
  215.805078
  212.443179
  209.125662
  205.708286
  202.379672
  198.995583
  195.633683
  192.282880
  188.898790
  185.536891
  182.197182
  178.768711
  175.429002
  172.022722
  168.638632
  165.265637
  161.914833
  158.497457
  155.168844
  151.762564
  148.422855
  145.038765
  141.665771
  138.326062
  134.975259
  131.557882
  128.240365
  124.834084
  121.461090
  118.088095
  114.681814
  111.353201
  107.924730
  104.573926
  101.200932
   97.816842
   94.410561
   91.070853
   87.697858
   84.335959
   80.929678
   77.634351
   74.228071
   70.888362
   67.470986
   64.109087
   60.769379
   57.352003
   53.990103
   50.617109
   47.188637
   43.860024
   40.453744
   37.091845
   33.741041
   30.345855
   26.961766
   23.577676
   20.215776
   16.864973
   13.491978
   10.107888
    6.757084
    3.372995
    0.002514
  357.869985
  353.221320
  349.892707
  346.586284
  343.224385
  339.862486
  336.478396
  333.116497
  329.710216
  326.425985
  322.986418
  319.646710
  316.284810
  312.878530
  309.538821
  306.132541
  302.759546
  299.397647
  296.002462
  292.651658
  289.278663
  285.861287
  282.554865
  279.137489
  275.819971
  272.391500
  269.073982
  265.667702
  262.305802
  258.943903
  255.604195
  252.186819
  248.880397
  245.463021
  242.101121
  238.717031
  235.310751
  231.959947
  228.598048
  225.225053
  221.852059
  218.479064
  215.128260
  211.733075
  208.360081
  204.998181
  201.602996
  198.296574
  194.890293
  191.550585
  188.177590
  184.826786
  181.420506
  178.091893
  174.663421
  171.345904
  167.906337
  164.566628
  161.160348
  157.798449
  154.458740
  151.052459
  147.668370
  144.317566
  140.922380
  137.638149
  134.198582
  130.847778
  127.496975
  124.079599
  120.762081
  117.333609
  113.971710
  110.620906
  107.203530
  103.863822
  100.468637
   97.095642
   93.733743
   90.338558
   86.998849
   83.592569
   80.275051
   76.879866
   73.495776
   70.144972
   66.760882
   63.376792
   60.014893
   56.641898
   53.268904
   49.873719
   46.489629
   43.127730
   39.721449
   36.392836
   32.964364
   29.669038
   26.296043
   22.889762
   19.505672
   16.177059
   12.748588
    9.431070
    6.024790
    2.662890
  359.290094
  355.917298
  352.544502
  349.271366
  345.876180
  342.525377
  339.152382
  335.768292
  332.428584
  329.055589
  325.627118
  322.331791
  318.936606
  315.574706
  312.223903
  308.795431
  305.444627
  302.093824
  298.731924
  295.325644
  291.952649
  288.557464
  285.239946
  281.800379
  278.471766
  275.087677
  271.714682
  268.363878
  264.990884
  261.573508
  258.267085
  254.882995
  251.521096
  248.148102
  244.752916
  241.391017
  238.040213
  234.656124
  231.305320
  227.910134
  224.526045
  221.153050
  217.724579
  214.429252
  211.011876
  207.672167
  204.310268
  200.926178
  197.575374
  194.224571
  190.807194
  187.511868
  184.094492
  180.743688
  177.337407
  173.931126
  170.613609
  167.207328
  163.845429
  160.516816
  157.110535
  153.726445
  150.353451
  146.958265
  143.618557
  140.256658
  136.894759
  133.532860
  130.137674
  126.753584
  123.424971
  119.974309
  116.678982
  113.250511
  109.899707
  106.537808
  103.120432
   99.791819
   96.396633
   92.990353
   89.661740
   86.266554
   82.937941
   79.598233
   76.169762
   72.830053
   69.434868
   66.061873
   62.744356
   59.338075
   55.909604
   52.580991
   49.174710
   45.879383
   42.417625
   39.055726
   35.682732
   32.298642
   28.947838
   25.585939
   22.212944
   18.862141
   15.444764
   12.082865
    8.709871
    5.314685
    2.008263
  358.642864
  355.277464
  351.912065
  348.527975
  345.210458
  341.837463
  338.442278
  335.135856
  331.696289
  328.356580
  324.983586
  321.610591
  318.259788
  314.886793
  311.502703
  308.129709
  304.723428
  301.383719
  298.010725
  294.648826
  291.264736
  287.880646
  284.507651
  281.112466
  277.728376
  274.388668
  271.037864
  267.642679
  264.280780
  260.852308
  257.534790
  254.206177
  250.822087
  247.460188
  244.065003
  240.658722
  237.341205
  233.901638
  230.573025
  227.166744
  223.827036
  220.465137
  217.058856
  213.696957
  210.335058
  206.939872
  203.633450
  200.238265
  196.865270
  193.547753
  190.108186
  186.779573
  183.395483
  180.022488
  176.660589
  173.276499
  169.903505
  166.574892
  163.135325
  159.784521
  156.411526
  153.016341
  149.676633
  146.325829
  142.908453
  139.602031
  136.206845
  132.822755
  129.460856
  126.043480
  122.692676
  119.330777
  115.979973
  112.584788
  109.189603
  105.805513
  102.443614
   99.048429
   95.753102
   92.313535
   88.973826
   85.578641
   82.205647
   78.888129
   75.504039
   72.119949
   68.746955
   65.329578
   62.012061
   58.639066
   55.232786
   51.870886
   48.453510
   45.135993
   41.707521
   38.378908
   35.005914
   31.610728
   28.248829
   24.886930
   21.525031
   18.140941
   14.723565
   11.417143
    8.021957
    4.648963
    1.298159
  357.797865
  354.297571
  351.157580
  347.862253
  344.478163
  341.116264
  337.765460
  334.381370
  331.019471
  327.690858
  324.229100
  320.955964
  317.527493
  314.187784
  310.836980
  307.441795
  304.068801
  300.706901
  297.289525
  293.972008
  290.565727
  287.214923
  283.841929
  280.435648
  277.073749
  273.722945
  270.338855
  266.988051
  263.626152
  260.208776
  256.913449
  253.496073
  250.167460
  246.805561
  243.388185
  240.059572
  236.686577
  233.269201
  229.929493
  226.523212
  223.161313
  219.799414
  216.426419
  213.042330
  209.669335
  206.296340
  202.945537
  199.572542
  196.188452
  192.882030
  189.453559
  186.124945
  182.729760
  179.334575
  175.972676
  172.610777
  169.237782
  165.864787
  162.480698
  159.107703
  155.734708
  152.339523
  148.988719
  145.626820
  142.264921
  138.925213
  135.530027
  132.145937
  128.806229
  125.366662
  122.049145
  118.653959
  115.269869
  111.941256
  108.512785
  105.139790
  101.777891
   98.349420
   95.065188
   91.614526
   88.308104
   84.924014
   81.539924
   78.211311
   74.816126
   71.443131
   68.070137
   64.686047
   61.301957
   57.962248
   54.555968
   51.205164
   47.776692
   44.436984
   41.063989
   37.713186
   34.340191
   30.956101
   27.594202
   24.199017
   20.814927
   17.508505
   14.091129
   10.751420
    7.367330
    3.961050
    0.632436
  357.182072
  353.731707
  350.502952
  347.152149
  343.801345
  340.450541
  337.066451
  333.737838
  330.298271
  326.980754
  323.596664
  320.256955
  316.895056
  313.477680
  310.115781
  306.753882
  303.414173
  300.007893
  296.645994
  293.284094
  289.877814
  286.482628
  283.142920
  279.725544
  276.441312
  273.012841
  269.639847
  266.277947
  262.916048
  259.520863
  256.192250
  252.774874
  249.457356
  246.051075
  242.689176
  239.371659
  235.954283
  232.581288
  229.186103
  225.802013
  222.451209
  219.078215
  215.671934
  212.365512
  208.925945
  205.608427
  202.202146
  198.840247
  195.511634
  192.127544
  188.765645
  185.437032
  182.041847
  178.646662
  175.284762
  171.900672
  168.538773
  165.154683
  161.792784
  158.408694
  154.991318
  151.662705
  148.267520
  144.905621
  141.565912
  138.148536
  134.842114
  131.435833
  128.085030
  124.700940
  121.327945
  117.954951
  114.559765
  111.142389
  107.813776
  104.429686
  101.067787
   97.716983
   94.299607
   90.959899
   87.564714
   84.236101
   80.874201
   77.456825
   74.139308
   70.755218
   67.371128
   64.031419
   60.614043
   57.285430
   53.845864
   50.472869
   47.110970
   43.749071
   40.342790
   36.980891
   33.596801
   30.223806
   26.861907
   23.455627
   20.160300
   16.731828
   13.381024
   10.019125
    6.635035
    3.262041
  359.878149
  356.494258
  353.110367
  349.803944
  346.453140
  343.091241
  339.718246
  336.356347
  332.983353
  329.632549
  326.270650
  322.886560
  319.524661
  316.173857
  312.767576
  309.461154
  306.054873
  302.681879
  299.286693
  295.891508
  292.540704
  289.178805
  285.794715
  282.432816
  279.026535
  275.664636
  272.313832
  268.896456
  265.578939
  262.161563
  258.832950
  255.448860
  252.064770
  248.725061
  245.385353
  242.012358
  238.661555
  235.210892
  231.882279
  228.520380
  225.103004
  221.741105
  218.345920
  214.995116
  211.644312
  208.271318
  204.887228
  201.525328
  198.107952
  194.812626
  191.417440
  188.066636
  184.704737
  181.309552
  177.925462
  174.585754
  171.201664
  167.861955
  164.455675
  161.060489
  157.742972
  154.314500
  150.963696
  147.601797
  144.228803
  140.844713
  137.516100
  134.098724
  130.781206
  127.330544
  124.013026
  120.628936
  117.255942
  113.849661
  110.498857
  107.092577
  103.763964
  100.346588
   96.984688
   93.611694
   90.271985
   86.910086
   83.481615
   80.197383
   76.768912
   73.429204
   70.045114
   66.649928
   63.321315
   59.903939
   56.530945
   53.191236
   49.796051
   46.423056
   43.027871
   39.654877
   36.292977
   32.853411
   29.535893
   26.140708
   22.789904
   19.405814
   16.055010
   12.693111
    9.309021
    5.924931
    2.596318
  359.197633
  355.798948
  352.400263
  349.116030
  345.787417
  342.358946
  339.052524
  335.646243
  332.306535
  328.955731
  325.582736
  322.154265
  318.803461
  315.463753
  312.101853
  308.695573
  305.344769
  301.971774
  298.587685
  295.270167
  291.830600
  288.468701
  285.084611
  281.722712
  278.338622
  274.987818
  271.592633
  268.230734
  264.813358
  261.518031
  258.100655
  254.727660
  251.421238
  248.026053
  244.675249
  241.291159
  237.929260
  234.578456
  231.172175
  227.788085
  224.426186
  221.031001
  217.724579
  214.273916
  210.956399
  207.539023
  204.188219
  200.837415
  197.464421
  194.069235
  190.751718
  187.334342
  183.994633
  180.654925
  177.270835
  173.886745
  170.502655
  167.162947
  163.734475
  160.416957
  157.032868
  153.626587
  150.264688
  146.902789
  143.507603
  140.190086
  136.750519
  133.410810
  130.048911
  126.675917
  123.336208
  119.918832
  116.601315
  113.217225
  109.822039
  106.449045
  103.042764
   99.669770
   96.330061
   92.901590
   89.595167
   86.199982
   82.826988
   79.498375
   76.080999
   72.741290
   69.379391
   65.984206
   62.589020
   59.238217
   55.865222
   52.514418
   49.052661
   45.735143
   42.328862
   38.978059
   35.627255
   32.198783
   28.859075
   25.474985
   22.101991
   18.728996
   15.378192
   12.016293
    8.665489
    5.270304
    1.919500
  358.543005
  355.166511
  351.790016
  348.428117
  345.110599
  341.759796
  338.364610
  335.047093
  331.640812
  328.290008
  324.894823
  321.532924
  318.215406
  314.798030
  311.458322
  308.085327
  304.712333
  301.328243
  297.966343
  294.593349
  291.242545
  287.825169
  284.485461
  281.101371
  277.750567
  274.366477
  270.993482
  267.664869
  264.236398
  260.874499
  257.534790
  254.172891
  250.777706
  247.437998
  244.020622
  240.714199
  237.285728
  233.934924
  230.528643
  227.177840
  223.804845
  220.442946
  217.069951
  213.708052
  210.312867
  206.962063
  203.555782
  200.182788
  196.854175
  193.414608
  190.152567
  186.735191
  183.384387
  180.000298
  176.605112
  173.254308
  169.892409
  166.497224
  163.157516
  159.751235
  156.378240
  153.016341
  149.621156
  146.303638
  142.852976
  139.568745
  136.173559
  132.778374
  129.438666
  126.065671
  122.670486
  119.319682
  115.924497
  112.573693
  109.167412
  105.783322
  102.454709
   98.992952
   95.708720
   92.291344
   88.940540
   85.523164
   82.216742
   78.843747
   75.459657
   72.075568
   68.735859
   65.318483
   61.967679
   58.583589
   55.199499
   51.859791
   48.442415
   45.124897
   41.696426
   38.356718
   34.983723
   31.599633
   28.226639
   24.853644
   21.458459
   18.140941
   14.723565
   11.383857
    7.999767
    4.582391
    1.287064
  357.786770
  354.286476
  351.157580
  347.828967
  344.455972
  341.105168
  337.709983
  334.381370
  330.952899
  327.613190
  324.251291
  320.867201
  317.527493
  314.154498
  310.792599
  307.397414
  304.057705
  300.640329
  297.267335
  293.905436
  290.554632
  287.137256
  283.775357
  280.380171
  277.029367
  273.656373
  270.294474
  266.943670
  263.537389
  260.186585
  256.813591
  253.418406
  250.078697
  246.727893
  243.321613
  239.981904
  236.575624
  233.224820
  229.829635
  226.445545
  223.105836
  219.710651
  216.315466
  212.920280
  209.569477
  206.251959
  202.867869
  199.472684
  196.121880
  192.693409
  189.409177
  186.002896
  182.674283
  179.290193
  175.872817
  172.533109
  169.115733
  165.764929
  162.414125
  159.030035
  155.645945
  152.295142
  148.877766
  145.582439
  142.153967
  138.792068
  135.419074
  132.046079
  128.695275
  125.277899
  121.927095
  118.543006
  115.181106
  111.785921
  108.424022
  105.039932
  101.711319
   98.260657
   94.954234
   91.559049
   88.208245
   84.846346
   81.462256
   78.089262
   74.716267
   71.343273
   67.981374
   64.586188
   61.202098
   57.884581
   54.433918
   51.116401
   47.676834
   44.359316
   40.964131
   37.580041
   34.229237
   30.845147
   27.449962
   24.132444
   20.703973
   17.397551
   14.024556
   10.651562
    7.256376
    3.850096
    0.554769
  357.115499
  353.676230
  350.436380
  347.063386
  343.768059
  340.361778
  336.999879
  333.637980
  330.253890
  326.891991
  323.541187
  320.146002
  316.839579
  313.444394
  310.115781
  306.720596
  303.281029
  299.985702
  296.557231
  293.239713
  289.855623
  286.460438
  283.098539
  279.781021
  276.363645
  273.012841
  269.617656
  266.244661
  262.916048
  259.531958
  256.158964
  252.830351
  249.412975
  246.039980
  242.666986
  239.293991
  235.943187
  232.536907
  229.186103
  225.802013
  222.395732
  219.033833
  215.694125
  212.298939
  209.003612
  205.564046
  202.213242
  198.840247
  195.456157
  192.127544
  188.732359
  185.381555
  181.997465
  178.624471
  175.240381
  171.867386
  168.494392
  165.132493
  161.737307
  158.419790
  154.969127
  151.640514
  148.245329
  144.916716
  141.543722
  138.115250
  134.786637
  131.391452
  128.018457
  124.678749
  121.283564
  117.899474
  114.537575
  111.175675
  107.780490
  104.418591
  101.067787
   97.639316
   94.277416
   90.926613
   87.520332
   84.202814
   80.763248
   77.456825
   74.050545
   70.666455
   67.326746
   63.931561
   60.625139
   57.207763
   53.845864
   50.450678
   47.066588
   43.682498
   40.320599
   36.947605
   33.541324
   30.190520
   26.817526
   23.444531
   20.115918
   16.731828
   13.347738
    9.996934
    6.590654
    3.239850
  359.852260
  356.464670
  353.077081
  349.815039
  346.464235
  343.102336
  339.684960
  336.356347
  332.972257
  329.654740
  326.259554
  322.842178
  319.557947
  316.151666
  312.811958
  309.405677
  306.032682
  302.670783
  299.319979
  295.924794
  292.529609
  289.145519
  285.816906
  282.410625
  279.037631
  275.653541
  272.258355
  268.951933
  265.523462
  262.228135
  258.810759
  255.448860
  252.098056
  248.702871
  245.340971
  242.001263
  238.583887
  235.233083
  231.871184
  228.464903
  225.103004
  221.652342
  218.379206
  214.961830
  211.633217
  208.282413
  204.876132
  201.469852
  198.107952
  194.768244
  191.428536
  188.044446
  184.660356
  181.342838
  177.881081
  174.596849
  171.157282
  167.806478
  164.411293
  161.027203
  157.687495
  154.303405
  150.897124
  147.568511
  144.195517
  140.844713
  137.493909
  134.043247
  130.747920
  127.308353
  123.979740
  120.595650
  117.211560
  113.849661
  110.432285
  107.114767
  103.719582
  100.313301
   96.962498
   93.600599
   90.205413
   86.854609
   83.459424
   80.119716
   76.713435
   73.351536
   70.011827
   66.616642
   63.232552
   59.926130
   56.453277
   53.113569
   49.740574
   46.378675
   43.016776
   39.555018
   36.237501
   32.831220
   29.469321
   26.140708
   22.723332
   19.394719
   15.999533
   12.626539
    9.275735
    5.880550
    2.540841
  359.160648
  355.780455
  352.400262
  349.060553
  345.743036
  342.414423
  339.008142
  335.635148
  332.295439
  328.889159
  325.538355
  322.165360
  318.803461
  315.441562
  312.046377
  308.695573
  305.300387
  301.993965
  298.609875
  295.214690
  291.808409
  288.435415
  285.106802
  281.767093
  278.327527
  274.976723
  271.603728
  268.186352
  264.891025
  261.484745
  258.133941
  254.794232
  251.387952
  248.070434
  244.686344
  241.302254
  237.973641
  234.522979
  231.183271
  227.821371
  224.415091
  221.108668
  217.691292
  214.373775
  210.967494
  207.594500
  204.254791
  200.848510
  197.519897
  194.124712
  190.773908
  187.334342
  184.039015
  180.699306
  177.270835
  173.897840
  170.524846
  167.162947
  163.789952
  160.350385
  157.032868
  153.659873
  150.275783
  146.936075
  143.518699
  140.201181
  136.805996
  133.444097
  130.082197
  126.687012
  123.302922
  119.952118
  116.534742
  113.206129
  109.799849
  106.415759
  103.076050
   99.680865
   96.341157
   92.912685
   89.572977
   86.199982
   82.838083
   79.431802
   76.125380
   72.708004
   69.357200
   65.973110
   62.555734
   59.238217
   55.831936
   52.503323
   49.119233
   45.690762
   42.295576
   38.955868
   35.571778
   32.243165
   28.836884
   25.463890
   22.068704
   18.706805
   15.389288
   11.983007
    8.632203
    5.237018
    1.830737
  358.450544
  355.070351
  351.690158
  348.450308
  345.066218
  341.737605
  338.364610
  334.936139
  331.629717
  328.245627
  324.883727
  321.521828
  318.159929
  314.764744
  311.402845
  307.996564
  304.667951
  301.261670
  297.899771
  294.526777
  291.076114
  287.780788
  284.374507
  281.034798
  277.672899
  274.266619
  270.938006
  267.531725
  264.169826
  260.863403
  257.412741
  254.050842
  250.688943
  247.315948
  243.987335
  240.569959
  237.241346
  233.835066
  230.473166
  227.089077
  223.716082
  220.365278
  216.970093
  213.586003
  210.224104
  206.851109
  203.478115
  200.127311
  196.809793
  193.425703
  190.008327
  186.679714
  183.284529
  179.933725
  176.571826
  173.154450
  169.803646
  166.397366
  163.057657
  159.673567
  156.256191
  152.927578
  149.565679
  146.192684
  142.819690
  139.413409
  136.095892
  132.689611
  129.349903
  125.954717
  122.537341
  119.253110
  115.802447
  112.462739
  109.078649
  105.683464
  102.354851
   98.937475
   95.597766
   92.213676
   88.829587
   85.467687
   82.105788
   78.666221
   75.370894
   71.975709
   68.647096
   65.274102
   61.878916
   58.472636
   55.110736
   51.715551
   48.398034
   44.980657
   41.574377
   38.245764
   34.817292
   31.510870
   28.115685
   24.753786
   21.391886
   17.974510
   14.668088
   11.283998
    7.877718
    4.560200
    1.142824
  357.681364
  354.219904
  351.046626
  347.773490
  344.378304
  341.038596
  337.632315
  334.281512
  330.930708
  327.546618
  324.229100
  320.789533
  317.472016
  314.076831
  310.714931
  307.341937
  303.968942
  300.595948
  297.211858
  293.827768
  290.488059
  287.115065
  283.719880
  280.346885
  276.951700
  273.645278
  270.216806
  266.921479
  263.504103
  260.131109
  256.769209
  253.362929
  250.045411
  246.650226
  243.321613
  239.915332
  236.542338
  233.169343
  229.807444
  226.445545
  223.028169
  219.644079
  216.315466
  212.875899
  209.536190
  206.218673
  202.801297
  199.494875
  196.066403
  192.737790
  189.353700
  186.002896
  182.607711
  179.245812
  175.861722
  172.499823
  169.115733
  165.776024
  162.369744
  158.996749
  155.634850
  152.217474
  148.888861
  145.504771
  142.142872
  138.825354
  135.407978
  132.068270
  128.695275
  125.322281
  121.927095
  118.531910
  115.170011
  111.808112
  108.424022
  105.062123
  101.655842
   98.293943
   94.909853
   91.559049
   88.219341
   84.801965
   81.462256
   78.067071
   74.716267
   71.354368
   67.970278
   64.575093
   61.213194
   57.829104
   54.467205
   51.049829
   47.687929
   44.326030
   40.941940
   37.580041
   34.184856
   30.878434
   27.461058
   24.088063
   20.703973
   17.353169
   14.068938
   10.596085
    7.289663
    3.894477
    0.488197
  357.076666
  353.665135
  350.436380
  347.096672
  343.690391
  340.406160
  336.955497
  333.660171
  330.264985
  326.880895
  323.541187
  320.123811
  316.795198
  313.433299
  310.015923
  306.654023
  303.292124
  299.896939
  296.557231
  293.150950
  289.755765
  286.393865
  282.976489
  279.670067
  276.263786
  272.879697
  269.528893
  266.144803
  262.827285
  259.443195
  256.014724
  252.697206
  249.324212
  245.951217
  242.600413
  239.160846
  235.854424
  232.448144
  229.097340
  225.735441
  222.295874
  218.967261
  215.583171
  212.232367
  208.870468
  205.464187
  202.135574
  198.751484
  195.422871
  192.083163
  188.632501
  185.326078
  181.953084
  178.580089
  175.229285
  171.811909
  168.472201
  165.077016
  161.715117
  158.364313
  154.958032
  151.618324
  148.223138
  144.839048
  141.532626
  138.148536
  134.764446
  131.424738
  128.007362
  124.712035
  121.272468
  117.921664
  114.559765
  111.131294
  107.780490
  104.418591
  101.045596
   97.683697
   94.244130
   90.904422
   87.564714
   84.169528
   80.840915
   77.379158
   74.072735
   70.699741
   67.360032
   63.953752
   60.536376
   57.229953
   53.779291
   50.461774
   47.033302
   43.704689
   40.298408
   36.936509
   33.585706
   30.201616
   26.806430
   23.444531
   20.060441
   16.698542
   13.381024
    9.919267
    6.612845
    3.217659
  359.822672
  356.427685
  353.032698
  349.770658
  346.397663
  343.080145
  339.707151
  336.289775
  332.927876
  329.577072
  326.215173
  322.853274
  319.446993
  316.107284
  312.723195
  309.328009
  305.999396
  302.559829
  299.231216
  295.836031
  292.485227
  289.112233
  285.717047
  282.355148
  278.982154
  275.642445
  272.258355
  268.840979
  265.490176
  262.150467
  258.777473
  255.471050
  251.998197
  248.702871
  245.318781
  241.934691
  238.572792
  235.177606
  231.837898
  228.498189
  225.047527
  221.696723
  218.323729
  214.928544
  211.622121
  208.193650
  204.831751
  201.492042
  198.096857
  194.801530
  191.328677
  188.033350
  184.649260
  181.298457
  177.947653
  174.541372
  171.179473
  167.784288
  164.389102
  161.038299
  157.698590
  154.281214
  150.886029
  147.501939
  144.228803
  140.789236
  137.460623
  134.054342
  130.692443
  127.352735
  123.924263
  120.617841
  117.233751
  113.816375
  110.465571
  107.070386
  103.686296
  100.368778
   96.918116
   93.556217
   90.249795
   86.799133
   83.481615
   80.075334
   76.757817
   73.373727
   69.978541
   66.605547
   63.243648
   59.804081
   56.497659
   53.091378
   49.718383
   46.378675
   42.983490
   39.599400
   36.215310
   32.875601
   29.480416
   26.129612
   22.745522
   19.394719
   16.010629
   12.615443
    9.275735
    5.869454
    2.551937
  359.156950
  355.761963
  352.366976
  349.093840
  345.765227
  342.358946
  339.019238
  335.635148
  332.273248
  328.911349
  325.527259
  322.143169
  318.892224
  315.419371
  312.057472
  308.651191
  305.300387
  301.960679
  298.532208
  295.181404
  291.764028
  288.424319
  285.062420
  281.667235
  278.305336
  274.910150
  271.570442
  268.219638
  264.791167
  261.429268
  258.089559
  254.683279
  251.387952
  247.959480
  244.575390
  241.235682
  237.840497
  234.500788
  231.039031
  227.721513
  224.348518
  220.964429
  217.635816
  214.196249
  210.878731
  207.483546
  204.143837
  200.781938
  197.375658
  194.013758
  190.674050
  187.245579
  183.983538
  180.521780
  177.159881
  173.797982
  170.380606
  167.051993
  163.667903
  160.306004
  156.921914
  153.515633
  150.187020
  146.780739
  143.441031
  140.101323
  136.695042
  133.344238
  129.982339
  126.553868
  123.258541
  119.830069
  116.468170
  113.095176
  109.699990
  106.349186
  102.987287
   99.603197
   96.241298
   92.846113
   89.484214
   86.111219
   82.727129
   79.387421
   76.003331
   72.641432
   69.279533
   65.851061
   62.555734
   59.105072
   55.798650
   52.414560
   48.986088
   45.635285
   42.262290
   38.900391
   35.516301
   32.143307
   28.781407
   25.430604
   21.991037
   18.662424
   15.322715
   11.905339
    8.565631
    5.170446
    1.797451
  358.432052
  355.066652
  351.701253
  348.383736
  345.010741
  341.659937
  338.275847
  334.925043
  331.585335
  328.179054
  324.850441
  321.444161
  318.115548
  314.709267
  311.347368
  307.963278
  304.601379
  301.250575
  297.877580
  294.471300
  291.109401
  287.736406
  284.330125
  280.979322
  277.561946
  274.244428
  270.904719
  267.476248
  264.114349
  260.763545
  257.368360
  254.017556
  250.677848
  247.238281
  243.931859
  240.547769
  237.163679
  233.790684
  230.406594
  227.066886
  223.660605
  220.298706
  216.947902
  213.541622
  210.179722
  206.828919
  203.433733
  200.082929
  196.721030
  193.314750
  190.008327
  186.602047
  183.251243
  179.856058
  176.471968
  173.076782
  169.725979
  166.364079
  163.024371
  159.606995
  156.222905
  152.872101
  149.465821
  146.170494
  142.753118
  139.413409
  136.040415
  132.634134
  129.305521
  125.899240
  122.559532
  119.175442
  115.802447
  112.440548
  109.045363
  105.650178
  102.321565
   98.926379
   95.542289
   92.169295
   88.785205
   85.489878
   82.050311
   78.721698
   75.337608
   71.964614
   68.602715
   65.218625
   61.856726
   58.439350
   55.077450
   51.737742
   48.331461
   44.969562
   41.596568
   38.212478
   34.861674
   31.466489
   28.093494
   24.753786
   21.347505
   18.007797
   14.590420
   11.272903
    7.888813
    4.493628
    1.165015
  357.698007
  354.230999
  351.046626
  347.729108
  344.378304
  341.027501
  337.643411
  334.292607
  330.897422
  327.535523
  324.173623
  320.756247
  317.483111
  314.021354
  310.692741
  307.308651
  303.924561
  300.573757
  297.167476
  293.827768
  290.432583
  287.059588
  283.686594
  280.313599
  276.907318
  273.611991
  270.183520
  266.821621
  263.481912
  260.108918
  256.747019
  253.340738
  250.012125
  246.605844
  243.243945
  239.904237
  236.497956
  233.102771
  229.774158
  226.378972
  223.039264
  219.610793
  216.237798
  212.886994
  209.502904
  206.196482
  202.756915
  199.383921
  196.055308
  192.649027
  189.342605
  185.903038
  182.596616
  179.179240
  175.795150
  172.455441
  169.071351
  165.687261
  162.347553
  158.952368
  155.546087
  152.217474
  148.866670
  145.493676
  142.065204
  138.714401
  135.363597
  131.968411
  128.650894
  125.222422
  121.860523
  118.543006
  115.114534
  111.741540
  108.357450
  104.951169
  101.611461
   98.216275
   94.909853
   91.547954
   88.097292
   84.746488
   81.384589
   77.967213
   74.649695
   71.265605
   67.914801
   64.552902
   61.124431
   57.740341
   54.400632
   51.005447
   47.665739
   44.248363
   40.897559
   37.502374
   34.084997
   30.778575
   27.383390
   24.032586
   20.659592
   17.297692
   13.913602
   10.518417
    7.123232
    3.805714
    0.443815
  357.037832
  353.631849
  350.336522
  347.007909
  343.601628
  340.295206
  336.911116
  333.515931
  330.176222
  326.836514
  323.419138
  320.079429
  316.717530
  313.322345
  310.004827
  306.609642
  303.247743
  299.863653
  296.401895
  293.106568
  289.700288
  286.349484
  282.998680
  279.592399
  276.252691
  272.890792
  269.473416
  266.122612
  262.749618
  259.409909
  256.048010
  252.608443
  249.290925
  245.906836
  242.556032
  239.205228
  235.765661
  232.403762
  229.030767
  225.657773
  222.295874
  218.922879
  215.516599
  212.221272
  208.792800
  205.430901
  202.057907
  198.673817
  195.389585
  191.950018
  188.643596
  185.237315
  181.831035
  178.502422
  175.118332
  171.745337
  168.361247
  164.988253
  161.615258
  158.242264
  154.858174
  151.529561
  148.101089
  144.805762
  141.410577
  138.026487
  134.664588
  131.258307
  127.996267
  124.523414
  121.150419
  117.788520
  114.426621
  111.053626
  107.625155
  104.307637
  100.868070
   97.517267
   94.177558
   90.804564
   87.398283
   84.047479
   80.663389
   77.312585
   73.950686
   70.577692
   67.226888
   63.809512
   60.458708
   57.052427
   53.701624
   50.273152
   46.911253
   43.516068
   40.165264
   36.814460
   33.430370
   30.079566
   26.684381
   23.289196
   19.938392
   16.565398
   13.203498
    9.819408
    6.446414
    3.062324
  359.682131
  356.301938
  352.921745
  349.626418
  346.297805
  342.913715
  339.574006
  336.178821
  332.794731
  329.499404
  326.059837
  322.742320
  319.358230
  316.018521
  312.612241
  309.217055
  305.899538
  302.471066
  299.175739
  295.780554
  292.396464
  289.034565
  285.639380
  282.255290
  278.893391
  275.509301
  272.180688
  268.763312
  265.401413
  262.039513
  258.666519
  255.349001
  251.931625
  248.580821
  245.207827
  241.801546
  238.517315
  235.055557
  231.749135
  228.331759
  224.969860
  221.596865
  218.190584
  214.839781
  211.455691
  208.115982
  204.742988
  201.381089
  197.985903
  194.646195
  191.262105
  187.911301
  184.516116
  181.165312
  177.792318
  174.386037
  171.068519
  167.628952
  164.300339
  160.882963
  157.543255
  154.192451
  150.775075
  147.457557
  144.040181
  140.656091
  137.349669
  133.943388
  130.603680
  127.230686
  123.835500
  120.451410
  117.111702
  113.727612
  110.365713
  106.915051
  103.575342
  100.213443
   96.796067
   93.467454
   90.072269
   86.732560
   83.348470
   79.964380
   76.613577
   73.218391
   69.867588
   66.527879
   63.121599
   59.704222
   56.375609
   52.969329
   49.651811
   46.201149
   42.883631
   39.466255
   36.104356
   32.775743
   29.325081
   26.040849
   22.645664
   19.261574
   15.877484
   12.504490
    9.164781
    5.769596
    2.396601
  359.001614
  355.606628
  352.211642
  348.960695
  345.598796
  342.259088
  338.874998
  335.524194
  332.140104
  328.711632
  325.449592
  322.010025
  318.670316
  315.308417
  311.913232
  308.562428
  305.156148
  301.860821
  298.421254
  295.070450
  291.664169
  288.280079
  284.929276
  281.556281
  278.161096
  274.821387
  271.426202
  268.064303
  264.702404
  261.340505
  258.000796
  254.527943
  251.221521
  247.892908
  244.486627
  241.146919
  237.696257
  234.389834
  230.972458
  227.643845
  224.226469
  220.820189
  217.513766
  214.140772
  210.767777
  207.383687
  204.021788
  200.648794
  197.264704
  193.947186
  190.540905
  187.179006
  183.794916
  180.444113
  177.048927
  173.687028
  170.302938
  166.974325
  163.545854
  160.228336
  156.810960
  153.449061
  150.131543
  146.669786
  143.352268
  139.957083
  136.617374
  133.233284
  129.827004
  126.487295
  123.092110
  119.741306
  116.357216
  112.973126
  109.577941
  106.249328
  102.843047
   99.481148
   96.108154
   92.746255
   89.351069
   85.978075
   82.649462
   79.254276
   75.892377
   72.541573
   69.124197
   65.762298
   62.422590
   59.049595
   55.654410
   52.259225
   48.919516
   45.513236
   42.129146
   38.800533
   35.383157
   32.021257
   28.648263
   25.230887
   21.913369
   18.518184
   15.145189
   11.761099
    8.399200
    5.070587
    1.653211
  358.287812
  354.922412
  351.557013
  348.239496
  344.855406
  341.493507
  338.175989
  334.791899
  331.430000
  328.090291
  324.684011
  321.311016
  317.971308
  314.598313
  311.203128
  307.885610
  304.490425
  301.084144
  297.744436
  294.327060
  291.020638
  287.581071
  284.263553
  280.846177
  277.484278
  274.166760
  270.705003
  267.398580
  263.992300
  260.663687
  257.301788
  253.895507
  250.533608
  247.171709
  243.843095
  240.447910
  237.052725
  233.668635
  230.306736
  226.922646
  223.571842
  220.165561
  216.781472
  213.452858
  210.024387
  206.684679
  203.311684
  199.949785
  196.587886
  193.181605
  189.864087
  186.479998
  183.118098
  179.756199
  176.327728
  172.976924
  169.615025
  166.219840
  162.880131
  159.484946
  156.078665
  152.738957
  149.365962
  146.026254
  142.619973
  139.258074
  135.873984
  132.512085
  129.172376
  125.755000
  122.415292
  119.020107
  115.658208
  112.307404
  108.878932
  105.517033
  102.088562
   98.771044
   95.409145
   91.991769
   88.674251
   85.267971
   81.883881
   78.555268
   75.148987
   71.809279
   68.425189
   65.041099
   61.690295
   58.306205
   54.911020
   51.549121
   48.198317
   44.825322
   41.396851
   38.090428
   34.639766
   31.300058
   27.949254
   24.542973
   21.214360
   17.819175
   14.468371
   11.073186
    7.700191
    4.349388
    0.965298
  357.492743
  354.020187
  350.791432
  347.518296
  344.145302
  340.794498
  337.421503
  334.015223
  330.697705
  327.335806
  323.918430
  320.589817
  317.161345
  313.810541
  310.459738
  307.108934
  303.680462
  300.307468
  296.967760
  293.594765
  290.232866
  286.848776
  283.442495
  280.080596
  276.729792
  273.301321
  270.017089
  266.610809
  263.215623
  259.887010
  256.480730
  253.141021
  249.768027
  246.395032
  243.022038
  239.649043
  236.320430
  232.869768
  229.552250
  226.179256
  222.750784
  219.433267
  216.038081
  212.609610
  209.292092
  205.941288
  202.546103
  199.239681
  195.789019
  192.471501
  189.087411
  185.725512
  182.407994
  178.957332
  175.639814
  172.189152
  168.838348
  165.520831
  162.114550
  158.763746
  155.335275
  151.973376
  148.622572
  145.293959
  141.898774
  138.525779
  135.119498
  131.835267
  128.395700
  125.044896
  121.682997
  118.287812
  114.948103
  111.519632
  108.179924
  104.751452
  101.411744
   98.038749
   94.621373
   91.337142
   87.897575
   84.546771
   81.173777
   77.822973
   74.472169
   71.076984
   67.703989
   64.330995
   60.969095
   57.596101
   54.234202
   50.861207
   47.454926
   44.070837
   40.720033
   37.313752
   33.974044
   30.578858
   27.216959
   23.866155
   20.437684
   17.097976
   13.769363
   10.340891
    7.045564
    3.594902
    0.266289
  356.843663
  353.421037
  350.158996
  346.797097
  343.490674
  340.084394
  336.744685
  333.349500
  329.976505
  326.658988
  323.263802
  319.890808
  316.551100
  313.167010
  309.760729
  306.432116
  303.036931
  299.697222
  296.335323
  292.973424
  289.578239
  286.171958
  282.843345
  279.470350
  276.108451
  272.679980
  269.329176
  265.945086
  262.616473
  259.243478
  255.826102
  252.519680
  249.102304
  245.795882
  242.400697
  239.016607
  235.665803
  232.237331
  228.908718
  225.524628
  222.129443
  218.756449
  215.405645
  212.032650
  208.626370
  205.319947
  201.924762
  198.562863
  195.189868
  191.850160
  188.432784
  185.093075
  181.742272
  178.335991
  174.974092
  171.556716
  168.239198
  164.832917
  161.471018
  158.109119
  154.702838
  151.385321
  147.990135
  144.650427
  141.233051
  137.882247
  134.531443
  131.136258
  127.785454
  124.412460
  121.028370
  117.644280
  114.282381
  110.909386
  107.536392
  104.096825
  100.768212
   97.384122
   94.000032
   90.704705
   87.254043
   83.914335
   80.508054
   77.168346
   73.839732
   70.400166
   67.115934
   63.687463
   60.303373
   56.941474
   53.557384
   50.184389
   46.844681
   43.438400
   40.065406
   36.714602
   33.275035
   29.968613
   26.562332
   23.200433
   19.805248
   16.465539
   13.103640
    9.708455
    6.390937
    2.984656
  359.578574
  356.172491
  352.766409
  349.537655
  346.164660
  342.813856
  339.463053
  336.045677
  332.694873
  329.344069
  325.959979
  322.586985
  319.247276
  315.852091
  312.501287
  309.083911
  305.755298
  302.349017
  298.976023
  295.636314
  292.207843
  288.868134
  285.450758
  282.077764
  278.760246
  275.342870
  271.992066
  268.574690
  265.234982
  261.873083
  258.477897
  255.093808
  251.765195
  248.381105
  245.019205
  241.646211
  238.239930
  234.900222
  231.493941
  228.143137
  224.736857
  221.374958
  218.024154
  214.606778
  211.244879
  207.905170
  204.565462
  201.159181
  197.786186
  194.424287
  191.040197
  187.722680
  184.294208
  181.009977
  177.592601
  174.164129
  170.835516
  167.429236
  164.100623
  160.683247
  157.310252
  153.981639
  150.597549
  147.235650
  143.873751
  140.467470
  137.105571
  133.732576
  130.370677
  127.075350
  123.624688
  120.273884
  116.889794
  113.494609
  110.154901
  106.726429
  103.397816
  100.013726
   96.629636
   93.267737
   89.894743
   86.543939
   83.182040
   79.786854
   76.424955
   73.063056
   69.690062
   66.339258
   62.944072
   59.559983
   56.209179
   52.758517
   49.485380
   46.056909
   42.695010
   39.299825
   35.915735
   32.587122
   29.158650
   25.818942
   22.445947
   19.095143
   15.699958
   12.338059
    9.009446
    5.580975
    2.207980
  358.838882
  355.469785
  352.100687
  348.805360
  345.421270
  342.092657
  338.719662
  335.346668
  331.984769
  328.600679
  325.283161
  321.887976
  318.548267
  315.164177
  311.780088
  308.495856
  305.023003
  301.738772
  298.310300
  294.959496
  291.575406
  288.146935
  284.862703
  281.445327
  278.116714
  274.721529
  271.315248
  267.975540
  264.569259
  261.229551
  257.856556
  254.505753
  251.154949
  247.770859
  244.364578
  241.024870
  237.618589
  234.267785
  230.872600
  227.488510
  224.137706
  220.709235
  217.391717
  214.018723
  210.601347
  207.328211
  203.866453
  200.548935
  197.153750
  193.780755
  190.474333
  187.034766
  183.728344
  180.344254
  176.960164
  173.576074
  170.203080
  166.830085
  163.457091
  160.050810
  156.722197
  153.338107
  149.942922
  146.614309
  143.208028
  139.890510
  136.495325
  133.122331
  129.782622
  126.365246
  123.036633
  119.619257
  116.279549
  112.906554
  109.478083
  106.160565
  102.754284
   99.436767
   96.052677
   92.646396
   89.284497
   85.911502
   82.516317
   79.154418
   75.814710
   72.430620
   69.068720
   65.662440
   62.311636
   58.938641
   55.565647
   52.203748
   48.764181
   45.435568
   42.051478
   38.667388
   35.316584
   31.921399
   28.581691
   25.142124
   21.802415
   18.440516
   15.089712
   11.705623
    8.343723
    4.937443
    1.564448
  358.210144
  354.855840
  351.501536
  348.128542
  344.799929
  341.426934
  338.042844
  334.692041
  331.319046
  327.957147
  324.606343
  321.200062
  317.838163
  314.476264
  311.103270
  307.763561
  304.357280
  301.006477
  297.633482
  294.227201
  290.887493
  287.492308
  284.074932
  280.724128
  277.340038
  273.978139
  270.582954
  267.232150
  263.881346
  260.508351
  257.168643
  253.751267
  250.422654
  247.016373
  243.654474
  240.281480
  236.908485
  233.579872
  230.140305
  226.767311
  223.394316
  219.999131
  216.659422
  213.242046
  209.902338
  206.529343
  203.200730
  199.805545
  196.443646
  193.081747
  189.730943
  186.313567
  182.984954
  179.634150
  176.227869
  172.921447
  169.492976
  166.108886
  162.746987
  159.340706
  156.034284
  152.605812
  149.266104
  145.870919
  142.497924
  139.158216
  135.751935
  132.423322
  129.017041
  125.655142
  122.293243
  118.886962
  115.536158
  112.163164
  108.790169
  105.428270
  102.066371
   98.660090
   95.287096
   91.925197
   88.574393
   85.201398
   81.828404
   78.477600
   75.093510
   71.720516
   68.347521
   64.941240
   61.601532
   58.217442
   54.844447
   51.449262
   48.042981
   44.714368
   41.341374
   37.979475
   34.551003
   31.211295
   27.849396
   24.465306
   21.081216
   17.730412
   14.335227
   11.006614
    7.622524
    4.249529
    0.909821
  357.442813
  353.975805
  350.769242
  347.418438
  344.100920
  340.694639
  337.388217
  333.959746
  330.642228
  327.258138
  323.862953
  320.556531
  317.139155
  313.777255
  310.404261
  307.031266
  303.658272
  300.263086
  296.912283
  293.528193
  290.155198
  286.804394
  283.398114
  280.047310
  276.696506
  273.301321
  269.950517
  266.577523
  263.182337
  259.853724
  256.480730
  253.118830
  249.745836
  246.339555
  243.033133
  239.604662
  236.287144
  232.858672
  229.496773
  226.145970
  222.739689
  219.433267
  216.015891
  212.620705
  209.303188
  205.930193
  202.557198
  199.228585
  195.822305
  192.482596
  189.120697
  185.714417
  182.374708
  178.979523
  175.595433
  172.255725
  168.849444
  165.498640
  162.103455
  158.741556
  155.412943
  151.973376
  148.633667
  145.249577
  141.854392
  138.536874
  135.152785
  131.779790
  128.428986
  125.055992
  121.660806
  118.321098
  114.903722
  111.552918
  108.157733
  104.784738
  101.411744
   98.016558
   94.676850
   91.270569
   87.953052
   84.602248
   81.195967
   77.822973
   74.449978
   71.065888
   67.726180
   64.353185
   60.946905
   57.573910
   54.212011
   50.861207
   47.454926
   44.070837
   40.697842
   37.280466
   33.951853
   30.556668
   27.194768
   23.832869
   20.404398
   17.109071
   13.736076
   10.351987
    6.978992
    3.583807
    0.255194
  356.827020
  353.398846
  350.147900
  346.763811
  343.457388
  340.084394
  336.689208
  333.338405
  329.976505
  326.636797
  323.252707
  319.868617
  316.517813
  313.111533
  309.727443
  306.387734
  302.970358
  299.608459
  296.257655
  292.862470
  289.500571
  286.116481
  282.743486
  279.381587
  275.997497
  272.646694
  269.240413
  265.867418
  262.505519
  259.154715
  255.781721
  252.419822
  248.991350
  245.662737
  242.300838
  238.883462
  235.565944
  232.148568
  228.797765
  225.413675
  222.007394
  218.700972
  215.228119
  211.921696
  208.526511
  205.208994
  201.824904
  198.429718
  195.101105
  191.694825
  188.366212
  184.948836
  181.564746
  178.191751
  174.829852
  171.456857
  168.106054
  164.721964
  161.348969
  157.987070
  154.591885
  151.263272
  147.834800
  144.495092
  141.133193
  137.726912
  134.431585
  130.980923
  127.674501
  124.268220
  120.873035
  117.533326
  114.127046
  110.776242
  107.403247
  104.019157
  100.612877
   97.273168
   93.889078
   90.560465
   87.143089
   83.792285
   80.430386
   77.013010
   73.706588
   70.300307
   66.938408
   63.565414
   60.170228
   56.797234
   53.424239
   50.062340
   46.700441
   43.260874
   39.943356
   36.570362
   33.186272
   29.824373
   26.418092
   23.100574
   19.661008
   16.343490
   12.937209
    9.575310
    6.224506
    2.862607
  359.475017
  356.087427
  352.699838
  349.437796
  346.064802
  342.669616
  339.329908
  335.945818
  332.583919
  329.233115
  325.860121
  322.498221
  319.103036
  315.785519
  312.390333
  309.006243
  305.677630
  302.271350
  298.898355
  295.514265
  292.107984
  288.801562
  285.406377
  282.033382
  278.682579
  275.287393
  271.936590
  268.541404
  265.157314
  261.839797
  258.477897
  255.093808
  251.731908
  248.347818
  244.985919
  241.646211
  238.228835
  234.911317
  231.505037
  228.143137
  224.770143
  221.330576
  218.046344
  214.606778
  211.300355
  207.882979
  204.543271
  201.181372
  197.797282
  194.457573
  191.084579
  187.711584
  184.349685
  180.965595
  177.537124
  174.219606
  170.857707
  167.473617
  164.089527
  160.694342
  157.376824
  153.981639
  150.608644
  147.268936
  143.873751
  140.500756
  137.116666
  133.754767
  130.403963
  127.019873
  123.680165
  120.262789
  116.878699
  113.505704
  110.132710
  106.759715
  103.386721
  100.013726
   96.618541
   93.289928
   89.872552
   86.532844
   83.148754
   79.775759
   76.469337
   73.051961
   69.690062
   66.328162
   62.910786
   59.559983
   56.175893
   52.769612
   49.452094
   46.045814
   42.672819
   39.288729
   35.915735
   32.520549
   29.203032
   25.796751
   22.490329
   19.050762
   15.711054
   12.371345
    8.942874
    5.603165
    2.207980
  358.827787
  355.447594
  352.067401
  348.772074
  345.432365
  342.059371
  338.686376
  335.335572
  331.984769
  328.600679
  325.227684
  321.843594
  318.514981
  315.119796
  311.768992
  308.373807
  305.000812
  301.638913
  298.243728
  294.904019
  291.486643
  288.124744
  284.762845
  281.367660
  278.016856
  274.599480
  271.281962
  267.931158
  264.524878
  261.151883
  257.778889
  254.394799
  251.077281
  247.704287
  244.309101
  240.958298
  237.563112
  234.179022
  230.839314
  227.421938
  224.104420
  220.653758
  217.325145
  213.963246
  210.579156
  207.217257
  203.810976
  200.482363
  197.109368
  193.703088
  190.374475
  186.979289
  183.617390
  180.277682
  176.871401
  173.498407
  170.136508
  166.719131
  163.379423
  159.984238
  156.600148
  153.282630
  149.854159
  146.536641
  143.119265
  139.712984
  136.406562
  132.989186
  129.704955
  126.287579
  122.914584
  119.508303
  116.146404
  112.762314
  109.422606
  106.016325
  102.676617
   99.303622
   95.897342
   92.535442
   89.173543
   85.778358
   82.460840
   79.043464
   75.681565
   72.308570
   68.902290
   65.573677
   62.167396
   58.860974
   55.443598
   52.070603
   48.708704
   45.302423
   41.940524
   38.545339
   35.205631
   31.810445
   28.437451
   25.053361
   21.713652
   18.340658
   14.956568
   11.627955
    8.210579
    4.848680
    1.497876
  358.014225
  354.530574
  351.379487
  348.073065
  344.711166
  341.327076
  338.009558
  334.569991
  331.241378
  327.868384
  324.473199
  321.144586
  317.760496
  314.409692
  311.003411
  307.652607
  304.290708
  300.895523
  297.511433
  294.160629
  290.754349
  287.381354
  284.052741
  280.624270
  277.262370
  273.911567
  270.494191
  267.165577
  263.781488
  260.452875
  257.057689
  253.684695
  250.356082
  246.949801
  243.598997
  240.181621
  236.864104
  233.435632
  230.118114
  226.700738
  223.338839
  219.988035
  216.537373
  213.230951
  209.835766
  206.496057
  203.178540
  199.705687
  196.410360
  192.992984
  189.653275
  186.269185
  182.885095
  179.556482
  176.128011
  172.777207
  169.448594
  166.042314
  162.658224
  159.296324
  155.912235
  152.517049
  149.155150
  145.759965
  142.431352
  139.058357
  135.707553
  132.323463
  128.917183
  125.577474
  122.171194
  118.787104
  115.436300
  112.052210
  108.690311
  105.295126
  101.933226
   98.549137
   95.176142
   91.792052
   88.452344
   85.079349
   81.684164
   78.366646
   74.927079
   71.620657
   68.225472
   64.852477
   61.512769
   58.106488
   54.744589
   51.338308
   47.943123
   44.625605
   41.208229
   37.868521
   34.451145
   31.078150
   27.738442
   24.376543
   21.003548
   17.619458
   14.235368
   10.895660
    7.500475
    4.160766
    0.754486
  357.337407
  353.920329
  350.713765
  347.351865
  344.045443
  340.616972
  337.277263
  333.904269
  330.486893
  327.191566
  323.774190
  320.434481
  317.061487
  313.655206
  310.337689
  306.909217
  303.569509
  300.196514
  296.779138
  293.428334
  290.055340
  286.649059
  283.320446
  279.891975
  276.585552
  273.179272
  269.839563
  266.444378
  263.093574
  259.698389
  256.347585
  252.952400
  249.601596
  246.206411
  242.866702
  239.493708
  236.098523
  232.736623
  229.363629
  225.946253
  222.617640
  219.178073
  215.860555
  212.465370
  209.114566
  205.741572
  202.335291
  198.984487
  195.644779
  192.271784
  188.898790
  185.536891
  182.130610
  178.768711
  175.417907
  172.000531
  168.660822
  165.232351
  161.903738
  158.519648
  155.135558
  151.829136
  148.378474
  145.060956
  141.676866
  138.292776
  134.975259
  131.546787
  128.229269
  124.845180
  121.427803
  118.088095
  114.670719
  111.353201
  107.946921
  104.596117
  101.223122
   97.805746
   94.443847
   91.104139
   87.720049
   84.380340
   80.962964
   77.623256
   74.294643
   70.921648
   67.504272
   64.175659
   60.724997
   57.418575
   54.034485
   50.661490
   47.299591
   43.893311
   40.520316
   37.147321
   33.763232
   30.423523
   27.039433
   23.688629
   20.271253
   16.942640
   13.558550
   10.207747
    6.790371
    3.472853
    0.088763
  356.704971
  353.321178
  350.014756
  346.686143
  343.346434
  339.940154
  336.611541
  333.205260
  329.843361
  326.470366
  323.130658
  319.746568
  316.373574
  313.000579
  309.627584
  306.243495
  302.848309
  299.530792
  296.113416
  292.718230
  289.378522
  285.950050
  282.632533
  279.237347
  275.842162
  272.535740
  269.073982
  265.767560
  262.361279
  259.032666
  255.648576
  252.242296
  248.946969
  245.518497
  242.145503
  238.761413
  235.399514
  232.037615
  228.620239
  225.313816
  221.874249
  218.512350
  215.183737
  211.766361
  208.437748
  205.031468
  201.691759
  198.329860
  194.967961
  191.617157
  188.244162
  184.826786
  181.475983
  178.125179
  174.696707
  171.368094
  167.984004
  164.599915
  161.238015
  157.820639
  154.503122
  151.074650
  147.712751
  144.373043
  140.955667
  137.627054
  134.231868
  130.869969
  127.541356
  124.101789
  120.762081
  117.389086
  114.004996
  110.654193
  107.259007
  103.886013
  100.524114
   97.162214
   93.755934
   90.416225
   87.021040
   83.681332
   80.308337
   76.946438
   73.562348
   70.156067
   66.805264
   63.454460
   60.070370
   56.763948
   53.302190
   49.940291
   46.556201
   43.172111
   39.832403
   36.403931
   33.064223
   29.657942
   26.329329
   22.956335
   19.605531
   16.221441
   12.870637
    9.464356
    6.113553
    2.751653
  359.371460
  355.991267
  352.611074
  349.349033
  345.987134
  342.603044
  339.274431
  335.879246
  332.528442
  329.166543
  325.760262
  322.442745
  319.036464
  315.685660
  312.279379
  308.873099
  305.566677
  302.149300
  298.820687
  295.447693
  292.041412
  288.668418
  285.239946
  281.944619
  278.560529
  275.165344
  271.825636
  268.374974
  265.013074
  261.695557
  258.311467
  254.882995
  251.565478
  248.192483
  244.819489
  241.446494
  238.029118
  234.689410
  231.283129
  227.932325
  224.570426
  221.119764
  217.835532
  214.407061
  211.078448
  207.672167
  204.310268
  201.037132
  197.564279
  194.246761
  190.862671
  187.456391
  184.127778
  180.754783
  177.426170
  174.030985
  170.635800
  167.262805
  163.878715
  160.516816
  157.143821
  153.759731
  150.386737
  147.013742
  143.618557
  140.278849
  136.905854
  133.521764
  130.182056
  126.786870
  123.413876
  120.040881
  116.678982
  113.317083
  109.877516
  106.593285
  103.164813
   99.780723
   96.429920
   93.045830
   89.695026
   86.255459
   82.937941
   79.542756
   76.169762
   72.818958
   69.479249
   66.050778
   62.711070
   59.338075
   55.953985
   52.558800
   49.207996
   45.812811
   42.417625
   39.100108
   35.716018
   32.343023
   28.958933
   25.630320
   22.190754
   18.873236
   15.444764
   12.105056
    8.743157
    5.336876
    2.008263
  358.635467
  355.262671
  351.889875
  348.561262
  345.232649
  341.826368
  338.519946
  335.102570
  331.740670
  328.423153
  324.994681
  321.666068
  318.281978
  314.920079
  311.558180
  308.107518
  304.801096
  301.372624
  298.055106
  294.715398
  291.264736
  287.902837
  284.507651
  281.167943
  277.761662
  274.399763
  271.037864
  267.664869
  264.291875
  260.918880
  257.556981
  254.183987
  250.833183
  247.437998
  244.065003
  240.692008
  237.307919
  233.968210
  230.550834
  227.188935
  223.827036
  220.420755
  217.092142
  213.696957
  210.335058
  206.950968
  203.522496
  200.249360
  196.865270
  193.481180
  190.141472
  186.757382
  183.384387
  180.000298
  176.649494
  173.276499
  169.881314
  166.497224
  163.135325
  159.784521
  156.389336
  153.005246
  149.632251
  146.292543
  142.908453
  139.535458
  136.184655
  132.800565
  129.405379
  126.010194
  122.681581
  119.319682
  115.924497
  112.562597
  109.145221
  105.805513
  102.443614
   99.026238
   95.697625
   92.224772
   88.929445
   85.567546
   82.161265
   78.854843
   75.426371
   72.108854
   68.746955
   65.340674
   61.945489
   58.583589
   55.199499
   51.837600
   48.431320
   45.058325
   41.707521
   38.279050
   34.928246
   31.544156
   28.193352
   24.853644
   21.414077
   18.096560
   14.712470
   11.339475
    7.966481
    4.560200
    1.220491
  357.753484
  354.286476
  351.179770
  347.773490
  344.444877
  341.094073
  337.754365
  334.370275
  330.941803
  327.624286
  324.240196
  320.889392
  317.527493
  314.065735
  310.781504
  307.375223
  304.013324
  300.640329
  297.234049
  293.916531
  290.510250
  287.148351
  283.808643
  280.413457
  277.018272
  273.645278
  270.305569
  266.921479
  263.526294
  260.164395
  256.802496
  253.418406
  250.089793
  246.705703
  243.343804
  239.970809
  236.542338
  233.235915
  229.796348
  226.412259
  223.083646
  219.588602
  216.304370
  212.898090
  209.447427
  206.163196
  202.712534
  199.372825
  195.988735
  192.637932
  189.353700
  185.947419
  182.596616
  179.245812
  175.817340
  172.488727
  169.082447
  165.753834
  162.303172
  158.963463
  155.601564
  152.239665
  148.877766
  145.493676
  142.098490
  138.769877
  135.385787
  132.012793
  128.628703
  125.255708
  121.904905
  118.520815
  115.136725
  111.819207
  108.357450
  105.017741
  101.655842
   98.271752
   94.898758
   91.536858
   88.152769
   84.790869
   81.440066
   78.078166
   74.671886
   71.321082
   67.903706
   64.575093
   61.179908
   57.840199
   54.433918
   51.060924
   47.710120
   44.326030
   40.941940
   37.557850
   34.184856
   30.822957
   27.449962
   24.076968
   20.737259
   17.319883
   14.002365
   10.596085
    7.245281
    3.905573
    0.454910
  357.048927
  353.642944
  350.425285
  347.118863
  343.723677
  340.372873
  336.977688
  333.626884
  330.287176
  326.858705
  323.552282
  320.134906
  316.784102
  313.444394
  310.015923
  306.665119
  303.292124
  299.874748
  296.535040
  293.184236
  289.777955
  286.404961
  283.031966
  279.625686
  276.263786
  272.890792
  269.539988
  266.111517
  262.816190
  259.432100
  256.048010
  252.719397
  249.279830
  245.929026
  242.589318
  239.160846
  235.821138
  232.370476
  229.041863
  225.679964
  222.295874
  218.945070
  215.483312
  212.176890
  208.814991
  205.453092
  202.091193
  198.718198
  195.378490
  191.961114
  188.588119
  185.237315
  181.808844
  178.502422
  175.062855
  171.745337
  168.339057
  164.943871
  161.615258
  158.208978
  154.880364
  151.451893
  148.078899
  144.761381
  141.344005
  138.026487
  134.598016
  131.258307
  127.951885
  124.512318
  121.128228
  117.733043
  114.415525
  111.031435
  107.636250
  104.241065
  100.912452
   97.517267
   94.155367
   90.771277
   87.398283
   84.025288
   80.663389
   77.290395
   73.884114
   70.522215
   67.182506
   63.787321
   60.458708
   57.052427
   53.646147
   50.262057
   46.889062
   43.527163
   40.143073
   36.770079
   33.419275
   30.001899
   26.662190
   23.267005
   19.894011
   16.565398
   13.170212
    9.830504
    6.413128
    3.051229
  359.685830
  356.320430
  352.955031
  349.637513
  346.286709
  342.958096
  339.574006
  336.223203
  332.805827
  329.455023
  326.137505
  322.731224
  319.347134
  315.985235
  312.612241
  309.250342
  305.888442
  302.493257
  299.153549
  295.713982
  292.363178
  289.023470
  285.617189
  282.266385
  278.882295
  275.520396
  272.158497
  268.774407
  265.423603
  262.006227
  258.677614
  255.315715
  251.931625
  248.614108
  245.185636
  241.857023
  238.428552
  235.088843
  231.738039
  228.298473
  224.992050
  221.563579
  218.201680
  214.873067
  211.466786
  208.115982
  204.698606
  201.381089
  197.985903
  194.601813
  191.339773
  187.889110
  184.516116
  181.154217
  177.803413
  174.441514
  170.990852
  167.651143
  164.278149
  160.871868
  157.554350
  154.114783
  150.797266
  147.368794
  144.029086
  140.656091
  137.260906
  133.932293
  130.514917
  127.164113
  123.791119
  120.373743
  117.067320
  113.638849
  110.321331
  106.915051
  103.486579
  100.157966
   96.740590
   93.434168
   90.061173
   86.654893
   83.304089
   79.908904
   76.580291
   73.218391
   69.845397
   66.472402
   63.066122
   59.704222
   56.342323
   52.958233
   49.607430
   46.190054
   42.805964
   39.444064
   36.059975
   32.686980
   29.313985
   25.952086
   22.590187
   19.183906
   15.844198
   12.460108
    9.076018
    5.725214
    2.352220
  358.979424
  355.606627
  352.233831
  348.971790
  345.576605
  342.214706
  338.919379
  335.457622
  332.151199
  328.722728
  325.371924
  321.987834
  318.637030
  315.319513
  311.857755
  308.551333
  305.133957
  301.727676
  298.410158
  295.003878
  291.641979
  288.246793
  284.884894
  281.556281
  278.138905
  274.810292
  271.404011
  268.031017
  264.691308
  261.307219
  257.934224
  254.527943
  251.210426
  247.859622
  244.431150
  241.047061
  237.674066
  234.301071
  230.972458
  227.521796
  224.193183
  220.786903
  217.413908
  214.029818
  210.623537
  207.195066
  203.877548
  200.560031
  197.153750
  193.736374
  190.474333
  187.056957
  183.695058
  180.333159
  176.882497
  173.564979
  170.203080
  166.774608
  163.490377
  160.017524
  156.688911
  153.327012
  149.898540
  146.625404
  143.185837
  139.846129
  136.506421
  133.077949
  129.793718
  126.354151
  122.992252
  119.608162
  116.212976
  112.884363
  109.433701
  106.127279
  102.709903
   99.314718
   96.019391
   92.546538
   89.240115
   85.844930
   82.494126
   79.176609
   75.725947
   72.397333
   69.046530
   65.618058
   62.278350
   58.872069
   55.543456
   52.148271
   48.741990
   45.402282
   42.007096
   38.645197
   35.305489
   31.888113
   28.492928
   25.131028
   21.746938
   18.407230
   15.034236
   11.672336
    8.332628
    4.893061
    1.564448
  358.228636
  354.892825
  351.557013
  348.150733
  344.788833
  341.438030
  338.042844
  334.736422
  331.307951
  327.979338
  324.650725
  321.211158
  317.938022
  314.476264
  311.125460
  307.785752
  304.401662
  301.073049
  297.611291
  294.282678
  290.898588
  287.514499
  284.185885
  280.735223
  277.450992
  274.033616
  270.671717
  267.309817
  263.892441
  260.574924
  257.190834
  253.817839
  250.467035
  247.060755
  243.732142
  240.325861
  236.952867
  233.602063
  230.184687
  226.811692
  223.416507
  220.110085
  216.681613
  213.330809
  209.991101
  206.573725
  203.245112
  199.827736
  196.488027
  193.137224
  189.742038
  186.391235
  182.984954
  179.678532
  176.283346
  172.865970
  169.504071
  166.097790
  162.724796
  159.373992
  155.989902
  152.628003
  149.232818
  145.859823
  142.497924
  139.124929
  135.785221
  132.378940
  129.028137
  125.677333
  122.304338
  118.875867
  115.547254
  112.129878
  108.812360
  105.394984
  101.999799
   98.648995
   95.242714
   91.914101
   88.541107
   85.145921
   81.795118
   78.399932
   75.060224
   71.676134
   68.303139
   64.985622
   61.568246
   58.206347
   54.788971
   51.449262
   48.098458
   44.669987
   41.330279
   37.946189
   34.517717
   31.200200
   27.793919
   24.465306
   21.025739
   17.697126
   14.368513
   10.951137
    7.611428
    4.205148
    0.843249
  357.409527
  353.975805
  350.802528
  347.418438
  344.089825
  340.739021
  337.332740
  333.948650
  330.586751
  327.235947
  323.885144
  320.512149
  317.116964
  313.766160
  310.404261
  307.020171
  303.669367
  300.251991
  296.934473
  293.517097
  290.144103
  286.804394
  283.375923
  280.047310
  276.641029
  273.245844
  269.928326
  266.499855
  263.182337
  259.820438
  256.425253
  253.041163
  249.668168
  246.339555
  242.922179
  239.560280
  236.231667
  232.781005
  229.463487
  226.079397
  222.695307
  219.311217
  215.882746
  212.565228
  209.181138
  205.863621
  202.490626
  199.051059
  195.744637
  192.338356
  189.020839
  185.647844
  182.208277
  178.879664
  175.473384
  172.111485
  168.749585
  165.310019
  161.981406
  158.608411
  155.268703
  151.851327
  148.489427
  145.138624
  141.732343
  138.381539
  134.986354
  131.646645
  128.240365
  124.889561
  121.505471
  118.132477
  114.737291
  111.408678
  108.013493
  104.640498
  101.267504
   97.850128
   94.477133
   91.115234
   87.720049
   84.402531
   80.996250
   77.656542
   74.339024
   70.877267
   67.559749
   64.164564
   60.813760
   57.474052
   54.023390
   50.683681
   47.310687
   43.882215
   40.575793
   37.125131
   33.807613
   30.401332
   27.017242
   23.666439
   20.282349
   16.953736
   13.602932
   10.196651
    6.845847
    3.461758
    0.099858
  356.727161
  353.354464
  350.081328
  346.719429
  343.379721
  340.028917
  336.655922
  333.271832
  329.909933
  326.581320
  323.219421
  319.835331
  316.462337
  313.100437
  309.694157
  306.354448
  302.992549
  299.597364
  296.257655
  292.840279
  289.478380
  286.105386
  282.743486
  279.392683
  275.986402
  272.624503
  269.218222
  265.845228
  262.549901
  259.132525
  255.792816
  252.353249
  249.002446
  245.662737
  242.223170
  238.916748
  235.510468
  232.104187
  228.786669
  225.358198
  222.029585
  218.578923
  215.172642
  211.799647
  208.448844
  205.175707
  201.625187
  198.352051
  194.945770
  191.561680
  188.266353
  184.882263
  181.531459
  178.136274
  174.796566
  171.356999
  167.995100
  164.633201
  161.271301
  157.831735
  154.569694
  151.107936
  147.812609
  144.439615
  141.033334
  137.693626
  134.287345
  130.969828
  127.574642
  124.190552
  120.806462
  117.455659
  114.071569
  110.698574
  107.314484
  103.963680
  100.568495
   97.217691
   93.811411
   90.449512
   87.087612
   83.692427
   80.397100
   76.946438
   73.595634
   70.255926
   66.882931
   63.509937
   60.125847
   56.708471
   53.368762
   50.017959
   46.622773
   43.238683
   39.821307
   36.492694
   33.141890
   29.724514
   26.362615
   22.989621
   19.605531
   16.265822
   12.892828
    9.530929
    6.124648
    2.784940
  359.412144
  356.039347
  352.666551
  349.337938
  346.031516
  342.658521
  339.263336
  335.890341
  332.528442
  329.166543
  325.804644
  322.409458
  319.069750
  315.663469
  312.323761
  308.961862
  305.566677
  302.215873
  298.787401
  295.492074
  292.063603
  288.657322
  285.317614
  281.889142
  278.571625
  275.154249
  271.814540
  268.441546
  265.068551
  261.717747
  258.311467
  254.938472
  251.565478
  248.203579
  244.852775
  241.435399
  238.073500
  234.722696
  231.305320
  227.954516
  224.548235
  221.141955
  217.802246
  214.395966
  210.989685
  207.605595
  204.265887
  200.970560
  197.564279
  194.202380
  190.829385
  187.456391
  184.094492
  180.732592
  177.348502
  174.008794
  170.591418
  167.218423
  163.845429
  160.483530
  157.099440
  153.715350
  150.364546
  146.980456
  143.596366
  140.323230
  136.872568
  133.499573
  130.137674
  126.742489
  123.413876
  120.007595
  116.690078
  113.317083
  109.910802
  106.559999
  103.153718
   99.791819
   96.441015
   93.012544
   89.717217
   86.299841
   82.971228
   79.598233
   76.214143
   72.885530
   69.490345
   66.161732
   62.744356
   59.360266
   56.020557
   52.569895
   49.285664
   45.857192
   42.473102
   39.199966
   35.716018
   32.409596
   29.014410
   25.641416
   22.268421
   18.884331
   15.566814
   12.182724
    8.820825
    5.425639
    2.052645
  358.702039
  355.351434
  352.000828
  348.672215
  345.277030
  342.003894
  338.608709
  335.246809
  331.851624
  328.478630
  325.138921
  321.743736
  318.426218
  315.019938
  311.602561
  308.296139
  304.878763
  301.550150
  298.154965
  294.748684
  291.408976
  287.991600
  284.629701
  281.289992
  277.872616
  274.499622
  271.159913
  267.820205
  264.402829
  261.040930
  257.701221
  254.306036
  250.966327
  247.571142
  244.198148
  240.847344
  237.463254
  234.123545
  230.695074
  227.310984
  223.960180
  220.576090
  217.225287
  213.807911
  210.490393
  207.128494
  203.711118
  200.382505
  196.998415
  193.614325
  190.274616
  186.923813
  183.528627
  180.155633
  176.738257
  173.420739
  170.025554
  166.619273
  163.279565
  159.884379
  156.533576
  153.127295
  149.765396
  146.403497
  143.019407
  139.679698
  136.306704
  132.911518
  129.538524
  126.143339
  122.825821
  119.441731
  116.057641
  112.684647
  109.267271
  105.971944
  102.532377
   99.170478
   95.830769
   92.391202
   89.106971
   85.678499
   82.316600
   78.954701
   75.603897
   72.219807
   68.824622
   65.462723
   62.111919
   58.716734
   55.377026
   51.937459
   48.664323
   45.258042
   41.862857
   38.467671
   35.105772
   31.743873
   28.359783
   25.008979
   21.635985
   18.218609
   14.923282
   11.505906
    8.121816
    4.826489
    1.375827
  357.914367
  354.452907
  351.346201
  348.017588
  344.622403
  341.304885
  337.898604
  334.558896
  331.219188
  327.757430
  324.439912
  321.055823
  317.693923
  314.354215
  310.970125
  307.608226
  304.213041
  300.873332
  297.467051
  294.027485
  290.754349
  287.325877
  283.963978
  280.646460
  277.162512
  273.878280
  270.460904
  267.099005
  263.714915
  260.353016
  257.035498
  253.651409
  250.278414
  246.938706
  243.510234
  240.181621
  236.730959
  233.435632
  230.040447
  226.623071
  223.250076
  219.843796
  216.515182
  213.119997
  209.780289
  206.407294
  203.012109
  199.672401
  196.299406
  192.926411
  189.553417
  186.180422
  182.807428
  179.445529
  176.061439
  172.655158
  169.293259
  165.909169
  162.558365
  159.163180
  155.790185
  152.428286
  148.999815
  145.693392
  142.320398
  138.947403
  135.574409
  132.157033
  128.850611
  125.477616
  122.071335
  118.720532
  115.303155
  111.974542
  108.568262
  105.195267
  101.844463
   98.438183
   95.098474
   91.725480
   88.308104
   84.957300
   81.551019
   78.266788
   74.838316
   71.487513
   68.114518
   64.730428
   61.379624
   57.973344
   54.622540
   51.216259
   47.865455
   44.459175
   41.086180
   37.702090
   34.373477
   31.000483
   27.616393
   24.298875
   20.848213
   17.541791
   14.113319
   10.773611
    7.400616
    4.038717
    0.665723
  357.265287
  353.864852
  350.602811
  347.274198
  343.956680
  340.494923
  337.210691
  333.793315
  330.431416
  327.091707
  323.707618
  320.379005
  316.972724
  313.599729
  310.226735
  306.842645
  303.514032
  300.129942
  296.734757
  293.395048
  290.010958
  286.615773
  283.264969
  279.858689
  276.485694
  273.112699
  269.728610
  266.388901
  263.027002
  259.687294
  256.325394
  252.874732
  249.568310
  246.228602
  242.800130
  239.449326
  236.031950
  232.670051
  229.297057
  225.946253
  222.562163
  219.111501
  215.782888
  212.420988
  209.025803
  205.708286
  202.146670
  198.929010
  195.567111
  192.160830
  188.787836
  185.359364
  182.086228
  178.679948
  175.273667
  171.989435
  168.516583
  165.243446
  161.770593
  158.464171
  155.102272
  151.684896
  148.356283
  144.972193
  141.632485
  138.259490
  134.831019
  131.524596
  128.118316
  124.767512
  121.394517
  117.999332
  114.704005
  111.264438
  107.891444
  104.551735
  101.123264
   97.794651
   94.421656
   91.048662
   87.675667
   84.269387
   80.962964
   77.556684
   74.239166
   70.843981
   67.459891
   64.131278
   60.724997
   57.352003
   53.979008
   50.594918
   47.233019
   43.848929
   40.475934
   37.114035
   33.685564
   30.390237
   26.983956
   23.622057
   20.282349
   16.864973
   13.558550
   10.130079
    6.845847
    3.461758
    0.066572
  356.666136
  353.265701
  350.003661
  346.686143
  343.335339
  339.917963
  336.578255
  333.205260
  329.843361
  326.470366
  323.097372
  319.757663
  316.373574
  313.000579
  309.616489
  306.232399
  302.903786
  299.508601
  296.146702
  292.729326
  289.356331
  285.972241
  282.610342
  279.226252
  275.864353
  272.480263
  269.140555
  265.734274
  262.394565
  259.010476
  255.648576
  252.297773
  248.869301
  245.518497
  242.156598
  238.783604
  235.421705
  232.026519
  228.664620
  225.280530
  221.863154
  218.545636
  215.139356
  211.766361
  208.426653
  205.031468
  201.691759
  198.263288
  194.923579
  191.594966
  188.177590
  184.860073
  181.409410
  178.047511
  174.718898
  171.345904
  167.972909
  164.544438
  161.204729
  157.831735
  154.469836
  151.096841
  147.701656
  144.339757
  140.977857
  137.604863
  134.254059
  130.836683
  127.508070
  124.123980
  120.728795
  117.400182
  113.971710
  110.632002
  107.247912
  103.830536
  100.490827
   97.095642
   93.767029
   90.382939
   86.943372
   83.648046
   80.263956
   76.924247
   73.562348
   70.133877
   66.805264
   63.398983
   60.025988
   56.608612
   53.224522
   49.895909
   46.522915
   43.116634
   39.810212
   36.415027
   33.030937
   29.624656
   26.251661
   22.945239
   19.538959
   16.154869
   12.781874
    9.419975
    6.058076
    2.685081
  359.304888
  355.924695
  352.544502
  349.282461
  345.909466
  342.558663
  339.185668
  335.812674
  332.439679
  329.077780
  325.704785
  322.331791
  318.969892
  315.630183
  312.268284
  308.873099
  305.511200
  302.104919
  298.720829
  295.392216
  291.997031
  288.557464
  285.228851
  281.878047
  278.493957
  275.098772
  271.770159
  268.374974
  265.001979
  261.651175
  258.278181
  254.927377
  251.510001
  248.192483
  244.786203
  241.413208
  238.073500
  234.656124
  231.294224
  227.910134
  224.548235
  221.208527
  217.802246
  214.440347
  211.056257
  207.672167
  204.332459
  200.959464
  197.575374
  194.191284
  190.840481
  187.511868
  184.083396
  180.721497
  177.392884
  173.986603
  170.602513
  167.196233
  163.845429
  160.483530
  157.066154
  153.737541
  150.309069
  146.958265
  143.629652
  140.245562
  136.839282
  133.477383
  130.104388
  126.709203
  123.358399
  120.007595
  116.634601
  113.206129
  109.888612
  106.482331
  103.109336
   99.747437
   96.363347
   93.001448
   89.595167
   86.244364
   82.893560
   79.498375
   76.169762
   72.741290
   69.390486
   66.050778
   62.611211
   59.260407
   55.887413
   52.503323
   49.141424
   45.724048
   42.395435
   38.989154
   35.616159
   32.298642
   28.847980
   25.497176
   22.135277
   18.806664
   15.378192
   11.994102
    8.676585
    5.292495
    1.952786
  358.583688
  355.214591
  351.845493
  348.472499
  345.166076
  341.781986
  338.420087
  335.080379
  331.663003
  328.334390
  324.950300
  321.577305
  318.237597
  314.831316
  311.480512
  308.074232
  304.756714
  301.317147
  297.966343
  294.659921
  291.164877
  287.836264
  284.485461
  281.090275
  277.739472
  274.322096
  271.004578
  267.620488
  264.247493
  260.918880
  257.479314
  254.161796
  250.755515
  247.415807
  244.031717
  240.581055
  237.296823
  233.890543
  230.539739
  227.144553
  223.727177
  220.420755
  217.003379
  213.641480
  210.279581
  206.851109
  203.600164
  200.160597
  196.809793
  193.458990
  190.019423
  186.746287
  183.340006
  179.978107
  176.605112
  173.209927
  169.848028
  166.475033
  163.090943
  159.717949
  156.300573
  152.983055
  149.598965
  146.181589
  142.841881
  139.446695
  136.129178
  132.722897
  129.338807
  125.999099
  122.615009
  119.242014
  115.857924
  112.462739
  109.134126
  105.694559
  102.399232
   98.992952
   95.631052
   92.258058
   88.862873
   85.523164
   82.127979
   78.721698
   75.415276
   72.031186
   68.658192
   65.251911
   61.890012
   58.550303
   55.132927
   51.793219
   48.386938
   45.013944
   41.640949
   38.234668
   34.928246
   31.510870
   28.148971
   24.787072
   21.369696
   18.063273
   14.634802
   11.306189
    7.966481
    4.526914
    1.198301
  357.747936
  354.297571
  351.124294
  347.740204
  344.444877
  341.027501
  337.687792
  334.325893
  330.930708
  327.590999
  324.184719
  320.867201
  317.460920
  314.054640
  310.748217
  307.353032
  303.991133
  300.618138
  297.245144
  293.861054
  290.465869
  287.115065
  283.775357
  280.258122
  277.007177
  273.600896
  270.227901
  266.877098
  263.459722
  260.142204
  256.747019
  253.385120
  250.012125
  246.628035
  243.288327
  239.848760
  236.486861
  233.158248
  229.785253
  226.367877
  222.994883
  219.588602
  216.259989
  212.886994
  209.502904
  206.141005
  202.790201
  199.417207
  196.022022
  192.693409
  189.276032
  185.925229
  182.585520
  179.201430
  175.828436
  172.422155
  169.082447
  165.676166
  162.325362
  158.963463
  155.557182
  152.173093
  148.844480
  145.460390
  142.076300
  138.703305
  135.352501
  132.034984
  128.617608
  125.244613
  121.849428
  118.509719
  115.125629
  111.730444
  108.368545
  104.984455
  101.644747
   98.260657
   94.854376
   91.525763
   88.097292
   84.735392
   81.395684
   78.033785
   74.660790
   71.243414
   67.903706
   64.541807
   61.179908
   57.795818
   54.422823
   51.094210
   47.687929
   44.292744
   40.941940
   37.568946
   34.173760
   30.800766
   27.416676
   24.076968
   20.715068
   17.308788
   13.991270
   10.596085
    7.234186
    3.850096
    0.499292
  357.093309
  353.687326
  350.436380
  347.096672
  343.679296
  340.372873
  336.988784
  333.660171
  330.231699
  326.869800
  323.518996
  320.157097
  316.817389
  313.388917
  310.060304
  306.698405
  303.258838
  299.908034
  296.535040
  293.195331
  289.800146
  286.382770
  283.065252
  279.647876
  276.297073
  272.901887
  269.551083
  266.178089
  262.805094
  259.487577
  256.081296
  252.663920
  249.290925
  245.917931
  242.600413
  239.227419
  235.787852
  232.448144
  229.030767
  225.646678
  222.173825
  218.834116
  215.505503
  212.054841
  208.704037
  205.331043
  201.958048
  198.607244
  195.234250
  191.916732
  188.488261
  185.181838
  181.864321
  178.446945
  175.096141
  171.712051
  168.327961
  164.999348
  161.581972
  158.231168
  154.869269
  151.440798
  148.145471
  144.750285
  141.355100
  138.048678
  134.653493
  131.280498
  127.885313
  124.534509
  121.172610
  117.799615
  114.415525
  111.031435
  107.658441
  104.318732
  100.912452
   97.561648
   94.210844
   90.804564
   87.475951
   84.080765
   80.718866
   77.356967
   73.972877
   70.599882
   67.226888
   63.876084
   60.469803
   57.119000
   53.701624
   50.395201
   46.955635
   43.604831
   40.231836
   36.825556
   33.496942
   30.101757
   26.739858
   23.400150
   19.971678
   16.643065
   13.281166
    9.897076
    6.557368
    3.117801
  359.745005
  356.372208
  352.999412
  349.770658
  346.375472
  343.080145
  339.651674
  336.267584
  332.916780
  329.554881
  326.192982
  322.797797
  319.458088
  316.085094
  312.689908
  309.316914
  305.955015
  302.570925
  299.209026
  295.813840
  292.440846
  289.067851
  285.705952
  282.299671
  278.937772
  275.575873
  272.191783
  268.818789
  265.434699
  262.050609
  258.677614
  255.293524
  251.931625
  248.614108
  245.207827
  241.879214
  238.450742
  235.066652
  231.715849
  228.331759
  224.992050
  221.607960
  218.190584
  214.850876
  211.433500
  208.104887
  204.742988
  201.347802
  198.019189
  194.635099
  191.295391
  187.922397
  184.505020
  181.187503
  177.770127
  174.408228
  171.046328
  167.628952
  164.322530
  160.849677
  157.509969
  154.181356
  150.752884
  147.435367
  144.040181
  140.678282
  137.316383
  133.921198
  130.581489
  127.186304
  123.835500
  120.451410
  117.045130
  113.727612
  110.299141
  106.915051
  103.542056
  100.169062
   96.851544
   93.400882
   90.050078
   86.710370
   83.304089
   79.964380
   76.535909
   73.218391
   69.856492
   66.483498
   63.077217
   59.693127
   56.353419
   52.980424
   49.585239
   46.190054
   42.805964
   39.455160
   36.048879
   32.698075
   29.325081
   25.929896
   22.579092
   19.217193
   15.822007
   12.493394
    9.053827
    5.703024
    2.363315
  358.986820
  355.610326
  352.233831
  348.949600
  345.609891
  342.225801
  338.886093
  335.468717
  332.140104
  328.789300
  325.416306
  322.032216
  318.625935
  315.308417
  311.913232
  308.551333
  305.156148
  301.783153
  298.421254
  295.048259
  291.686360
  288.291175
  284.929276
  281.534090
  278.172191
  274.821387
  271.381821
  268.031017
  264.669118
  261.329409
  257.956415
  254.561229
  251.177140
  247.837431
  244.464437
  241.113633
  237.740638
  234.312167
  230.961363
  227.588369
  224.204279
  220.809093
  217.469385
  214.085295
  210.723396
  207.328211
  203.999597
  200.593317
  197.275799
  193.858423
  190.540905
  187.145720
  183.750535
  180.433017
  177.026737
  173.653742
  170.280747
  166.907753
  163.534758
  160.161764
  156.766579
  153.393584
  150.020589
  146.680881
  143.274600
  139.912701
  136.528611
  133.199998
  129.793718
  126.398532
  123.069919
  119.641448
  116.323930
  112.928745
  109.555750
  106.182756
  102.776475
   99.447862
   96.041581
   92.679682
   89.306688
   85.911502
   82.571794
   79.176609
   75.803614
   72.452810
   69.046530
   65.729012
   62.300541
   58.938641
   55.610028
   52.170462
   48.864039
   45.435568
   42.040383
   38.733960
   35.294394
   31.943590
   28.548404
   25.197601
   21.857892
   18.440516
   15.100808
   11.727813
    8.354819
    5.026206
    1.586639
  358.069702
  354.552765
  351.523727
  348.228400
  344.822120
  341.482411
  338.131607
  334.780804
  331.407809
  327.968242
  324.661820
  321.288825
  317.871449
  314.531741
  311.180937
  307.774657
  304.423853
  301.017572
  297.644578
  294.271583
  290.876398
  287.525594
  284.141504
  280.790700
  277.428801
  274.000330
  270.682812
  267.276531
  263.925727
  260.597114
  257.135357
  253.828935
  250.444845
  247.105136
  243.698856
  240.270384
  236.986153
  233.557681
  230.184687
  226.811692
  223.405411
  220.087894
  216.681613
  213.297523
  209.946719
  206.562630
  203.267303
  199.827736
  196.499123
  193.126128
  189.708752
  186.391235
  182.984954
  179.645245
  176.250060
  172.854875
  169.548453
  166.097790
  162.769177
  159.418374
  155.989902
  152.694575
  149.221722
  145.893109
  142.520115
  139.136025
  135.829603
  132.434417
  129.061423
  125.699524
  122.259957
  118.953534
  115.525063
  112.185355
  108.801265
  105.428270
  102.077466
   98.637900
   95.320382
   91.925197
   88.541107
   85.234684
   81.828404
   78.488695
   75.093510
   71.720516
   68.402998
   64.963431
   61.634818
   58.250728
   54.822257
   51.515834
   48.076268
   44.747655
   41.330279
   37.957284
   34.639766
   31.244581
   27.871586
   24.520783
   21.114502
   17.774794
   14.368513
   11.028805
    7.678001
    4.293911
    0.920916
  357.492742
  354.064568
  350.880195
  347.496105
  344.189683
  340.783402
  337.432599
  334.048509
  330.686610
  327.380187
  323.940620
  320.589817
  317.205727
  313.832732
  310.526310
  307.108934
  303.747035
  300.374040
  296.923378
  293.639146
  290.221770
  286.848776
  283.475781
  280.058405
  276.751983
  273.345702
  269.972708
  266.632999
  263.204528
  259.931392
  256.514016
  253.129926
  249.779122
  246.361746
  243.044228
  239.637948
  236.264953
  232.903054
  229.496773
  226.112683
  222.684212
  219.289027
  215.993700
  212.543038
  209.192234
  205.874716
  202.479531
  199.173109
  195.689160
  192.305070
  188.954267
  185.658940
  182.263754
  178.813092
  175.573242
  172.089294
  168.771776
  165.343305
  162.014692
  158.619506
  155.202130
  151.873517
  148.533809
  145.160814
  141.854392
  138.425921
  135.064022
  131.657741
  128.318032
  124.989419
  121.572043
  118.187953
  114.803864
  111.441964
  108.068970
  104.707071
  101.345172
   97.961082
   94.543706
   91.192902
   87.842098
   84.491294
   81.107204
   77.734210
   74.361215
   70.966030
   67.626321
   64.297708
   60.858142
   57.496242
   54.089962
   50.761349
   47.410545
   44.004264
   40.620174
   37.247180
   33.863090
   30.512286
   27.128196
   23.744106
   20.393303
   17.009213
   13.658409
   10.263224
    6.901324
    3.528330
    0.177526
  356.777090
  353.376655
  350.158996
  346.774906
  343.413007
  340.062203
  336.644827
  333.327309
  329.921029
  326.592416
  323.208326
  319.824236
  316.473432
  313.089342
  309.738538
  306.332258
  302.981454
  299.619555
  296.224369
  292.873565
  289.445094
  286.094290
  282.743486
  279.315015
  275.997497
  272.580121
  269.251508
  265.834132
  262.450042
  259.154715
  255.715149
  252.386536
  249.024636
  245.629451
  242.334124
  238.883462
  235.543754
  232.115282
  228.764478
  225.435865
  222.007394
  218.634399
  215.250310
  211.877315
  208.559797
  205.131326
  201.791617
  198.429718
  195.045628
  191.694825
  188.310735
  184.959931
  181.575841
  178.213942
  174.840947
  171.445762
  168.083863
  164.733059
  161.348969
  157.964879
  154.536408
  151.229986
  147.823705
  144.483996
  141.077716
  137.715817
  134.387204
  131.003114
  127.619024
  124.212743
  120.861939
  117.488945
  114.093759
  110.754051
  107.347770
  104.008062
  100.579591
   97.206596
   93.889078
   90.482798
   87.143089
   83.725713
   80.363814
   77.035201
   73.617825
   70.300307
   66.882931
   63.521032
   60.170228
   56.763948
   53.424239
   50.029054
   46.644964
   43.294160
   39.832403
   36.492694
   33.130795
   29.768896
   26.429187
   23.022907
   19.661008
   16.265822
   12.937209
    9.586406
    6.146839
    2.818226
   -0.554569
