    3.017942
  359.682131
  359.682131
  359.682131
  349.704085
  346.308900
  342.969192
  339.574006
  336.212107
  332.850208
  329.488309
  326.170791
  322.764511
  319.369325
  316.040712
  312.645527
  309.283628
  305.943919
  302.559829
  299.209026
  295.802745
  292.451941
  289.045660
  285.672666
  282.332958
  278.959963
  275.598064
  272.236165
  268.829884
  265.523462
  262.117181
  258.755282
  255.382287
  251.987102
  248.669584
  245.274399
  241.934691
  238.517315
  235.144320
  231.826802
  228.431617
  225.036432
  221.685628
  218.268252
  214.950734
  211.599931
  208.215841
  204.853941
  201.436565
  198.074666
  194.734958
  191.361963
  188.044446
  184.649260
  181.309552
  177.892176
  174.508086
  171.190568
  167.762097
  164.378007
  161.027203
  157.620923
  154.303405
  150.919315
  147.557416
  144.195517
  140.767045
  137.460623
  134.065438
  130.714634
  127.363830
  123.913168
  120.606746
  117.233751
  113.827470
  110.532143
  107.048195
  103.719582
  100.368778
   96.951402
   93.644980
   90.205413
   86.876800
   83.503806
   80.153002
   76.802198
   73.373727
   70.056209
   66.672119
   63.288029
   59.948321
   56.486563
   53.157950
   49.807146
   46.411961
   43.061157
   39.632686
   36.304073
   32.908888
   29.546988
   26.218375
   22.800999
   19.461291
   16.110487
   12.693111
    9.397784
    5.958217
    2.629604
  359.286396
  355.943187
  352.599979
  349.238080
  345.909466
  342.569758
  339.163477
  335.868151
  332.406393
  329.088875
  325.749167
  322.309600
  319.025369
  315.596897
  312.246093
  308.928576
  305.477914
  302.160396
  298.754115
  295.358930
  292.030317
  288.635132
  285.295423
  281.889142
  278.449576
  275.143153
  271.759063
  268.419355
  265.068551
  261.640080
  258.333658
  254.916282
  251.620955
  248.247960
  244.830584
  241.468685
  238.084595
  234.689410
  231.394083
  227.965611
  224.625903
  221.241813
  217.846628
  214.495824
  211.111734
  207.749835
  204.399031
  201.026037
  197.675233
  194.291143
  190.962530
  187.589535
  184.172159
  180.799165
  177.459456
  174.097557
  170.735658
  167.340473
  163.967478
  160.583388
  157.199298
  153.892876
  150.519881
  147.091410
  143.762797
  140.378707
  137.038999
  133.654909
  130.259723
  126.931110
  123.502639
  120.162931
  116.801031
  113.416941
  110.099424
  106.637666
  103.297958
   99.924963
   96.563064
   93.190070
   89.750503
   86.432985
   83.059991
   79.675901
   76.369478
   72.952102
   69.590203
   66.206113
   62.822023
   59.526696
   56.087130
   52.725230
   49.341141
   45.957051
   42.617342
   39.211062
   35.882449
   32.498359
   29.080983
   25.818942
   22.379375
   19.017476
   15.644481
   12.282582
    8.953969
    5.547688
    2.196885
  358.864772
  355.532658
  352.200545
  348.816455
  345.465651
  342.092657
  338.741853
  335.424335
  331.973673
  328.678346
  325.294256
  321.932357
  318.581553
  315.175273
  311.846660
  308.462570
  305.100671
  301.738772
  298.321395
  295.026069
  291.586502
  288.213507
  284.884894
  281.423137
  278.138905
  274.765911
  271.370725
  268.053208
  264.658022
  261.262837
  257.956415
  254.505753
  251.210426
  247.837431
  244.453341
  241.113633
  237.696257
  234.345453
  230.950268
  227.577273
  224.259755
  220.842379
  217.491576
  214.118581
  210.745587
  207.405878
  204.021788
  200.693175
  197.286895
  193.880614
  190.596382
  187.190102
  183.839298
  180.477399
  177.048927
  173.753600
  170.336224
  167.007611
  163.601331
  160.217241
  156.866437
  153.437965
  150.153734
  146.736358
  143.374459
  140.034750
  136.628470
  133.322047
  129.926862
  126.564963
  123.169778
  119.785688
  116.490361
  113.050794
  109.699990
  106.304805
  102.898524
   99.603197
   96.152535
   92.835018
   89.417641
   86.022456
   82.738225
   79.276467
   75.992236
   72.619241
   69.179674
   65.884347
   62.489162
   59.105072
   55.732078
   52.325797
   49.019375
   45.601999
   42.229004
   38.867105
   35.427538
   32.121116
   28.725930
   25.364031
   22.046514
   18.618042
   15.267238
   11.916435
    8.499059
    5.192636
    1.797451
  358.308252
  354.819054
  351.756730
  348.461403
  345.066218
  341.737605
  338.342420
  334.969425
  331.651907
  328.223436
  324.905918
  321.510733
  318.137738
  314.820221
  311.402845
  308.052041
  304.679046
  301.294956
  297.977439
  294.560063
  291.198164
  287.802978
  284.474365
  281.090275
  277.672899
  274.311000
  270.938006
  267.553916
  264.258589
  260.841213
  257.479314
  254.117414
  250.788801
  247.415807
  243.965145
  240.647627
  237.285728
  233.890543
  230.550834
  227.122363
  223.782654
  220.420755
  217.036665
  213.685861
  210.279581
  206.962063
  203.589069
  200.193883
  196.865270
  193.470085
  190.141472
  186.735191
  183.362197
  180.044679
  176.627303
  173.276499
  169.870219
  166.508319
  163.201897
  159.740140
  156.433717
  153.016341
  149.665537
  146.314734
  142.930644
  139.590935
  136.184655
  132.844946
  129.438666
  126.065671
  122.748153
  119.297491
  115.946687
  112.606979
  109.178508
  105.827704
  102.443614
   99.070619
   95.708720
   92.302439
   88.996017
   85.578641
   82.238933
   78.899224
   75.492944
   72.186521
   68.769145
   65.407246
   62.045347
   58.661257
   55.310453
   51.859791
   48.508987
   45.169279
   41.762998
   38.412194
   35.083581
   31.644015
   28.315402
   24.931312
   21.558317
   18.229704
   14.834519
   11.472620
    8.099625
    4.759917
    1.420208
  357.964295
  354.508383
  351.335106
  348.006493
  344.677880
  341.327076
  337.942986
  334.547801
  331.252474
  327.846193
  324.462103
  321.089109
  317.749400
  314.376406
  311.025602
  307.652607
  304.279613
  300.906618
  297.522528
  294.149534
  290.776539
  287.414640
  284.041646
  280.668651
  277.295656
  273.911567
  270.571858
  267.176673
  263.825869
  260.475065
  257.079880
  253.729076
  250.344986
  246.994183
  243.654474
  240.259289
  236.864104
  233.502204
  230.129210
  226.778406
  223.405411
  220.032417
  216.670518
  213.242046
  209.924529
  206.551534
  203.178540
  199.849927
  196.443646
  193.103937
  189.730943
  186.346853
  183.007145
  179.600864
  176.238965
  172.888161
  169.459690
  166.164363
  162.735891
  159.385087
  156.034284
  152.605812
  149.321581
  145.870919
  142.553401
  139.191502
  135.785221
  132.478799
  129.050327
  125.721714
  122.326529
  118.953534
  115.613826
  112.196450
  108.867837
  105.461556
  102.055276
   98.771044
   95.309287
   91.980674
   88.618774
   85.223589
   81.872785
   78.466505
   75.137892
   71.775992
   68.380807
   65.041099
   61.645913
   58.272919
   54.922115
   51.526930
   48.176126
   44.758750
   41.385755
   38.034952
   34.606480
   31.311153
   27.904873
   24.542973
   21.203265
   17.763698
   14.479467
   11.062091
    7.733478
    4.349388
    0.932012
  357.548219
  354.164427
  350.991149
  347.651441
  344.245160
  340.894356
  337.532457
  334.159462
  330.819754
  327.413473
  324.073765
  320.678580
  317.316681
  313.999163
  310.570691
  307.253174
  303.869084
  300.484994
  297.145286
  293.683528
  290.399296
  286.981920
  283.608926
  280.280313
  276.829651
  273.512133
  270.139138
  266.777239
  263.404245
  259.942487
  256.691542
  253.274166
  249.923362
  246.616940
  243.155182
  239.848760
  236.442479
  233.058389
  229.729776
  226.334591
  222.983787
  219.577506
  216.182321
  212.864804
  209.469618
  206.141005
  202.779106
  199.339539
  196.044212
  192.649027
  189.276032
  185.914133
  182.541139
  179.190335
  175.761864
  172.422155
  169.093542
  165.653975
  162.336458
  158.952368
  155.601564
  152.173093
  148.855575
  145.471485
  142.065204
  138.736591
  135.330311
  131.979507
  128.628703
  125.178041
  121.893809
  118.498624
  115.136725
  111.763730
  108.313068
  105.051027
  101.633651
   98.271752
   94.909853
   91.459191
   88.197150
   84.768679
   81.406779
   78.055976
   74.627504
   71.321082
   67.936992
   64.575093
   61.191003
   57.784722
   54.467205
   51.049829
   47.676834
   44.303839
   40.908654
   37.591137
   34.162665
   30.822957
   27.438867
   24.043681
   20.737259
   17.342074
   13.969079
   10.618276
    7.211995
    3.894477
    0.488197
  357.121048
  353.753898
  350.436380
  347.185435
  343.801345
  340.417255
  337.044260
  333.649075
  330.387034
  326.947468
  323.618855
  320.223669
  316.828484
  313.544252
  310.126876
  306.798263
  303.380887
  300.018988
  296.679280
  293.239713
  289.944386
  286.527010
  283.120729
  279.814307
  276.374740
  273.023936
  269.650942
  266.266852
  262.971525
  259.531958
  256.170059
  252.841446
  249.435165
  246.128743
  242.722462
  239.338373
  235.998664
  232.603479
  229.285961
  225.835299
  222.484495
  219.155882
  215.771792
  212.376607
  209.014708
  205.630618
  202.302005
  198.917915
  195.589302
  192.227403
  188.776741
  185.470318
  182.086228
  178.713234
  175.329144
  171.978340
  168.627536
  165.221256
  161.870452
  158.486362
  155.102272
  151.762564
  148.367378
  144.994384
  141.665771
  138.270585
  134.919782
  131.524596
  128.173793
  124.822989
  121.427803
  118.088095
  114.659624
  111.297724
  107.935825
  104.529545
  101.189836
   97.783556
   94.454943
   91.081948
   87.686763
   84.335959
   80.940774
   77.612161
   74.239166
   70.843981
   67.515368
   64.075801
   60.758283
   57.407479
   53.979008
   50.617109
   47.244114
   43.837834
   40.531411
   37.102940
   33.741041
   30.390237
   26.983956
   23.655343
   20.271253
   16.909354
   13.558550
   10.185556
    6.801466
    3.439567
    0.077668
  356.727161
  353.376655
  350.070233
  346.730524
  343.346434
  340.028917
  336.600445
  333.249642
  329.865552
  326.525843
  323.186135
  319.824236
  316.429050
  313.067151
  309.683061
  306.365544
  302.948168
  299.586268
  296.202179
  292.840279
  289.478380
  286.094290
  282.665819
  279.337206
  275.975307
  272.613407
  269.218222
  265.867418
  262.494424
  259.143620
  255.792816
  252.408726
  249.013541
  245.673833
  242.289743
  238.927844
  235.543754
  232.170759
  228.819955
  225.435865
  222.051775
  218.678781
  215.316882
  211.977173
  208.570893
  205.264470
  201.813808
  198.463004
  195.134391
  191.761397
  188.399498
  185.037599
  181.653509
  178.291609
  174.918615
  171.567811
  168.172626
  164.799631
  161.437732
  158.031451
  154.669552
  151.318749
  147.945754
  144.583855
  141.144288
  137.848961
  134.475967
  131.091877
  127.752168
  124.368078
  120.995084
  117.633185
  114.226904
  110.898291
  107.469819
  104.119016
  100.757117
   97.328645
   94.000032
   90.638133
   87.276234
   83.936525
   80.463672
   77.179441
   73.806446
   70.411261
   67.093743
   63.631986
   60.325564
   56.919283
   53.568479
   50.206580
   46.778109
   43.427305
   40.065406
   36.681316
   33.330512
   29.902040
   26.606714
   23.178242
   19.860724
   16.521016
   13.070354
    9.741741
    6.357651
    3.006847
  359.656242
  356.305637
  352.955031
  349.626418
  346.308900
  342.924810
  339.540720
  336.223203
  332.805827
  329.466118
  326.104219
  322.675748
  319.380421
  315.985235
  312.612241
  309.283628
  305.888442
  302.559829
  299.131358
  295.791650
  292.418655
  289.023470
  285.683761
  282.299671
  278.904486
  275.553682
  272.169592
  268.818789
  265.445794
  262.072800
  258.710900
  255.315715
  251.987102
  248.625203
  245.252208
  241.879214
  238.472933
  235.133225
  231.771326
  228.353950
  225.003146
  221.596865
  218.268252
  214.884162
  211.533358
  208.171459
  204.731892
  201.425470
  198.085762
  194.723862
  191.361963
  187.955683
  184.593783
  181.254075
  177.825604
  174.519181
  171.123996
  167.739906
  164.378007
  160.949536
  157.643113
  154.247928
  150.897124
  147.557416
  144.128944
  140.811427
  137.416241
  134.054342
  130.714634
  127.297258
  123.979740
  120.551269
  117.200465
  113.849661
  110.421190
  107.070386
  103.675201
  100.291111
   96.962498
   93.556217
   90.227604
   86.810228
   83.459424
   80.119716
   76.735626
   73.373727
   69.989637
   66.616642
   63.288029
   59.837367
   56.530945
   53.169046
   49.751669
   46.389770
   43.005680
   39.677067
   36.270787
   32.875601
   29.546988
   26.140708
   22.812095
   19.428005
   16.043915
   12.704206
    9.309021
    5.991503
    2.618509
  359.260507
  355.902504
  352.544502
  349.249175
  345.898371
  342.492090
  339.174573
  335.779387
  332.428584
  329.066685
  325.649308
  322.342886
  318.936606
  315.619088
  312.246093
  308.839813
  305.511200
  302.104919
  298.765211
  295.370025
  291.974840
  288.624036
  285.228851
  281.844761
  278.516148
  275.132058
  271.747968
  268.374974
  265.013074
  261.651175
  258.289276
  254.916282
  251.587668
  248.192483
  244.797298
  241.446494
  238.073500
  234.722696
  231.371892
  227.932325
  224.592617
  221.208527
  217.891009
  214.451442
  211.100639
  207.738739
  204.421222
  201.037132
  197.597565
  194.302238
  190.918148
  187.567344
  184.205445
  180.799165
  177.459456
  174.075366
  170.702372
  167.329377
  163.934192
  160.583388
  157.199298
  153.859590
  150.497691
  147.102505
  143.729511
  140.400898
  137.027903
  133.666004
  130.270819
  126.942206
  123.547020
  120.174026
  116.789936
  113.416941
  110.043947
  106.648762
  103.309053
   99.913868
   96.551969
   93.167879
   89.839266
   86.466271
   83.059991
   79.653710
   76.336192
   72.974293
   69.612394
   66.239399
   62.833119
   59.482315
   56.120416
   52.758517
   49.318950
   45.968146
   42.595151
   39.222157
   35.826972
   32.487263
   29.103173
   25.741274
   22.368280
   19.006380
   15.688863
   12.260391
    8.876301
    5.525498
    2.185789
  358.827787
  355.469784
  352.111782
  348.772074
  345.454556
  342.081562
  338.697472
  335.335572
  331.995864
  328.622869
  325.260970
  321.887976
  318.514981
  315.164177
  311.780088
  308.418188
  305.034098
  301.661104
  298.332491
  294.948401
  291.564311
  288.158030
  284.829417
  281.445327
  278.061237
  274.688243
  271.348535
  267.986635
  264.569259
  261.229551
  257.856556
  254.494657
  251.110567
  247.770859
  244.386769
  241.002679
  237.674066
  234.256690
  230.883695
  227.577273
  224.137706
  220.753616
  217.380622
  214.085295
  210.690110
  207.294924
  203.977407
  200.560031
  197.231418
  193.858423
  190.474333
  187.123529
  183.728344
  180.410826
  177.037832
  173.609360
  170.269652
  166.874467
  163.523663
  160.195050
  156.755483
  153.415775
  150.053876
  146.680881
  143.330077
  139.934892
  136.572993
  133.211094
  129.860290
  126.476200
  123.058824
  119.763497
  116.368312
  113.006413
  109.633418
  106.182756
  102.854143
   99.481148
   96.085963
   92.757350
   89.351069
   86.022456
   82.627271
   79.265372
   75.881282
   72.519383
   69.168579
   65.740107
   62.400399
   59.060691
   55.598933
   52.281415
   48.897325
   45.557617
   42.151336
   38.722865
   35.449729
   32.043448
   28.670454
   25.241982
   21.924465
   18.618042
   15.200666
   11.849862
    8.454677
    5.126064
    1.764165
  358.286062
  354.807959
  351.712349
  348.372640
  345.055122
  341.671033
  338.320229
  334.913948
  331.585335
  328.212341
  324.794964
  321.510733
  318.126643
  314.731458
  311.369559
  307.985469
  304.690142
  301.250575
  297.844294
  294.526777
  291.131591
  287.791883
  284.385602
  281.012608
  277.661804
  274.266619
  270.904719
  267.542820
  264.169826
  260.819022
  257.423837
  254.073033
  250.733324
  247.338139
  243.998431
  240.592150
  237.219156
  233.868352
  230.473166
  227.111267
  223.760464
  220.387469
  217.003379
  213.641480
  210.279581
  206.895491
  203.511401
  200.204979
  196.820889
  193.458990
  190.063804
  186.701905
  183.351101
  180.000298
  176.605112
  173.243213
  169.836932
  166.497224
  163.124229
  159.751235
  156.400431
  152.994150
  149.632251
  146.259257
  142.908453
  139.557649
  136.173559
  132.789469
  129.416475
  126.076766
  122.714867
  119.341873
  115.957783
  112.595884
  109.189603
  105.838799
  102.476900
   99.070619
   95.708720
   92.346821
   88.973826
   85.611927
   82.227837
   78.832652
   75.481848
   72.131044
   68.758050
   65.351769
   62.000965
   58.639066
   55.254976
   51.881982
   48.497892
   45.124897
   41.762998
   38.367813
   34.972628
   31.632919
   28.259925
   24.898025
   21.525031
   18.140941
   14.767946
   11.417143
    8.044148
    4.693344
    1.320350
  357.908819
  354.497288
  351.268533
  347.951016
  344.589117
  341.216122
  337.898604
  334.481228
  331.141520
  327.768525
  324.395531
  321.055823
  317.693923
  314.298738
  310.925744
  307.552749
  304.257422
  300.817855
  297.433765
  294.105152
  290.676681
  287.336972
  283.941787
  280.568793
  277.251275
  273.800613
  270.472000
  267.121196
  263.670534
  260.386302
  256.980022
  253.651409
  250.289509
  246.849943
  243.532425
  240.159430
  236.797531
  233.457823
  229.996065
  226.689643
  223.261172
  219.899272
  216.581755
  213.153283
  209.824670
  206.429485
  203.089777
  199.750068
  196.332692
  192.981888
  189.608894
  186.280281
  182.885095
  179.489910
  176.139106
  172.766112
  169.404213
  166.031218
  162.613842
  159.329611
  155.890044
  152.539240
  149.166245
  145.804346
  142.464638
  139.069453
  135.718649
  132.323463
  128.972660
  125.621856
  122.160098
  118.886962
  115.447395
  112.107687
  108.745788
  105.317316
  101.988703
   98.582423
   95.220524
   91.891910
   88.441248
   85.101540
   81.739641
   78.355551
   75.049129
   71.620657
   68.292044
   64.885763
   61.523864
   58.184156
   54.755684
   51.438167
   48.009695
   44.625605
   41.285897
   37.879616
   34.573194
   31.133627
   27.771728
   24.476401
   21.047930
   17.697126
   14.313036
   10.995518
    7.633619
    4.194052
    0.876535
  357.487195
  354.097855
  350.858005
  347.451724
  344.167492
  340.794498
  337.410408
  334.048509
  330.653323
  327.357997
  323.929525
  320.589817
  317.250108
  313.832732
  310.515215
  307.108934
  303.769225
  300.407326
  296.989950
  293.683528
  290.266152
  286.926444
  283.497972
  280.113882
  276.829651
  273.378988
  270.005994
  266.666286
  263.293291
  259.964678
  256.558397
  253.207593
  249.856790
  246.483795
  243.144087
  239.704520
  236.353716
  232.991817
  229.618822
  226.290209
  222.850643
  219.499839
  216.160130
  212.731659
  209.403046
  206.007861
  202.657057
  199.295158
  195.899972
  192.593550
  189.187269
  185.836466
  182.463471
  179.068286
  175.739673
  172.322297
  168.960398
  165.598498
  162.192218
  158.874700
  155.468419
  152.106520
  148.777907
  145.360531
  142.009727
  138.636733
  135.308120
  131.935125
  128.506654
  125.178041
  121.782856
  118.398766
  115.092343
  111.641681
  108.313068
  104.917883
  101.544888
   98.182989
   94.821090
   91.448095
   88.052910
   84.702106
   81.340207
   77.922831
   74.605313
   71.199033
   67.870420
   64.497425
   61.057858
   57.751436
   54.334060
   50.994352
   47.632453
   44.203981
   40.875368
   37.480183
   34.129379
   30.734194
   27.339008
   23.977109
   20.615210
   17.275502
   13.924698
   10.507322
    7.200900
    3.772428
    0.443815
  357.065571
  353.687326
  350.458571
  347.019004
  343.690391
  340.361778
  336.966593
  333.604694
  330.231699
  326.936372
  323.541187
  320.157097
  316.817389
  313.444394
  310.093590
  306.698405
  303.325410
  299.963511
  296.590517
  293.250808
  289.811241
  286.471533
  283.065252
  279.725544
  276.385836
  272.957364
  269.584370
  266.222470
  262.860571
  259.543054
  256.136773
  252.763778
  249.412975
  246.039980
  242.700272
  239.316182
  235.920996
  232.581288
  229.141721
  225.824204
  222.451209
  219.056024
  215.694125
  212.298939
  208.970326
  205.597332
  202.202146
  198.873533
  195.467253
  192.127544
  188.765645
  185.381555
  182.041847
  178.646662
  175.251476
  171.933959
  168.538773
  165.187970
  161.759498
  158.441980
  155.057891
  151.673801
  148.311901
  144.938907
  141.621389
  138.204013
  134.842114
  131.469119
  128.085030
  124.756417
  121.372327
  118.010427
  114.637433
  111.253343
  107.869253
  104.485163
  101.123264
   97.739174
   94.366180
   91.037566
   87.609095
   84.258291
   80.896392
   77.512302
   74.172594
   70.799599
   67.393319
   64.064706
   60.658425
   57.318716
   53.912436
   50.550537
   47.199733
   43.793452
   40.398267
   37.080749
   33.641182
   30.334760
   26.917384
   23.577676
   20.226872
   16.798400
   13.469787
   10.118984
    6.757084
    3.428471
   -0.033286
  356.632851
  353.298987
  349.981470
  346.697238
  343.279862
  339.962345
  336.556064
  333.138688
  329.898838
  326.459271
  323.119563
  319.757663
  316.351383
  313.056056
  309.616489
  306.298971
  302.892691
  299.508601
  296.213274
  292.806993
  289.433999
  286.016623
  282.654723
  279.348301
  275.897639
  272.569026
  269.196031
  265.811942
  262.483328
  259.054857
  255.726244
  252.364345
  249.002446
  245.640547
  242.223170
  238.894557
  235.521563
  232.137473
  228.797765
  225.302721
  222.018489
  218.667686
  215.272500
  211.921696
  208.526511
  205.231184
  201.813808
  198.418623
  195.134391
  191.717015
  188.355116
  184.971026
  181.598032
  178.280514
  174.852043
  171.512334
  168.117149
  164.755250
  161.404446
  157.998165
  154.647362
  151.274367
  147.912468
  144.583855
  141.166479
  137.793484
  134.442680
  131.069686
  127.718882
  124.268220
  120.972893
  117.610994
  114.182522
  110.820623
  107.436533
  104.085730
  100.679449
   97.317550
   94.000032
   90.571561
   87.254043
   83.869953
   80.508054
   77.123964
   73.750969
   70.411261
   67.027171
   63.631986
   60.292277
   56.874901
   53.546288
   50.140008
   46.755918
   43.416209
   39.976643
   36.670220
   33.263940
   29.902040
   26.540141
   23.167147
   19.816343
   16.443348
   13.070354
    9.708455
    6.313269
    2.995752
  359.637750
  356.279747
  352.921745
  349.570941
  346.253423
  342.902619
  339.496339
  336.145535
  332.761445
  329.443927
  326.037647
  322.697938
  319.358230
  315.918663
  312.601145
  309.239246
