  156.278382
  152.872101
  149.499107
  146.170494
  142.764213
  139.446695
  136.051510
  132.678516
  129.316616
  125.899240
  122.626104
  119.186537
  115.902306
  112.496025
  109.100840
  105.783322
  102.354851
   99.004047
   95.653243
   92.280249
   88.940540
   85.500973
   82.194551
   78.788271
   75.437467
   72.097758
   68.702573
   65.362865
   61.989870
   58.650162
   55.421407
   51.981840
   48.619941
   45.280233
   41.896143
   38.556434
   35.105772
   31.799350
   28.359783
   25.053361
   21.680366
   18.274086
   14.912186
   11.528096
    8.144007
    4.671154
    1.364731
  357.964295
  354.563860
  351.401678
  348.073065
  344.655689
  341.371457
  337.965177
  334.625468
  331.208092
  327.857288
  324.506485
  321.089109
  317.705019
  314.409692
  310.992316
  307.619321
  304.157564
  300.795665
  297.511433
  294.094057
  290.754349
  287.192733
  283.819738
  280.468934
  277.040463
  273.678564
  270.316664
  266.910384
  263.637248
  260.164395
  256.813591
  253.429501
  250.067602
  246.827752
  243.377090
  239.904237
  236.586719
  233.269201
  229.918398
  226.534308
  223.072550
  219.810509
  216.359847
  213.086711
  209.647144
  206.307436
  202.934441
  199.594733
  196.232834
  192.815458
  189.497940
  186.136041
  182.718665
  179.401147
  175.983771
  172.632967
  169.248877
  165.875883
  162.502888
  159.118798
  155.812376
  152.372809
  149.033101
  145.626820
  142.298207
  138.903022
  135.574409
  132.179224
  128.828420
  125.455425
  122.115717
  118.720532
  115.380823
  111.996733
  108.645929
  105.250744
  101.888845
   98.593518
   95.220524
   91.891910
   88.474534
   85.101540
   81.784022
   78.411028
   75.038033
   71.676134
   68.280949
   65.007813
   61.546055
   58.217442
   54.822257
   51.471453
   48.087363
   44.669987
   41.308088
   37.957284
   34.573194
   31.222390
   27.827205
   24.509687
   21.103407
   17.774794
   14.435085
   10.995518
    7.678001
    4.260625
    0.943107
  357.548219
  354.153331
  350.880195
  347.562678
  344.200778
  340.838879
  337.454789
  334.115081
  330.719896
  327.324710
  324.029383
  320.623103
  317.239013
  313.888209
  310.537405
  307.064552
  303.680462
  300.374040
  297.045427
  293.605860
  290.310533
  286.904253
  283.531258
  280.136073
  276.763078
  273.301321
  269.906136
  266.588618
  263.204528
  259.831533
  256.269917
  252.841446
  249.512833
  246.139838
  242.744653
  239.404945
  235.965378
  232.681146
  229.219389
  225.868585
  222.462304
  219.089310
  215.694125
  212.354416
  208.970326
  205.586236
  202.179956
  198.829152
  195.445062
  192.116449
  188.732359
  185.303888
  182.019656
  178.635566
  175.251476
  171.889577
  168.461106
  165.165779
  161.803880
  158.375408
  155.013509
  151.740373
  148.378474
  144.950002
  141.610294
  138.292776
  134.886496
  131.557882
  128.195983
  124.822989
  121.494376
  118.054809
  114.726196
  111.342106
  107.924730
  104.640498
  101.212027
   97.872319
   94.510419
   91.115234
   87.764430
   84.391436
   81.018441
   77.712019
   74.283548
   70.932744
   67.570845
   64.153469
   60.835951
   57.451861
   54.078866
   50.672586
   47.355068
   43.937692
   40.542507
   37.169512
   33.818708
   30.412428
   27.106005
   23.666439
   20.360016
   16.975926
   13.602932
   10.218842
    6.868038
    3.506139
    0.144240
  356.799282
  353.454323
  350.103519
  346.786001
  343.390816
  340.028917
  336.678113
  333.294023
  329.932124
  326.559129
  323.186135
  319.857522
  316.473432
  313.078247
  309.738538
  306.321162
  303.014740
  299.575173
  296.213274
  292.818089
  289.456189
  286.105386
  282.721296
  279.381587
  275.964211
  272.624503
  269.229318
  265.800846
  262.483328
  259.121429
  255.759530
  252.419822
  248.969160
  245.673833
  242.256457
  238.894557
  235.521563
  232.126378
  228.742288
  225.402579
  221.951917
  218.612209
  215.250310
  211.877315
  208.504320
  205.064754
  201.680664
  198.296574
  194.990152
  191.661538
  188.233067
  184.915549
  181.542555
  178.136274
  174.796566
  171.412476
  168.039481
  164.666487
  161.337874
  157.931593
  154.569694
  151.218890
  147.845896
  144.483996
  141.111002
  137.726912
  134.420490
  130.992018
  127.674501
  124.268220
  120.884130
  117.588803
  114.127046
  110.798433
  107.392152
  104.030253
  100.657258
   97.284264
   93.922364
   90.571561
   87.187471
   83.892144
   80.463672
   77.168346
   73.717683
   70.400166
   67.038267
   63.609795
   60.281182
   56.919283
   53.513002
   50.195485
   46.755918
   43.427305
   40.043215
   36.869937
   33.508038
   30.068471
   26.717667
   23.344673
   19.982774
   16.576493
   13.192403
    9.808313
    6.501891
    3.051229
  359.726513
  356.401796
  353.077080
  349.737371
  346.419854
  343.069050
  339.684960
  336.311966
  332.972257
  329.588167
  326.215173
  322.797797
  319.491374
  316.107284
  312.756481
  309.394582
  305.943919
  302.648592
  299.209026
  295.902603
  292.474132
  289.112233
  285.761429
  282.388434
  279.026535
  275.642445
  272.225069
  268.918647
  265.434699
  262.072800
  258.788568
  255.249143
  251.931625
  248.480963
  245.107968
  241.734974
  238.350884
  234.944603
  231.560513
  228.187519
  224.825620
  221.408244
  218.057440
  214.695541
  211.355832
  208.060505
  204.654225
  201.270135
  197.819473
  194.424287
  191.095674
  187.700489
  184.327494
  180.976691
  177.670268
  174.319465
  170.902089
  167.529094
  164.178290
  160.783105
  157.487778
  154.059307
  150.741789
  147.346604
  143.962514
  140.644996
  137.238715
  133.910102
  130.526012
  127.197399
  123.813309
  120.407029
  117.045130
  113.672135
  110.332427
  106.959432
  103.530961
  100.202348
   96.807162
   93.478549
   90.105555
   86.710370
   83.403947
   79.986571
   76.669054
   73.284964
   69.867588
   66.516784
   63.165980
   59.781890
   56.475468
   53.002615
   49.707288
   46.256626
   42.916917
   39.532827
   36.137642
   32.809029
   29.424939
   26.051945
   22.678950
   19.305956
   15.966247
   12.571062
    9.198067
    5.869454
    2.396601
  359.075583
  355.754566
  352.433548
  349.127126
  345.743036
  342.358946
  339.019238
  335.601861
  332.306535
  328.866968
  325.527259
  322.143169
  318.747984
  315.463753
  312.068567
  308.673382
  305.311483
  301.905202
  298.598780
  295.192499
  291.819505
  288.457606
  285.029134
  281.733807
  278.294240
  274.865769
  271.481679
  268.097589
  264.735690
  261.318314
  257.967510
  254.583420
  251.188235
  247.804145
  244.464437
  241.080347
  237.762829
  234.334358
  230.939172
  227.610559
  224.170992
  220.809093
  217.413908
  214.074200
  210.734491
  207.272734
  203.988502
  200.504554
  197.209227
  193.791851
  190.407761
  187.079148
  183.794916
  180.444113
  177.082213
  173.653742
  170.358415
  166.963230
  163.590235
  160.217241
  156.799865
  153.493442
  150.064971
  146.725263
  143.396650
  139.990369
  136.639565
  133.277666
  129.904671
  126.542772
  123.114301
  119.818974
  116.412693
  113.061889
  109.666704
  106.282614
  102.954001
   99.581007
   96.219107
   92.846113
   89.406546
   86.100124
   82.716034
   79.331944
   75.992236
   72.608146
   69.268437
   65.839966
   62.500257
   59.116167
   55.765364
   52.347988
   48.997184
   45.579808
   42.206813
   38.822723
   35.494110
   32.087830
   28.725930
   25.364031
   21.979941
   18.629138
   15.245048
   11.916435
    8.532345
    5.137159
    1.775260
  358.446845
  355.118431
  351.790016
  348.405926
  345.066218
  341.659937
  338.353515
  334.980520
  331.574240
  328.201245
  324.861537
  321.455256
  318.115548
  314.687076
  311.380654
  307.974373
  304.601379
  301.272766
  297.833199
  294.493490
  291.087210
  287.747501
  284.407793
  280.979322
  277.584136
  274.255523
  270.849243
  267.553916
  264.092158
  260.741354
  257.257406
  253.884411
  250.533608
  247.127327
  243.787619
  240.403529
  237.063820
  233.690826
  230.240164
  226.889360
  223.538556
  220.121180
  216.792567
  213.330809
  210.002196
  206.695774
  203.344970
  200.005262
  196.643363
  193.248177
  189.941755
  186.524379
  183.173575
  179.767295
  176.449777
  173.110069
  169.670502
  166.297507
  162.935608
  159.573709
  156.178524
  152.816624
  149.476916
  146.070635
  142.719832
  139.380123
  136.007129
  132.689611
  129.250044
  125.921431
  122.548437
  119.219824
  115.813543
  112.429453
  109.023172
  105.650178
  102.310469
   98.959666
   95.564480
   92.180390
   88.796300
   85.445497
   82.105788
   78.710603
   75.381990
   71.986805
   68.613810
   65.274102
   61.878916
   58.517017
   55.155118
   51.748837
   48.420224
   44.958467
   41.618758
   38.245764
   34.928246
   31.521965
   28.115685
   24.764881
   21.414077
   18.018892
   14.690279
   11.272903
    7.922099
    4.549104
    1.176110
  357.753484
  354.330857
  351.201961
  347.828967
  344.511449
  341.116264
  337.754365
  334.414656
  331.008375
  327.679762
  324.284577
  320.911583
  317.605160
  314.154498
  310.836980
  307.408509
  304.046610
  300.673615
  297.311716
  293.938722
  290.554632
  287.159446
  283.775357
  280.369076
  276.973891
  273.656373
  270.194615
  266.854907
  263.382054
  260.086727
  256.680446
  253.340738
  249.923362
  246.561463
  243.221754
  239.826569
  236.486861
  233.102771
  229.707585
  226.423354
  223.028169
  219.655174
  216.271084
  212.831517
  209.602763
  206.096624
  202.768011
  199.383921
  196.022022
  192.637932
  189.220556
  185.891943
  182.574425
  179.157049
  175.795150
  172.333392
  169.049161
  165.676166
  162.280981
  158.974559
  155.546087
  152.217474
  148.833384
  145.460390
  142.109586
  138.747687
  135.363597
  132.090461
  128.628703
  125.300090
  121.893809
  118.565196
  115.192202
  111.785921
  108.412927
  105.062123
  101.678033
   98.338324
   94.954234
   91.559049
   88.219341
   84.801965
   81.517733
   78.044880
   74.738458
   71.376559
   67.992469
   64.619474
   61.257575
   57.840199
   54.533777
   51.105305
   47.765597
   44.359316
   40.986322
   37.635518
   34.240333
   30.845147
   27.505439
   24.088063
   20.737259
   17.364265
   14.002365
   10.673752
    7.234186
    3.938859
    0.510387
  357.148786
  353.787184
  350.525143
  347.207626
  343.823536
  340.472732
  337.110833
  333.671266
  330.387034
  327.002944
  323.629950
  320.256955
  316.828484
  313.555348
  310.160163
  306.764977
  303.391983
  299.974607
  296.645994
  293.295190
  289.877814
  286.504819
  283.098539
  279.747735
  276.374740
  273.012841
  269.639847
  266.233566
  262.871667
  259.498672
  256.158964
  252.774874
  249.268735
  245.940122
  242.556032
  239.149751
  235.865520
  232.370476
  229.064054
  225.657773
  222.273683
  218.900688
  215.505503
  212.132509
  208.748419
  205.397615
  202.080097
  198.640530
  195.334108
  191.961114
  188.632501
  185.270601
  181.753367
  178.513517
  175.118332
  171.667670
  168.361247
  165.021539
  161.581972
  158.242264
  154.869269
  151.496275
  148.145471
  144.805762
  141.366196
  138.059773
  134.653493
  131.313784
  127.951885
  124.534509
  121.205896
  117.821806
  114.459907
  111.075817
  107.725013
  104.352019
  100.979024
   97.606030
   94.266321
   90.848945
   87.531427
   84.114051
   80.785438
   77.423539
   74.050545
   70.733027
   67.293460
   63.975943
   60.580757
   57.207763
   53.856959
   50.461774
   47.099874
   43.737975
   40.342790
   37.069654
   33.596801
   30.245997
   26.895193
   23.533294
   20.171395
   16.798400
   13.425406
   10.063507
    6.701608
    3.350804
    1.109538
  357.176525
  353.243511
  349.981470
  346.663952
  343.235481
  339.940154
  336.500587
  333.160879
  329.810075
  326.425985
  323.041895
  319.668900
  316.307001
  312.989484
  309.527726
  306.221304
  302.815023
  299.442029
  296.102320
  292.673849
  289.323045
  285.950050
  282.577056
  279.192966
  275.831067
  272.446977
  269.085078
  265.678797
  262.383470
  258.943903
  255.615290
  252.231200
  248.869301
  245.474116
  242.001263
  238.639364
  235.288560
  231.860089
  228.509285
  225.125195
  221.730010
  218.412492
  214.939639
  211.733075
  208.215841
  204.898323
  201.580805
  198.185620
  194.879198
  191.495108
  188.122113
  184.771310
  181.365029
  178.014225
  174.630135
  171.257141
  167.917432
  164.488961
  161.138157
  157.787353
  154.358882
  151.041364
  147.612893
  144.273184
  140.944571
  137.538291
  134.265154
  130.803397
  127.485879
  124.046312
  120.706604
  117.344705
  113.949520
  110.587620
  107.214626
  103.797250
  100.501923
   97.062356
   93.733743
   90.327462
   86.954468
   83.636950
   80.219574
   76.879866
   73.495776
   70.133877
   66.771977
   63.398983
   60.003798
   56.652994
   53.235618
   49.918100
   46.467438
   43.172111
   39.743640
   36.426122
   33.042032
   29.635751
   26.318234
   22.889762
   19.527863
   16.165964
   12.770779
    9.453261
    6.035885
    2.707272
  359.360365
  356.013458
  352.666551
  349.304652
  345.976039
  342.603044
  339.241145
  335.879246
  332.495156
  329.111066
  325.760262
  322.353982
  318.892224
  315.596897
  312.246093
  308.895290
  305.400246
  302.049442
  298.709734
  295.392216
  291.897172
  288.601845
  285.262137
  281.855856
  278.482862
  275.076581
  271.725777
  268.308401
  264.935407
  261.540221
  258.100655
  254.827519
  251.532192
  248.081529
  244.664153
  241.413208
  237.929260
  234.689410
  231.172175
  227.910134
  224.526045
  221.130859
  217.824437
  214.384870
  211.056257
  207.661072
  204.288077
  200.926178
  197.553184
  194.169094
  190.895958
  187.412009
  184.105587
  180.721497
  177.326312
  173.997699
  170.602513
  167.229519
  163.867620
  160.450244
  157.088344
  153.748636
  150.309069
  147.013742
  143.596366
  140.267753
  136.894759
  133.510669
  130.170960
  126.809061
  123.391685
  120.096358
  116.656791
  113.294892
  109.899707
  106.526712
  103.198099
   99.791819
   96.441015
   93.045830
   89.650644
   86.322031
   82.915751
   79.576042
   76.236334
   72.796767
   69.457059
   66.061873
   62.699974
   59.315884
   55.942890
   52.580991
   49.196901
   45.812811
   42.450912
   39.066822
   35.716018
   32.276451
   28.958933
   25.563748
   22.201849
   18.873236
   15.433669
   12.127247
    8.720966
    5.370162
    2.008263
  358.657658
  355.307053
  351.956447
  348.661120
  345.277030
  341.881845
  338.553232
  335.202428
  331.829433
  328.423153
  325.039063
  321.743736
  318.304169
  315.008842
  311.591466
  308.218472
  304.867668
  301.472482
  298.110583
  294.748684
  291.320213
  288.035981
  284.574224
  281.201229
  277.695090
  274.355382
  271.026769
  267.653774
  264.391733
  260.974357
  257.590267
  254.272750
  250.888660
  247.515665
  244.142671
  240.703104
  237.418872
  233.979306
  230.639597
  227.266603
  223.827036
  220.509518
  217.114333
  213.741338
  210.379439
  206.962063
  203.644545
  200.271551
  196.909652
  193.581039
  190.119281
  186.768477
  183.306720
  179.944821
  176.538540
  173.132259
  169.759265
  166.419556
  163.035466
  159.640281
  156.234000
  152.894292
  149.565679
  146.281447
  142.963930
  139.568745
  136.306704
  132.867137
  129.538524
  126.132243
  122.814726
  119.430636
  116.068736
  112.684647
  109.333843
  105.927562
  102.632235
   99.170478
   95.886246
   92.502156
   89.173543
   85.722881
   82.360982
   79.087846
   75.681565
   72.341857
   68.913385
   65.562581
   62.256159
   58.883165
   55.499075
   52.137175
   48.730895
   45.391186
   41.940524
   38.623007
   35.227821
   31.921399
   28.515118
   25.131028
   21.780225
   18.373944
   15.023140
   11.705623
    8.243865
    4.893061
    1.531162
  358.080798
  354.630433
  351.501536
  348.184019
  344.799929
  341.426934
  338.120512
  334.669850
  331.352332
  327.968242
  324.584152
  321.299921
  317.860354
  314.465169
  311.114365
  307.719180
  304.412757
  300.962095
  297.622387
  294.260488
  290.876398
  287.481212
  284.097122
  280.746319
  277.417706
  273.978139
  270.638430
  267.232150
  263.892441
  260.530542
  257.135357
  253.773458
  250.378272
  247.016373
  243.632283
  240.237098
  236.853008
  233.424537
  230.062638
  226.800597
  223.227885
  219.965845
  216.504087
  213.153283
  209.780289
  206.407294
  203.023204
  199.639114
  196.243929
  192.893125
  189.531226
  186.169327
  182.796332
  179.390052
  176.061439
  172.632967
  169.326545
  165.909169
  162.502888
  159.185371
  155.856758
  152.472668
  149.144055
  145.726679
  142.420256
  138.991785
  135.674267
  132.301273
  128.906087
  125.566379
  122.193384
  118.831485
  115.469586
  112.096592
  108.767979
  105.394984
  101.966513
   98.693376
   95.287096
   91.947387
   88.585488
   85.168112
   81.839499
   78.510886
   75.137892
   71.787088
   68.347521
   65.018908
   61.668104
   58.306205
   54.955401
   51.515834
   48.220507
   44.792036
   41.452328
   38.068238
   34.706339
   31.344439
   27.971445
   24.609546
   21.247647
   17.796984
   14.490562
   11.073186
    7.755668
    4.360483
    0.965298
  357.598148
  354.230999
  351.013340
  347.673631
  344.311732
  340.927642
  337.532457
  334.126176
  330.697705
  327.335806
  324.018288
  320.667484
  317.283394
  313.976972
  310.548501
  307.253174
  303.824702
  300.462803
  297.067618
  293.694623
  290.377106
  286.937539
  283.564544
  280.202645
  276.796365
  273.512133
  270.039280
  266.743953
  263.304386
  259.964678
  256.602779
  253.218689
  249.845694
  246.428318
  242.999847
  239.682329
  236.253858
  232.880863
  229.496773
  226.101588
  222.739689
  219.333408
  215.971509
  212.609610
  209.225520
  205.874716
  202.512817
  199.084346
  195.766828
  192.360547
  189.065220
  185.703321
  182.352517
  178.968427
  175.539956
  172.133675
  168.827253
  165.465354
  162.114550
  158.708269
  155.335275
  151.995567
  148.622572
  145.282864
  141.865488
  138.525779
  135.141689
  131.801981
  128.417891
  125.044896
  121.682997
  118.298907
  114.925913
  111.564014
  108.102256
  104.795834
  101.411744
   98.049845
   94.732327
   91.270569
   87.986338
   84.557866
   81.229253
   77.845163
   74.438883
   71.121365
   67.748371
   64.386471
   61.002382
   57.607196
   54.289679
   50.883398
   47.510403
   44.159600
   40.697842
   37.424706
   33.974044
   30.667621
   27.283532
   23.866155
   20.548638
   17.153453
   13.780458
   10.474036
    7.067755
    3.728047
    0.332861
  356.971260
  353.609658
  350.292140
  346.985718
  343.623819
  340.184252
  336.844544
  333.482645
  330.098555
  326.792132
  323.374756
  320.023952
  316.650958
  313.277963
  309.893873
  306.531974
  303.147884
  299.763794
  296.379705
  293.017805
  289.544952
  286.194149
  282.776773
  279.392683
  276.030784
  272.657789
  269.273699
  265.878514
  262.494424
  259.165811
  255.803912
  252.375440
  249.057923
  245.629451
  242.289743
  238.861271
  235.477181
  232.115282
  228.664620
  225.347102
  221.929726
  218.578923
  215.205928
  211.777457
  208.437748
  205.075849
  201.702854
  198.329860
  194.912484
  191.628252
  188.155399
  184.815691
  181.442696
  178.114083
  174.785470
  171.456857
  168.050577
  164.577724
  161.260206
  157.898307
  154.503122
  151.174509
  147.834800
  144.428520
  141.144288
  137.715817
  134.387204
  131.014209
  127.652310
  124.257125
  120.861939
  117.544422
  114.215809
  110.853909
  107.525296
  104.063539
  100.723830
   97.306454
   94.000032
   90.660324
   87.187471
   83.903239
   80.508054
   77.190536
   73.795351
   70.400166
   67.093743
   63.731844
   60.292277
   56.974760
   53.546288
   50.228771
   46.800299
   43.438400
   40.076501
   36.681316
   33.319416
   29.946422
   26.584523
   23.211528
   19.882915
   16.443348
   13.125831
    9.697359
    6.390937
    2.984656
  359.634051
  356.283446
  352.932840
  349.659704
  346.275614
  342.869333
  339.562911
  336.167726
  332.805827
  329.443927
  326.048742
  322.720129
  319.280562
  315.951949
  312.601145
  309.194865
  305.832966
  302.482162
  299.086976
  295.725077
  292.318797
  288.979088
  285.572808
  282.210908
  278.849009
  275.453824
  272.025353
  268.607976
  265.257173
  261.873083
  258.511184
  255.071617
  251.787385
  248.370009
  245.052492
  241.590734
  238.317598
  234.944603
  231.516132
  228.231900
  224.792334
  221.508102
  218.013058
  214.739922
  211.344737
  207.960647
  204.598748
  201.270135
  197.841663
  194.490860
  191.151151
  187.767061
  184.438448
  181.032168
  177.659173
  174.275083
  170.868802
  167.551285
  164.133909
  160.772010
  157.376824
  154.003830
  150.697407
  147.280031
  143.940323
  140.578424
  137.172143
  133.821339
  130.492726
  127.108636
  123.757833
  120.296075
  117.022939
  113.616658
  110.243664
  106.859574
  103.453293
  100.135775
   96.740590
   93.378691
   90.027887
   86.632702
   83.292993
   79.931094
   76.524814
   73.218391
   69.778825
   66.483498
   63.043931
   59.704222
   56.364514
   52.958233
   49.607430
   46.212244
   42.839250
   39.499541
   36.082165
   32.720266
   29.336176
   25.952086
   22.623473
   19.228288
   15.877484
   12.460108
    9.142590
    5.747405
    2.352220
  359.001615
  355.651010
  352.300404
  349.060553
  345.665368
  342.325660
  338.908284
  335.513098
  332.228867
  328.811491
  325.460687
  322.043311
  318.659221
  315.241845
  311.935423
  308.551333
  305.244911
  301.772058
  298.510017
  295.048259
  291.708551
  288.357747
  284.940371
  281.545186
  278.216573
  274.821387
  271.459488
  268.019921
  264.702404
  261.340505
  257.956415
  254.583420
  251.199330
  247.826336
  244.342387
  241.024870
  237.696257
  234.312167
  230.961363
  227.577273
  224.193183
  220.864570
  217.447194
  214.129676
  210.723396
  207.372592
  204.055074
  200.626603
  197.275799
  193.847328
  190.540905
  187.145720
  183.772726
  180.433017
  177.048927
  173.642647
  170.314034
  166.896658
  163.556949
  160.172859
  156.744388
  153.426870
  150.042780
  146.714167
  143.341173
  139.901606
  136.572993
  133.188903
  129.838099
  126.531677
  123.069919
  119.763497
  116.357216
  112.984222
  109.666704
  106.271519
  102.909620
   99.492244
   96.141440
   92.812827
   89.395451
   86.044647
   82.649462
   79.265372
   75.936759
   72.541573
   69.201865
   65.795584
   62.466971
   59.082881
   55.654410
   52.303606
   48.941707
   45.524331
   42.173527
   38.756151
   35.449729
   32.021257
   28.670454
   25.319650
   21.891178
   18.540375
   15.200666
   11.838767
    8.465772
    5.070587
    1.697593
  358.213942
  354.730291
  351.712349
  348.306068
  344.899787
  341.582270
  338.220370
  334.913948
  331.496572
  328.134673
  324.772774
  321.388684
  318.104452
  314.653790
  311.269700
  307.952183
  304.479330
  301.217289
  297.733341
  294.382537
  291.065019
  287.614357
  284.330125
  280.901654
  277.539755
  274.177856
  270.649526
  267.387485
  263.892441
  260.674782
  257.201929
  253.806744
  250.455940
  247.094041
  243.665569
  240.303670
  237.030534
  233.568777
  230.240164
  226.778406
  223.516365
  220.032417
  216.714899
  213.308619
  209.880147
  206.551534
  203.200730
  199.805545
  196.499123
  193.070651
  189.708752
  186.435616
  183.029335
  179.700722
  176.283346
  172.943638
  169.570643
  166.186553
  162.791368
  159.484946
  156.023188
  152.705671
  149.332676
  145.937491
  142.619973
  139.202597
  135.840698
  132.478799
  129.083613
  125.732810
  122.382006
  118.964630
  115.680398
  112.218641
  108.867837
  105.483747
  102.144039
   98.748853
   95.331477
   91.991769
   88.596584
   85.245780
   81.917167
   78.510886
   75.193368
   71.753802
   68.447379
   65.007813
   61.645913
   58.328396
   54.877734
   51.549121
   48.153935
   44.792036
   41.396851
   38.034952
   34.650862
   31.300058
   27.904873
   24.565164
   21.158884
   17.796984
   14.446181
   11.017709
    7.678001
    4.316102
    0.920916
  357.531576
  354.142236
  350.913481
  347.584868
  344.200778
  340.894356
  337.476980
  334.115081
  330.742086
  327.402378
  324.007193
  320.645294
  317.261204
  313.899304
  310.537405
  307.164411
  303.769225
  300.351849
  297.056523
  293.616956
  290.277247
  286.904253
  283.520163
  280.147168
  276.785269
  273.401179
  270.039280
  266.632999
  263.304386
  259.909201
  256.580588
  253.174307
  249.823504
  246.450509
  243.066419
  239.715615
  236.320430
  232.969626
  229.552250
  226.168160
  222.817356
  219.444362
  216.071367
  212.698373
  209.280997
  205.974575
  202.579389
  199.261872
  195.855591
  192.460406
  189.142888
  185.725512
  182.352517
  179.046095
  175.628719
  172.244629
  168.838348
  165.476449
  162.114550
  158.719365
  155.390752
  151.984471
  148.611477
  145.271768
  141.898774
  138.514684
  135.208261
  131.768695
  128.428986
  125.055992
  121.627520
  118.298907
  114.959199
  111.541823
  108.179924
  104.795834
  101.445030
   98.038749
   94.643564
   91.392619
   87.930861
   84.602248
   81.184872
   77.822973
   74.449978
   71.110270
   67.748371
   64.353185
   60.946905
   57.618292
   54.212011
   50.839016
   47.499308
   44.048646
   40.753319
   37.302657
   33.940758
   30.612145
   27.239150
   23.843965
   20.470970
   17.109071
   13.769363
   10.351987
    7.023374
    3.594902
    0.233003
  356.876949
  353.520895
  350.247759
  346.919146
  343.535056
  340.150966
  336.766876
  333.382786
  330.076364
  326.692274
  323.363661
  319.946285
  316.573290
  313.222487
  309.838397
  306.487593
  303.103503
  299.641745
  296.346418
  292.962328
  289.567143
  286.216339
  282.787868
  279.381587
  275.986402
  272.646694
  269.240413
  265.845228
  262.483328
  259.088143
  255.704053
  252.386536
  248.991350
  245.640547
  242.323029
  238.950034
  235.510468
  232.137473
  228.764478
  225.358198
  221.996299
  218.645495
  215.183737
  211.832933
  208.482130
  205.053658
  201.736141
  198.318765
  194.990152
  191.583871
  188.210876
  184.837882
  181.498173
  178.147370
  174.863138
  171.423571
  168.117149
  164.688678
  161.293492
  157.998165
  154.558599
  151.252176
  147.834800
  144.439615
  141.133193
  137.782389
  134.331727
  131.025304
  127.652310
  124.279315
  120.873035
  117.466754
  114.171427
  110.742956
  107.403247
  104.008062
  100.635067
   97.284264
   93.911269
   90.549370
   87.198566
   83.781190
   80.463672
   77.079582
   73.706588
   70.322498
   66.938408
   63.620890
   60.214610
   56.874901
   53.479716
   50.051245
   46.733727
   43.338542
   39.976643
   36.614743
   33.208463
   29.857659
   26.462474
   23.133861
   19.771961
   16.398967
   12.981591
    9.652978
    6.235602
    2.829321
  359.497208
  356.165095
  352.832982
  349.459987
  346.197946
  342.791666
  339.451957
  336.067867
  332.672682
  329.310783
  325.937788
  322.564794
  319.313848
  315.840995
  312.512382
  309.061720
  305.766393
  302.371208
  298.987118
  295.647410
  292.218938
  288.857039
  285.472949
  282.088859
  278.726960
  275.320679
  271.969876
  268.607976
  265.124028
  261.751034
  258.300371
  254.982854
  251.598764
  248.214674
  244.819489
  241.457589
  238.106786
  234.722696
  231.371892
  227.987802
  224.614808
  221.330576
  217.813342
  214.506919
  211.111734
  207.749835
  204.432317
  200.937273
  197.686328
  194.324429
  190.940339
  187.611726
  184.205445
  180.832451
  177.537124
  174.075366
  170.746753
  167.373759
  163.967478
  160.616674
  157.221489
  153.926162
  150.508786
  147.102505
  143.762797
  140.400898
  137.027903
  133.677099
  130.259723
  126.942206
  123.547020
  120.185121
  116.801031
  113.394751
  110.088328
  106.693143
  103.342339
   99.969345
   96.540873
   93.223356
   89.861457
   86.477367
   83.170944
   79.742473
   76.402765
   73.029770
   69.656775
   66.305972
   62.944072
   59.604364
   56.220274
   52.836184
   49.518667
   46.079100
   42.750487
   39.344206
   35.971212
   32.664789
   29.203032
   25.907705
   22.512519
   19.139525
   15.777626
   12.393536
    9.076018
    5.658642
    2.307838
  358.975725
  355.643612
  352.311499
  348.916314
  345.554414
  342.203611
  338.830616
  335.490908
  332.051341
  328.711632
  325.316447
  321.998930
  318.603744
  315.230750
  311.891041
  308.484761
  305.122861
  301.772058
  298.376872
  295.059355
  291.641979
  288.268984
  284.907085
  281.456423
  278.150000
  274.743720
  271.437298
  268.019921
  264.635832
  261.296123
  257.912033
  254.539039
  251.166044
  247.781954
  244.408960
  240.947202
  237.640780
  234.289976
  230.783837
  227.510701
  224.004562
  220.753616
  217.336240
  213.952150
  210.623537
  207.217257
  203.822071
  200.493458
  197.187036
  193.802946
  190.396666
  187.090243
  183.672867
  180.333159
  176.982355
  173.520597
  170.236366
  166.818990
  163.479281
  160.061905
  156.711102
  153.338107
  149.976208
  146.581023
  143.230219
  139.868320
  136.539707
  133.100140
  129.760431
  126.387437
  123.025538
  119.696925
  116.235167
  112.917649
  109.522464
  106.171660
  102.765380
   99.381290
   96.008295
   92.657491
   89.284497
   85.911502
   82.527412
   79.176609
   75.792519
   72.419524
   69.057625
   65.640249
   62.344922
   58.927546
   55.598933
   52.181557
   48.808562
   45.446663
   42.051478
   38.678483
   35.338775
   31.932494
   28.581691
   25.153219
   21.868988
   18.462707
   15.056426
   11.727813
    8.332628
    4.992920
    1.586639
  358.136275
  354.685910
  351.601395
  348.250591
  344.877596
  341.493507
  338.220370
  334.814090
  331.452191
  328.045910
  324.672915
  321.366493
  317.893640
  314.476264
  311.025602
  307.708084
  304.346185
  300.951000
  297.611291
  294.338155
  290.898588
  287.592166
  284.119313
  280.690842
  277.406610
  273.967043
  270.649526
  267.254341
  263.825869
  260.541638
  257.046594
  253.684695
  250.300605
  246.916515
  243.565711
  240.148335
  236.875199
  233.391251
  230.084828
  226.656357
  223.316648
  219.932559
  216.548469
  213.153283
  209.758098
  206.396199
  203.078681
  199.639114
  196.332692
  193.004079
  189.642180
  186.357948
  182.896191
  179.589769
  176.150202
  172.865970
  169.448594
  166.075600
  162.713700
  159.318515
  155.923330
  152.583621
  149.155150
  145.870919
  142.464638
  139.080548
  135.774126
  132.301273
  129.017041
  125.588570
  122.259957
  118.909153
  115.502872
  112.129878
  108.756883
  105.361698
  101.999799
   98.604613
   95.242714
   91.914101
   88.485630
   85.145921
   81.761831
   78.433218
   75.049129
   71.665039
   68.314235
   64.930145
   61.568246
   58.195251
   54.822257
   51.449262
   48.065172
   44.658892
   41.352469
   37.912902
   34.584289
   31.200200
   27.827205
   24.509687
   21.092311
   17.741507
   14.368513
   10.984423
    7.666905
    4.238434
    0.898726
  357.503838
  354.108950
  350.924577
  347.496105
  344.178588
  340.794498
  337.476980
  334.048509
  330.697705
  327.313615
  323.940620
  320.578721
  317.239013
  313.810541
  310.526310
  307.097839
  303.713749
  300.362945
  296.945569
  293.628051
  290.177389
  286.837681
  283.475781
  280.069501
  276.740888
  273.367893
  269.961612
  266.644095
  263.226719
  259.887010
  256.480730
  253.118830
  249.690359
  246.250792
  242.944370
  239.515899
  236.198381
  232.758814
  229.363629
  226.023920
  222.606544
  219.255741
  215.882746
  212.454275
  209.158948
  205.741572
  202.379672
  198.973392
  195.622588
  192.316166
  188.865504
  185.514700
  182.119514
  178.801997
  175.528861
  172.100389
  168.716299
  165.354400
  161.992501
  158.630602
  155.246512
  151.884613
  148.500523
  145.138624
  141.821106
  138.370444
  135.041831
  131.646645
  128.295842
  124.967229
  121.583139
  118.232335
  114.848245
  111.475251
  108.113351
  104.707071
  101.378458
   98.005463
   94.621373
   91.281665
   87.886479
   84.546771
   81.140490
   77.756400
   74.449978
   71.043698
   67.659608
   64.330995
   60.891428
   57.607196
   54.167629
   50.905589
   47.510403
   44.115218
   40.786605
   37.402515
   34.029521
   30.712003
   27.316818
   23.932728
   20.593019
   17.164548
   13.869221
   10.462940
    7.089946
    3.739142
    0.355052
  356.993450
  353.631849
  350.347617
  347.041195
  343.634914
  340.328492
  336.888925
  333.560312
  330.209508
  326.781037
  323.496805
  320.079429
  316.773007
  313.311250
  309.993732
  306.631833
  303.214457
  299.885844
  296.479563
  293.117664
  289.755765
  286.327293
  282.976489
  279.614590
  276.219405
  272.879697
  269.440130
  266.155898
  262.738522
  259.409909
  256.014724
  252.663920
  249.224353
  245.707119
  242.311933
  238.994416
  235.610326
  232.226236
  228.797765
  225.458056
  222.096157
  218.700972
  215.305786
  211.932792
  208.593083
  205.186803
  201.847094
  198.429718
  195.056724
  191.750302
  188.321830
  185.015408
  181.631318
  178.258323
  174.985187
  171.512334
  168.139340
  164.844013
  161.393351
  158.053642
  154.658457
  151.263272
  147.845896
  144.495092
  141.155383
  137.749103
  134.365013
  131.058591
  127.752168
  124.390269
  120.983988
  117.644280
  114.271285
  110.853909
  107.580773
  104.141206
  100.868070
   97.472885
   94.122081
   90.793468
   87.442664
   84.058574
   80.718866
   77.356967
   74.028354
   70.666455
   67.282365
   63.931561
   60.558566
   57.185572
   53.768196
   50.472869
   47.055493
   43.704689
   40.353885
   36.936509
   33.596801
   30.212711
   26.861907
   23.488913
   20.082632
   16.742924
   13.392120
   10.019125
    6.657226
    3.206564
  359.878149
  356.549735
  353.221320
  349.914898
  346.519712
  343.157813
  339.784819
  336.434015
  333.094306
  329.654740
  326.370508
  322.942037
  319.580137
  316.229334
  312.800862
  309.527726
  306.077064
  302.770642
  299.331075
  295.935889
  292.496323
  289.189900
  285.816906
  282.443911
  279.082012
  275.653541
  272.247260
  268.940838
  265.623320
  262.050609
  258.733091
  255.293524
  251.953816
  248.614108
  245.163445
  241.823737
  238.439647
  234.977889
  231.615990
  228.187519
  224.825620
  221.419339
  218.013058
  214.684445
  211.267069
  207.938456
  204.532176
  201.136990
  197.797282
  194.435383
  191.073484
  187.678298
  184.216541
  180.976691
  177.581505
  174.208511
  170.813326
  167.395949
  164.089527
  160.672151
  157.354633
  153.948353
  150.564263
  147.191268
  143.796083
  140.423089
  137.061189
  133.666004
  130.403963
  127.019873
  123.713451
  120.318266
  116.911985
  113.572277
  110.154901
  106.870669
  103.431102
  100.091394
   96.707304
   93.356500
   90.005696
   86.621607
   83.270803
   79.908904
   76.535909
   73.196201
   69.812111
   66.439116
   63.055026
   59.670936
   56.386705
   52.947138
   49.784956
   46.345389
   43.016776
   39.643781
   36.304073
   32.953269
   29.591370
   26.229471
   22.834285
   19.472386
   16.154869
   12.781874
    9.464356
    6.069171
    2.662890
  359.334475
  356.006061
  352.677646
  349.371224
  345.942753
  342.558663
  339.263336
  335.790483
  332.328725
  328.944635
  325.616022
  322.365077
  318.980987
  315.707851
  312.279379
  308.972957
  305.566677
  302.182587
  298.842878
  295.458788
  292.019221
  288.635132
  285.350900
  281.966810
  278.493957
  275.132058
  271.759063
  268.219638
  264.846644
  261.451458
  258.067369
  254.672183
  251.321379
  247.937290
  244.542104
  241.158014
  237.773924
  234.367644
  230.972458
  227.577273
  224.248660
  220.853475
  217.469385
  214.129676
  210.712300
  207.361497
  203.955216
  200.615508
  197.231418
  193.891709
  190.518715
  187.101339
  183.739439
  180.421922
  177.082213
  173.698123
  170.347320
  166.941039
  163.534758
  160.183955
  156.788769
  153.449061
  150.064971
  146.658690
  143.352268
  140.001464
  136.650660
  133.277666
  129.893576
  126.520581
  123.136492
  119.785688
  116.412693
  113.061889
  109.677799
  106.293710
  102.920715
   99.536625
   96.219107
   92.835018
   89.473118
   86.111219
   82.704939
   79.509470
   76.158666
   72.852244
   69.534726
   66.084064
   62.777642
   59.360266
   56.042748
   52.647563
   49.274568
   45.912669
   42.528579
   39.144489
   35.760399
   32.398500
   29.080983
   25.685797
   22.323898
   18.950904
   15.589004
   12.238201
    8.854111
    5.514402
    2.085931
  358.746421
  355.406911
  352.067401
  348.805360
  345.399079
  342.081562
  338.697472
  335.324477
  331.984769
  328.567393
  325.205493
  321.821404
  318.315264
  315.164177
  311.669134
  308.384902
  304.956431
  301.605627
  298.243728
  294.837447
  291.508834
  288.080363
  284.718464
  281.234515
  277.994665
  274.455240
  271.126627
  267.720346
  264.369543
  260.952166
  257.579172
  254.195082
  250.822087
  247.471284
  244.076098
  240.714199
  237.363395
  233.968210
  230.595216
  227.200030
  223.804845
  220.487327
  217.025570
  213.674766
  210.268485
  206.917682
  203.633450
  200.127311
  196.831984
  193.359131
  190.019423
  186.624237
  183.251243
  179.900439
  176.505254
  173.098973
  169.748169
  166.352984
  163.035466
  159.629186
  156.222905
  152.905387
  149.465821
  146.214875
  142.841881
  139.524363
  136.095892
  132.778374
  129.349903
  126.054576
  122.659390
  119.319682
  115.924497
  112.507121
  109.167412
  105.794418
  102.465805
   99.103905
   95.686529
   92.324630
   88.973826
   85.589736
   82.305505
   78.888129
   75.659374
   72.264189
   68.913385
   65.551486
   62.134110
   58.827688
   55.443598
   52.059508
   48.708704
   45.368996
   41.984906
   38.589720
   35.238917
   31.865922
   28.492928
   25.186505
   21.802415
   18.440516
   15.023140
   11.672336
    8.332628
    4.915252
    1.631020
  358.175108
  354.719196
  351.612490
  348.250591
  344.933073
  341.548983
  338.187084
  334.814090
  331.407809
  327.968242
  324.672915
  321.344302
  317.938022
  314.565027
  311.192033
  307.807943
  304.501520
  301.095240
  297.722245
  294.382537
  290.998447
  287.636548
  284.241362
  280.857272
  277.506469
  274.133474
  270.749384
  267.420771
  263.970109
  260.685877
  257.124262
  253.828935
  250.389368
  247.016373
  243.621188
  240.203812
  236.719864
  233.324678
  229.929493
  226.556498
  223.194599
  219.799414
  216.448610
  213.020139
  209.680430
  206.285245
  202.945537
  199.539256
  196.166261
  192.815458
  189.453559
  186.080564
  182.685379
  179.301289
  175.950485
  172.544204
  169.204496
  165.820406
  162.414125
  159.052226
  155.645945
  152.306237
  148.944338
  145.538057
  142.276016
  138.858640
  135.618790
  132.201414
  128.906087
  125.610761
  122.259957
  118.886962
  115.547254
  112.185355
  108.834551
  105.417175
  102.077466
   98.704472
   95.364763
   92.036150
   88.618774
   85.323447
   81.928262
   78.599649
   75.215559
   71.820374
   68.513952
   65.085480
   61.779058
   58.417159
   54.944306
   51.682265
   48.287080
   44.925181
   41.574377
   38.157001
   34.928246
   31.533061
   28.237734
   24.886930
   21.480649
   18.163132
   14.812328
   11.494810
    8.121816
    4.715535
    1.420208
  357.997582
  354.574956
  351.412773
  348.006493
  344.744452
  341.315981
  338.020654
  334.603278
  331.274665
  327.901670
  324.451008
  321.033632
  317.782686
  314.387501
  311.014507
  307.641512
  304.246327
  300.784569
  297.522528
  294.049675
  290.754349
  287.336972
  284.063836
  280.679746
  277.195798
  273.822804
  270.538572
  267.099005
  263.825869
  260.364112
  257.046594
  253.540455
  250.156365
  246.716798
  243.332708
  239.859855
  236.553433
  233.102771
  229.774158
  226.390068
  222.983787
  219.588602
  216.226703
  212.853708
  209.436332
  206.063338
  202.701438
  199.306253
  195.933259
  192.604646
  189.153983
  185.836466
  182.419090
  179.112667
  175.673101
  172.344488
  168.938207
  165.554117
  162.225504
  158.808128
  155.435133
  152.051043
  148.689144
  145.360531
  142.098490
  138.658924
  135.352501
  131.946221
  128.628703
  125.222422
  121.838332
  118.531910
  115.081248
  111.785921
  108.379640
  105.062123
  101.666937
   98.282848
   94.943139
   91.547954
   88.374676
   85.012777
   81.584305
   78.266788
   74.915984
   71.554085
   68.225472
   64.774810
   61.479483
   58.051011
   54.711303
   51.360499
   47.932028
   44.625605
   41.241515
   37.912902
   34.506622
   31.144723
   27.849396
   24.465306
   21.081216
   17.730412
   14.379608
   11.017709
    7.644715
    4.271720
    0.876535
  357.503838
  354.131141
  350.858005
  347.496105
  344.156397
  340.727926
  337.321645
  334.048509
  330.697705
  327.313615
  323.940620
  320.612007
  317.239013
  313.854923
  310.448642
  307.097839
  303.724844
  300.362945
  296.978855
  293.550383
  290.188484
  286.870967
  283.497972
  280.058405
  276.740888
  273.434465
  270.028185
  266.621904
  263.182337
  259.809343
  256.380871
  252.908018
  249.546119
  246.128743
  242.700272
  239.382754
  235.932092
  232.570193
  229.163912
  225.790917
  222.395732
  218.967261
  215.605362
  212.243462
  208.870468
  205.497473
  202.080097
  198.751484
  195.334108
  191.972209
  188.654691
  185.226220
  181.875416
  178.524612
  175.162713
  171.778623
  168.383438
  165.065920
  161.704021
  158.253359
  154.958032
  151.518465
  148.223138
  144.816858
  141.599198
  138.281681
  134.941972
  131.602264
  128.251460
  124.856275
  121.549853
  118.154667
  114.837150
  111.408678
  108.035684
  104.718166
  101.345172
   97.972177
   94.588087
   91.248379
   87.908670
   84.502390
   81.162681
   77.800782
   74.416692
   71.076984
   67.670703
   64.319899
   60.913619
   57.573910
   54.200916
   50.794635
   47.432736
   44.059741
   40.697842
   37.335943
   33.918567
   30.623240
   27.239150
   23.866155
   20.493161
   17.097976
   13.847030
   10.418559
    7.089946
    3.650379
    0.288480
  356.910235
  353.531990
  350.281045
  346.963527
  343.546151
  340.150966
  336.811258
  333.427168
  330.087459
  326.692274
  323.408042
  319.968476
  316.628767
  313.244677
  309.871683
  306.498688
  303.025835
  299.708318
  296.346418
  293.017805
  289.600429
  286.227435
  282.854440
  279.525827
  276.064070
  272.757647
  269.362462
  266.011658
  262.660855
  259.243478
  255.903770
  252.442012
  249.024636
  245.585070
  242.234266
  238.872367
  235.488277
  232.093091
  228.731192
  225.291626
  221.940822
  218.556732
  215.194833
  211.810743
  208.415557
  205.086944
  201.658473
  198.285478
  194.923579
  191.583871
  188.210876
  184.826786
  181.453792
  178.136274
  174.707803
  171.379190
  167.950718
  164.622105
  161.326778
  157.909402
  154.580789
  151.163413
  147.856991
  144.461806
  141.122097
  137.726912
  134.353917
  131.047495
  127.630119
  124.312601
  120.895225
  117.555517
  114.204713
  110.787337
  107.436533
  104.063539
  100.657258
   97.328645
   93.922364
   90.604847
   87.242948
   83.869953
   80.607912
   77.212727
   73.839732
   70.500024
   67.115934
   63.776226
   60.403231
   57.030237
   53.734910
   50.284248
   46.955635
   43.571545
   40.176359
   36.858842
   33.452561
   30.112853
   26.706572
   23.366863
   20.016060
   16.631970
   13.281166
    9.941458
    6.546272
    3.262041
  359.881848
  356.501655
  353.121462
  349.803944
  346.508617
  343.102336
  339.773723
  336.334156
  333.038829
  329.621453
  326.270650
  322.886560
  319.557947
  316.173857
  312.823053
  309.427868
  306.054873
  302.670783
  299.264503
  295.935889
  292.507418
  289.178805
  285.783620
  282.410625
  279.093108
  275.675731
  272.280546
  268.896456
  265.467985
  262.083895
  258.677614
  255.304620
  251.931625
  248.525344
  245.185636
  241.768260
  238.439647
  235.044462
  231.649276
  228.287377
  224.892192
  221.519197
  218.101821
  214.540205
  211.145020
  207.816407
  204.443413
  201.114800
  197.730710
  194.379906
  190.962530
  187.611726
  184.205445
  180.843546
  177.526028
  174.075366
  170.835516
  167.340473
  164.011860
  160.583388
  157.265870
  153.959448
  150.553168
  147.213459
  143.840465
  140.445279
  137.105571
  133.721481
  130.359582
  127.030969
  123.635783
  120.329361
  116.911985
  113.583372
  110.165996
  106.815192
  103.519865
  100.280015
   96.907021
   93.545122
   90.183222
   86.854609
   83.459424
   80.141906
   76.813293
   73.429204
   70.133877
   66.716501
   63.376792
   60.037084
   56.664089
   53.390953
   49.951386
   46.644964
   43.216493
   39.865689
   36.559266
   33.175177
   29.802182
   26.429187
   23.045098
   19.705389
   16.332395
   13.003782
    9.464356
    6.169029
    2.607414
  359.264205
  355.920997
  352.577788
  349.304652
  345.876180
  342.436614
  339.174573
  335.757197
  332.350916
  328.989017
  325.604927
  322.376172
  319.003178
  315.630183
  312.179521
  308.906385
  305.577772
  302.182587
  298.720829
  295.370025
  291.952649
  288.635132
  285.251042
  281.822570
  278.604911
  275.176440
  271.759063
  268.363878
  265.046361
  261.728843
  258.167227
  254.938472
  251.454524
  248.103720
  244.764012
  241.313350
  237.973641
  234.567361
  231.183271
  227.776990
  224.304137
  220.942238
  217.558148
  214.185153
  210.801063
  207.428069
  204.055074
  200.682080
  197.286895
  193.958281
  190.529810
  187.234483
  183.817107
  180.477399
  177.104404
  173.720314
  170.358415
  166.985421
  163.656808
  160.306004
  156.888628
  153.548919
  150.142639
  146.825121
  143.452126
  140.045846
  136.772710
  133.299857
  130.004530
  126.609344
  123.247445
  119.885546
  116.523647
  113.172843
  109.944089
  106.537808
  103.253576
   99.847296
   96.485396
   93.134593
   89.761598
   86.421890
   83.015609
   79.675901
   76.314001
   72.963198
   69.667871
   66.217209
   62.910786
   59.548887
   56.253560
   52.869470
   49.496476
   46.134577
   42.817059
   39.421874
   36.104356
   32.709171
   29.369462
   25.963182
   22.634569
   19.294860
   15.899675
   12.571062
    9.209163
    5.802882
    2.452078
  359.112568
  355.773058
  352.433548
  349.093840
  345.798513
  342.358946
  338.886093
  335.657338
  332.040246
  328.733823
  325.571641
  322.154265
  318.770175
  315.419371
  311.935423
  308.640096
  305.267101
  301.894107
  298.476731
  295.114832
  291.808409
  288.268984
  284.940371
  281.534090
  278.161096
  274.854674
  271.537156
  268.241829
  264.857739
  261.451458
  258.022987
  254.461371
  251.132758
  247.693191
  244.242529
  240.958298
  237.540921
  234.179022
  230.750551
  227.355366
  224.015657
  220.609377
  217.247477
  213.863387
  210.457107
  207.117398
  203.744404
  200.327028
  197.009510
  193.569943
  190.252426
  186.823954
  183.539723
  180.133442
  176.738257
  173.398548
  169.992268
  166.619273
  163.235183
  159.873284
  156.500289
  153.182772
  149.809777
  146.514450
  143.085979
  139.779557
  136.395467
  133.044663
  129.727145
  126.298674
  122.958965
  119.574876
  116.246263
  112.851077
  109.489178
  106.093993
  102.765380
   99.359099
   96.052677
   92.635301
   89.295592
   85.922598
   82.538508
   79.343039
   76.036617
   73.140724
   70.333593
   67.903706
   65.729012
   63.809512
   60.441305
   57.073097
   59.737509
   56.369302
   58.428254
   55.060047
   58.184156
   54.815949
   58.239633
   54.871426
   58.206347
   54.838140
   58.228537
   54.860330
   58.372777
   55.004570
   58.417159
   55.048952
   58.383873
   55.015666
   58.339491
   54.971284
   58.350586
   54.982379
   58.372777
   55.004570
   58.394968
   55.026761
   58.383873
   55.015666
   58.361682
   54.993475
   58.394968
   55.026761
   58.417159
   55.048952
   58.339491
   54.971284
   58.328396
   54.960189
   58.339491
   54.971284
   58.339491
   54.971284
   58.317300
   54.949093
   58.173060
   54.804853
   57.596101
   54.227894
   56.808329
   53.440122
   55.643315
   52.275108
   54.112153
   50.743946
   47.375738
   51.127496
   47.759289
   44.391081
   47.343973
   43.975766
   40.607558
