  187.190102
  183.817107
  180.488494
  177.115500
  173.709219
  170.391701
  166.974325
  163.601331
  160.272718
  156.833151
  153.515633
  150.153734
  146.747453
  143.429936
  140.045846
  136.672851
  133.277666
  129.949053
  126.587154
  123.169778
  119.830069
  116.434884
  113.072985
  109.699990
  106.315900
  102.976192
   99.581007
   96.208012
   92.846113
   89.439832
   86.100124
   82.738225
   79.343039
   76.014426
   72.641432
   69.246246
   65.906538
   62.500257
   59.138358
   55.776459
   52.392369
   49.019375
   45.624189
   42.229004
   38.867105
   35.549587
   32.121116
   28.759217
   25.419508
   22.024323
   18.695710
   15.289429
   11.905339
    8.587822
    5.203732
    1.819642
  358.424655
  355.029668
  351.634681
  348.294973
  344.977455
  341.615556
  338.231466
  334.902853
  331.518763
  328.134673
  324.783869
  321.399779
  318.048975
  314.675981
  311.302986
  307.918896
  304.545902
  301.184003
  297.788817
  294.482395
  291.065019
  287.658738
  284.341221
  280.934940
  277.584136
  274.233332
  270.804861
  267.454057
  264.103253
  260.752450
  257.390551
  254.017556
  250.666752
  247.282662
  243.920763
  240.536673
  237.152583
  233.812875
  230.406594
  227.033600
  223.616224
  220.309801
  216.970093
  213.552717
  210.201913
  206.851109
  203.489210
  200.127311
  196.743221
  193.403513
  190.019423
  186.646428
  183.284529
  179.900439
  176.549635
  173.154450
  169.825837
  166.452842
  163.057657
  159.717949
  156.300573
  152.905387
  149.587870
  146.181589
  142.852976
  139.479982
  136.084796
  132.778374
  129.349903
  126.032385
  122.659390
  119.219824
  115.902306
  112.496025
  109.123031
  105.794418
  102.377042
   99.015142
   95.642148
   92.258058
   88.929445
   85.556450
   82.172360
   78.821557
   75.426371
   72.064472
   68.713668
   65.307388
   61.989870
   58.572494
   55.232786
   51.837600
   48.464606
   45.102707
   41.696426
   38.367813
   34.961532
   31.566347
   28.237734
   24.820358
   21.458459
   18.129846
   14.712470
   11.372761
    7.999767
    4.626772
    1.275968
  357.742388
  354.208808
  351.124294
  347.729108
  344.422686
  341.049691
  337.665602
  334.348084
  330.930708
  327.579904
  324.206910
  320.856106
  317.505302
  314.121212
  310.748217
  307.341937
  304.013324
  300.607043
  297.234049
  293.894340
  290.465869
  287.137256
  283.775357
  280.346885
  277.040463
  273.634182
  270.305569
  266.943670
  263.526294
  260.175490
  256.802496
  253.418406
  250.100888
  246.683512
  243.343804
  239.970809
  236.631101
  233.213725
  229.862921
  226.478831
  223.128027
  219.777223
  216.348752
  212.964662
  209.669335
  206.263054
  202.934441
  199.550351
  196.144071
  192.826553
  189.442463
  186.080564
  182.729760
  179.345670
  175.983771
  172.599681
  169.237782
  165.875883
  162.480698
  159.129894
  155.767995
  152.372809
  149.044196
  145.637916
  142.298207
  138.903022
  135.552218
  132.179224
  128.784038
  125.466521
  122.049145
  118.709436
  115.347537
  111.930161
  108.590453
  105.217458
  101.822273
   98.471469
   95.076284
   91.714384
   88.363581
   84.979491
   81.617592
   78.244597
   74.882698
   71.520799
   68.147804
   64.774810
   61.401815
   58.051011
   54.622540
   51.249545
   47.943123
   44.525747
   41.174943
   37.768663
   34.395668
   31.078150
   27.616393
   24.309971
   20.903690
   17.519600
   14.190987
   10.817992
    7.433902
    4.083099
    0.699009
  357.232001
  353.764993
  350.547334
  347.240912
  343.834631
  340.472732
  337.077547
  333.760029
  330.398130
  326.991849
  323.641045
  320.268051
  316.939438
  313.577539
  310.149067
  306.842645
  303.403078
  300.030084
  296.712566
  293.295190
  289.922195
  286.527010
  283.142920
  279.825402
  276.452408
  273.057223
  269.772991
  266.311233
  262.960430
  259.620721
  256.247727
  252.874732
  249.512833
  246.162029
  242.777939
  239.416040
  236.065236
  232.658956
  229.308152
  225.912967
  222.528877
  219.211359
  215.782888
  212.465370
  209.103471
  205.719381
  202.379672
  198.951201
  195.622588
  192.293975
  188.876599
  185.536891
  182.141705
  178.768711
  175.406812
  172.056008
  168.694109
  165.287828
  161.937024
  158.564030
  155.191035
  151.829136
  148.422855
  145.072051
  141.699057
  138.326062
  135.019640
  131.591169
  128.240365
  124.900656
  121.516566
  118.132477
  114.770577
  111.364297
  108.035684
  104.618308
  101.267504
   97.905605
   94.499324
   91.181806
   87.797716
   84.413627
   81.073918
   77.678733
   74.316834
   70.954935
   67.604131
   64.231136
   60.791569
   57.451861
   54.101057
   50.716967
   47.355068
   43.959883
   40.597984
   37.202798
   33.874185
   30.501191
   27.072719
   23.733011
   20.304540
   16.953736
   13.647313
   10.218842
    6.868038
    3.495044
    0.122049
  356.671684
  353.221320
  349.981470
  346.641761
  343.279862
  339.929058
  336.544968
  333.194165
  329.821170
  326.459271
  323.097372
  319.702187
  316.362478
  312.934007
  309.627584
  306.243495
  302.859405
  299.508601
  296.124511
  292.718230
  289.422903
  285.994432
  282.632533
  279.281729
  275.842162
  272.513549
  269.151650
  265.756465
  262.427852
  259.043762
  255.692958
  252.375440
  248.958064
  245.596165
  242.267552
  238.827985
  235.454991
  232.081996
  228.709002
  225.369293
  221.963012
  218.645495
  215.250310
  211.877315
  208.548702
  205.142421
  201.769427
  198.396432
  195.067819
  191.683729
  188.310735
  184.948836
  181.542555
  178.213942
  174.896424
  171.467953
  168.117149
  164.766345
  161.337874
  157.987070
  154.602980
  151.229986
  147.912468
  144.472901
  141.144288
  137.782389
  134.387204
  131.047495
  127.685596
  124.301506
  120.917416
  117.566612
  114.204713
  110.809528
  107.447629
  104.041348
  100.690544
   97.317550
   93.944555
   90.593751
   87.198566
   83.847762
   80.508054
   77.101773
   73.739874
   70.377975
   66.982790
   63.665272
   60.281182
   56.885997
   53.557384
   50.140008
   46.767013
   43.371828
   39.976643
   36.648030
   33.275035
   29.879850
   26.529046
   23.133861
   19.805248
   16.421158
   13.059258
    9.686264
    6.302174
    2.951370
  359.545288
  356.139205
  352.733123
  349.404510
  346.086993
  342.713998
  339.374290
  336.012390
  332.606110
  329.266401
  325.882311
  322.509317
  319.180704
  315.796614
  312.423619
  309.039529
  305.633249
  302.293540
  298.920546
  295.536456
  292.196748
  288.790467
  285.417472
  282.055573
  278.693674
  275.331775
  271.947685
  268.574690
  265.212791
  261.850892
  258.488993
  255.060521
  251.765195
  248.358914
  244.985919
  241.624020
  238.239930
  234.911317
  231.527227
  228.109851
  224.770143
  221.386053
  218.001963
  214.684445
  211.267069
  207.916265
  204.554366
  201.148086
  197.841663
  194.479764
  191.128960
  187.744870
  184.349685
  180.998881
  177.659173
  174.275083
  170.857707
  167.484712
  164.145004
  160.760914
  157.410110
  154.026020
  150.653026
  147.302222
  143.907037
  140.578424
  137.183239
  133.876816
  130.481631
  127.075350
  123.713451
  120.362647
  116.956367
  113.649944
  110.210378
  106.837383
  103.464388
  100.102489
   96.740590
   93.367596
   90.016792
   86.599416
   83.292993
   79.919999
   76.524814
   73.185105
   69.778825
   66.439116
   63.088312
   59.670936
   56.331228
   52.947138
   49.551953
   46.234435
   42.817059
   39.444064
   36.082165
   32.675885
   29.336176
   25.952086
   22.545806
   19.217193
   15.855293
   12.504490
    9.109304
    5.758501
    2.374411
  358.972027
  355.569643
  352.167259
  348.871932
  345.498938
  342.148134
  338.830616
  335.402145
  332.073532
  328.689442
  325.294256
  321.987834
  318.603744
  315.241845
  311.857755
  308.462570
  305.122861
  301.738772
  298.365777
  294.992782
  291.619788
  288.246793
  284.873799
  281.511900
  278.105619
  274.765911
  271.415107
  267.986635
  264.658022
  261.285028
  257.889842
  254.561229
  251.143853
  247.826336
  244.420055
  241.047061
  237.718448
  234.312167
  230.950268
  227.610559
  224.193183
  220.864570
  217.491576
  214.107486
  210.723396
  207.361497
  204.021788
  200.648794
  197.297990
  193.936091
  190.529810
  187.223388
  183.828202
  180.488494
  177.115500
  173.664837
  170.336224
  166.941039
  163.568044
  160.250527
  156.833151
  153.471252
  150.109352
  146.691976
  143.374459
  139.990369
  136.639565
  133.288761
  129.904671
  126.531677
  123.191968
  119.796783
  116.457075
  113.050794
  109.655609
  106.304805
  102.909620
   99.558816
   96.163631
   92.857208
   89.428737
   86.055742
   82.760415
   79.343039
   75.981140
   72.597050
   69.235151
   65.906538
   62.478067
   59.160549
   55.765364
   52.359083
   49.030470
   45.624189
   42.262290
   38.911486
   35.527396
   32.121116
   28.759217
   25.408413
   22.013228
   18.673519
   15.267238
   11.894244
    8.576726
    5.181541
    1.797451
  358.420956
  355.044462
  351.667967
  348.328259
  344.944169
  341.648842
  338.231466
  334.880662
  331.518763
  328.079196
  324.761678
  321.410875
  318.026785
  314.675981
  311.291891
  307.907801
  304.545902
  301.195098
  297.811008
  294.415823
  291.031733
  287.658738
  284.319030
  280.912749
  277.561946
  274.211142
  270.793766
  267.465153
  264.092158
  260.708068
  257.368360
  253.962079
  250.600180
  247.260472
  243.865286
  240.503387
  237.130393
  233.757398
  230.384403
  227.033600
  223.627319
  220.287611
  216.925711
  213.508335
  210.179722
  206.795632
  203.433733
  200.094025
  196.709935
  193.336940
  189.975041
  186.579856
  183.262338
  179.889344
  176.494158
  173.132259
  169.770360
  166.397366
  163.024371
  159.684663
  156.278382
  152.927578
  149.543488
  146.170494
  142.808595
  139.435600
  136.095892
  132.722897
  129.327712
  125.999099
  122.637200
  119.197633
  115.880115
  112.484930
  109.123031
  105.772227
  102.377042
   99.015142
   95.631052
   92.269153
   88.918350
   85.534260
   82.139074
   78.810461
   75.404181
   72.064472
   68.680382
   65.318483
   61.934393
   58.583589
   55.210595
   51.804314
   48.431320
   45.047230
   41.663140
   38.312336
   34.928246
   31.555252
   28.237734
   24.809262
   21.480649
   18.074369
   14.723565
   11.350570
    7.977576
    4.604581
    1.242682
  357.731293
  354.219904
  351.091007
  347.729108
  344.400495
  341.049691
  337.676697
  334.292607
  330.930708
  327.557713
  324.206910
  320.822820
  317.438730
  314.099021
  310.714931
  307.364128
  303.991133
  300.562662
  297.245144
  293.883245
  290.488059
  287.159446
  283.730975
  280.357980
  277.007177
  273.611991
  270.272283
  266.910384
  263.537389
  260.175490
  256.780305
  253.429501
  250.056506
  246.727893
  243.310517
  239.937523
  236.597814
  233.180438
  229.840730
  226.478831
  223.039264
  219.755033
  216.348752
  212.986853
  209.624954
  206.263054
  202.901155
  199.539256
  196.110785
  192.804362
  189.453559
  186.069469
  182.729760
  179.312384
  175.983771
  172.610777
  169.237782
  165.875883
  162.469602
  159.107703
  155.734708
  152.383905
  149.022006
  145.660106
  142.298207
  138.914117
  135.552218
  132.179224
  128.817324
  125.466521
  122.071335
  118.687245
  115.369728
  111.952352
  108.601548
  105.228553
  101.855559
   98.471469
   95.076284
   91.736575
   88.374676
   84.990586
   81.617592
   78.255692
   74.893793
   71.531894
   68.203281
   64.785905
   61.401815
   58.062107
   54.633635
   51.305022
   47.932028
   44.514652
   41.186039
   37.757567
   34.440050
   31.067055
   27.660774
   24.287780
   20.948071
   17.508505
   14.202082
   10.817992
    7.467189
    4.116385
    0.699009
  357.248644
  353.798279
  350.536239
  347.240912
  343.879013
  340.528209
  337.133023
  333.771124
  330.431416
  327.058421
  323.696522
  320.312432
  316.939438
  313.577539
  310.182353
  306.864836
  303.469650
  300.063370
  296.723661
  293.317381
  289.955481
  286.593582
  283.165111
  279.836498
  276.463503
  273.079413
  269.750800
  266.322329
  263.049193
  259.642912
  256.258822
  252.908018
  249.512833
  246.150934
  242.800130
  239.427136
  236.043046
  232.658956
  229.330343
  225.924062
  222.573258
  219.211359
  215.793983
  212.465370
  209.092375
  205.719381
  202.401863
  198.995583
  195.655874
  192.282880
  188.909885
  185.559081
  182.141705
  178.801997
  175.440098
  172.056008
  168.694109
  165.321114
  161.981406
  158.575125
  155.246512
  151.829136
  148.445046
  145.116433
  141.732343
  138.392635
  135.041831
  131.602264
  128.273651
  124.911752
  121.527662
  118.199049
  114.748387
  111.419774
  108.024588
  104.640498
  101.278599
   97.883414
   94.543706
   91.170711
   87.808812
   84.413627
   81.062823
   77.723114
   74.316834
   70.988221
   67.615226
   64.220041
   60.891428
   57.474052
   54.101057
   50.750253
   47.343973
   43.982074
   40.620174
   37.213894
   33.885281
   30.490095
   27.139292
   23.777392
   20.348921
   17.009213
   13.647313
   10.252128
    6.879134
    3.561616
    0.155335
  356.721613
  353.287892
  350.003661
  346.719429
  343.324244
  339.929058
  336.622636
  333.216355
  329.854456
  326.503653
  323.130658
  319.779854
  316.395764
  313.044960
  309.671966
  306.287876
  302.925977
  299.508601
  296.191083
  292.751516
  289.445094
  286.038813
  282.665819
  279.337206
  275.919830
  272.557931
  269.196031
  265.800846
  262.472233
  259.110334
  255.748435
  252.364345
  249.013541
  245.640547
  242.245361
  238.883462
  235.521563
  232.126378
  228.764478
  225.391484
  222.029585
  218.623304
  215.261405
  211.943887
  208.548702
  205.220089
  201.813808
  198.440814
  195.134391
  191.717015
  188.377307
  185.015408
  181.620223
  178.258323
  174.896424
  171.523430
  168.128244
  164.766345
  161.404446
  158.031451
  154.691743
  151.318749
  147.934659
  144.572759
  141.210860
  137.848961
  134.475967
  131.080781
  127.763264
  124.312601
  121.006179
  117.633185
  114.249095
  110.887196
  107.503106
  104.130111
  100.746021
   97.395217
   94.044414
   90.649228
   87.265138
   83.903239
   80.596817
   77.179441
   73.817542
   70.466738
   67.071553
   63.698558
   60.358850
   56.941474
   53.601765
   50.217675
   46.855776
   43.493877
   40.043215
   36.725697
   33.341607
   29.957517
   26.595618
   23.233719
   19.860724
   16.543207
   13.114735
    9.730645
    6.379842
    2.995752
  359.589670
  356.183587
  352.777505
  349.482178
  346.153565
  342.791666
  339.407576
  336.078963
  332.661587
  329.332974
  325.971074
  322.553698
  319.258371
  315.863186
  312.490192
  309.117197
  305.699821
  302.349017
  298.998213
  295.603028
  292.241129
  288.857039
  285.528426
  282.133241
  278.771342
  275.376156
  272.025353
  268.641263
  265.257173
  261.917464
  258.522279
  255.182571
  251.809576
  248.414391
  245.119064
  241.712783
  238.339789
  234.977889
  231.560513
  228.220805
  224.847810
  221.463721
  218.068535
  214.717731
  211.366928
  207.982838
  204.620939
  201.225753
  197.897140
  194.568527
  191.151151
  187.811443
  184.416257
  181.065454
  177.725745
  174.297274
  170.946470
  167.562380
  164.211576
  160.849677
  157.476683
  154.092593
  150.741789
  147.357699
  144.006895
  140.611710
  137.260906
  133.887912
  130.526012
  127.175209
  123.791119
  120.451410
  117.034034
  113.705421
  110.321331
  106.903955
  103.586438
  100.191252
   96.784972
   93.467454
   90.050078
   86.710370
   83.348470
   79.986571
   76.624672
   73.251678
   69.856492
   66.483498
   63.154885
   59.759699
   56.342323
   53.024806
   49.618525
   46.245530
   42.861441
   39.477351
   36.170928
   32.731362
   29.391653
   26.029754
   22.612378
   19.294860
   15.910770
   12.515585
    9.153686
    5.769596
    2.440983
  359.031202
  355.621422
  352.211641
  348.960695
  345.576605
  342.214706
  338.852807
  335.468717
  332.106818
  328.778205
  325.371924
  322.032216
  318.659221
  315.264036
  311.935423
  308.529142
  305.167243
  301.783153
  298.454540
  295.070450
  291.686360
  288.291175
  284.929276
  281.556281
  278.194382
  274.810292
  271.459488
  268.042112
  264.702404
  261.373791
  257.945319
  254.627802
  251.276998
  247.892908
  244.542104
  241.135824
  237.773924
  234.412025
  231.016840
  227.677132
  224.270851
  220.886761
  217.547053
  214.185153
  210.789968
  207.394783
  204.077265
  200.682080
  197.364562
  193.980472
  190.596382
  187.289960
  183.872584
  180.532876
  177.137690
  173.775791
  170.436083
  167.040897
  163.656808
  160.306004
  156.955200
  153.560015
  150.187020
  146.847312
  143.463222
  140.112418
  136.717233
  133.366429
  130.026720
  126.598249
  123.269636
  119.907737
  116.501456
  113.195034
  109.766562
  106.393568
  103.009478
   99.636483
   96.274584
   92.923781
   89.539691
   86.199982
   82.826988
   79.453993
   76.058808
   72.708004
   69.323914
   65.962015
   62.655593
   59.216026
   55.865222
   52.492228
   49.108138
   45.768429
   42.328862
   38.978059
   35.605064
   32.198783
   28.892361
   25.486080
   22.101991
   18.751187
   15.367097
   12.005198
    8.654394
    5.270304
    1.908405
  358.506021
  355.103637
  351.701253
  348.405926
  345.010741
  341.671033
  338.342420
  334.925043
  331.585335
  328.234531
  324.806060
  321.510733
  318.115548
  314.753648
  311.391749
  307.996564
  304.645760
  301.217289
  297.888676
  294.515681
  291.131591
  287.747501
  284.374507
  281.034798
  277.628518
  274.299905
  270.926910
  267.531725
  264.203112
  260.807927
  257.434932
  254.095224
  250.688943
  247.338139
  243.954049
  240.569959
  237.263537
  233.857256
  230.473166
  227.122363
  223.693891
  220.365278
  216.992284
  213.597098
  210.279581
  206.884395
  203.511401
  200.127311
  196.820889
  193.436799
  190.041613
  186.701905
  183.328911
  179.967011
  176.616208
  173.209927
  169.881314
  166.463938
  163.090943
  159.762330
  156.344954
  153.016341
  149.621156
  146.259257
  142.875167
  139.535458
  136.184655
  132.789469
  129.449761
  126.065671
  122.681581
  119.341873
  115.968878
  112.606979
  109.178508
  105.816608
  102.487995
   99.059524
   95.708720
   92.357916
   88.940540
   85.634118
   82.238933
   78.888129
   75.537325
   72.142140
   68.802431
   65.407246
   62.045347
   58.672352
   55.288262
   51.915268
   48.508987
   45.124897
   41.785189
   38.412194
   35.028104
   31.621824
   28.248829
   24.931312
   21.502840
   18.185323
   14.801233
   11.450429
    8.088530
    4.660058
    1.342541
  357.808961
  354.275381
  351.168675
  347.806776
  344.500354
  341.127359
  337.787651
  334.403561
  330.997280
  327.646476
  324.295673
  320.933773
  317.560779
  314.154498
  310.848076
  307.441795
  304.090991
  300.684711
  297.289525
  293.960912
  290.576822
  287.203828
  283.830833
  280.435648
  277.095940
  273.711850
  270.316664
  266.988051
  263.548485
  260.253158
  256.857972
  253.518264
  250.167460
  246.750084
  243.410376
  240.015191
  236.675482
  233.280297
  229.885112
  226.578689
  223.183504
  219.799414
  216.459706
  213.020139
  209.713717
  206.329627
  202.934441
  199.605828
  196.232834
  192.904221
  189.509035
  186.180422
  182.785237
  179.423338
  176.028153
  172.655158
  169.293259
  165.886978
  162.569461
  159.218657
  155.779090
  152.450477
  149.088578
  145.704488
  142.364779
  138.969594
  135.596600
  132.245796
  128.883897
  125.533093
  122.149003
  118.764913
  115.391919
  112.007829
  108.634834
  105.272935
  101.899940
   98.538041
   95.165047
   91.814243
   88.419058
   85.068254
   81.684164
   78.288979
   74.971461
   71.587371
   68.225472
   64.874668
   61.468387
   58.139774
   54.755684
   51.338308
   47.976409
   44.570129
   41.208229
   37.868521
   34.484431
   31.122532
   27.738442
   24.365447
   20.981357
   17.630554
   14.257559
   10.851278
    7.533761
    4.138576
    0.787772
  357.293025
  353.798279
  350.636097
  347.274198
  343.912299
  340.594781
  337.177405
  333.848792
  330.475797
  327.080612
  323.763094
  320.356814
  317.028201
  313.621920
  310.260021
  306.875931
  303.514032
  300.174323
  296.779138
  293.439430
  290.022054
  286.649059
  283.298255
  279.836498
  276.541171
  273.145986
  269.761896
  266.455473
  263.038097
  259.676198
  256.303204
  252.941304
  249.590501
  246.195315
  242.844512
  239.438231
  236.098523
  232.714433
  229.396915
  226.012825
  222.506686
  219.233550
  215.860555
  212.487561
  209.125662
  205.752667
  202.424054
  199.017773
  195.666970
  192.305070
  188.965362
  185.581272
  182.163896
  178.857474
  175.473384
  172.111485
  168.749585
  165.310019
  161.970310
  158.619506
  155.235417
  151.884613
  148.478332
  145.149719
  141.776724
  138.381539
  135.030735
  131.713218
  128.295842
  124.945038
  121.549853
  118.176858
  114.826054
  111.453060
  108.068970
  104.718166
  101.334076
   97.949986
   94.632469
   91.192902
   87.864289
   84.513485
   81.129395
   77.767496
   74.394501
   71.032602
   67.648512
   64.297708
   60.913619
   57.562815
   54.189820
   50.772444
   47.432736
   44.059741
   40.653461
   37.313752
   33.907471
   30.534477
   27.205864
   23.766297
   20.459875
   17.042499
   13.702790
   10.363082
    6.956801
    3.572711
    0.233003
  356.799282
  353.365560
  350.070233
  346.741620
  343.401911
  340.028917
  336.655922
  333.238546
  329.932124
  326.514748
  323.197230
  319.846426
  316.440146
  313.089342
  309.705252
  306.310067
  302.981454
  299.552982
  296.224369
  292.840279
  289.467285
  286.094290
  282.699105
  279.292824
  275.986402
  272.624503
  269.251508
  265.878514
  262.494424
  259.110334
  255.781721
  252.397631
  248.980255
  245.673833
  242.278647
  238.905653
  235.521563
  232.148568
  228.864337
  225.446961
  222.040680
  218.700972
  215.283596
  211.966078
  208.581988
  205.231184
  201.835999
  198.474100
  195.123296
  191.750302
  188.410593
  185.015408
  181.642413
  178.335991
  174.929710
  171.567811
  168.172626
  164.810727
  161.471018
  158.031451
  154.691743
  151.329844
  147.934659
  144.639332
  141.244146
  137.860056
  134.520348
  131.136258
  127.807645
  124.401364
  121.017275
  117.655375
  114.293476
  110.931577
  107.536392
  104.174493
  100.746021
   97.373027
   94.088795
   90.660324
   87.309520
   83.958716
   80.563531
   77.223822
   73.817542
   70.477833
   67.115934
   63.765130
   60.358850
   56.952569
   53.612861
   50.217675
   46.877967
   43.449495
   40.087596
   36.703506
   33.330512
   29.990803
   26.628904
   23.211528
   19.905106
   16.498825
   13.148021
    9.797218
    6.402032
    3.051229
  359.630353
  356.209476
  352.788600
  349.515464
  346.175756
  342.780570
  339.440862
  336.045677
  332.705968
  329.344069
  325.948884
  322.653557
  319.225085
  315.907568
  312.501287
  309.106102
  305.788584
  302.382303
  298.987118
  295.625219
  292.263320
  288.912516
  285.506235
  282.177622
  278.749151
  275.398347
  272.080829
  268.641263
  265.312650
  261.928560
  258.577756
  255.226952
  251.798481
  248.469868
  245.107968
  241.679497
  238.350884
  234.966794
  231.604895
  228.220805
  224.847810
  221.452625
  218.090726
  214.739922
  211.366928
  207.971742
  204.609843
  201.247944
  197.908236
  194.546336
  191.162247
  187.789252
  184.460639
  181.109835
  177.747936
  174.286178
  170.990852
  167.584571
  164.222672
  160.905154
  157.432301
  154.103688
  150.752884
  147.379890
  144.017991
  140.633901
  137.294192
  133.899007
  130.559299
  127.197399
  123.802214
  120.440315
  117.045130
  113.705421
  110.321331
  106.881765
  103.586438
  100.169062
   96.818258
   93.467454
   90.072269
   86.743656
   83.326280
   79.997667
   76.613577
   73.240582
   69.845397
   66.505688
   63.143789
   59.737509
   56.397800
   53.013710
   49.640716
   46.256626
   42.861441
   39.499541
   36.137642
   32.742457
   29.424939
   26.007563
   22.656759
   19.294860
   15.921866
   12.537776
    9.164781
    5.802882
    2.418792
  359.020107
  355.621422
  352.222737
  348.960695
  345.565510
  342.225801
  338.841711
  335.468717
  332.140104
  328.733823
  325.383019
  321.998930
  318.614840
  315.275131
  311.902137
  308.518047
  305.145052
  301.783153
  298.421254
  295.026069
  291.675265
  288.280079
  284.895990
  281.534090
  278.138905
  274.799197
  271.448393
  268.031017
  264.724595
  261.351600
  257.945319
  254.616706
  251.210426
  247.881813
  244.497723
  241.102537
  237.762829
  234.378739
  231.027935
  227.632750
  224.215374
  220.886761
  217.491576
  214.140772
  210.767777
  207.405878
  204.043979
  200.693175
  197.320181
  193.936091
  190.574192
  187.223388
  183.850393
  180.532876
  177.148786
  173.742505
  170.380606
  166.996516
  163.634617
  160.294908
  156.888628
  153.537824
  150.198115
  146.769644
  143.452126
  140.056941
  136.683947
  133.333143
  129.915767
  126.564963
  123.225255
  119.841165
  116.501456
  113.095176
  109.733276
  106.360282
  102.998383
   99.581007
   96.196917
   92.868304
   89.495309
   86.144505
   82.760415
   79.409612
   76.047712
   72.641432
   69.301723
   65.928729
   62.522448
   59.182740
   55.820841
   52.447846
   49.041565
   45.657475
   42.284481
   38.922582
   35.582873
   32.176593
   28.803598
   25.463890
   22.057609
   18.740091
   15.311620
   11.938625
    8.598917
    5.203732
    1.886214
  358.480132
  355.074049
  351.667967
  348.328259
  344.988550
  341.659937
  338.275847
  334.902853
  331.540954
  328.167959
  324.783869
  321.421970
  318.060071
  314.698172
  311.336272
  307.929992
  304.590283
  301.261670
  297.822104
  294.493490
  291.076114
  287.703120
  284.363411
  280.957131
  277.628518
  274.233332
  270.849243
  267.509534
  264.103253
  260.774640
  257.390551
  254.017556
  250.700038
  247.282662
  243.931859
  240.558864
  237.208060
  233.801780
  230.395499
  227.044695
  223.660605
  220.320897
  216.970093
  213.552717
  210.213008
  206.817823
  203.467019
  200.138406
  196.754316
  193.359131
  190.041613
  186.646428
  183.306720
  179.922630
  176.538540
  173.198832
  169.803646
  166.430652
  163.046562
  159.717949
  156.367145
  152.949769
  149.587870
  146.214875
  142.830785
  139.479982
  136.084796
  132.767279
  129.405379
  125.999099
  122.670486
  119.242014
  115.891210
  112.562597
  109.111935
  105.783322
  102.388137
   99.048429
   95.708720
   92.280249
   88.907254
   85.545355
   82.150170
   78.821557
   75.437467
   72.086663
   68.746955
   65.340674
   61.967679
   58.572494
   55.243881
   51.848696
   48.464606
   45.135993
   41.685331
   38.356718
   34.972628
   31.577442
   28.271020
   24.820358
   21.502840
   18.118750
   14.723565
   11.428238
    8.021957
    4.615677
    1.287064
  357.770127
  354.253190
  351.113198
  347.795681
  344.400495
  341.094073
  337.721078
  334.314798
  330.941803
  327.568809
  324.206910
  320.878296
  317.494207
  314.165594
  310.748217
  307.364128
  304.035515
  300.618138
  297.256239
  293.916531
  290.510250
  287.170542
  283.786452
  280.391267
  277.007177
  273.645278
  270.316664
  266.910384
  263.559580
  260.153299
  256.824686
  253.473883
  250.045411
  246.705703
  243.321613
  239.926427
  236.631101
  233.202629
  229.829635
  226.478831
  223.094741
  219.777223
  216.326561
  212.964662
  209.624954
  206.251959
  202.923346
  199.539256
  196.166261
  192.793267
  189.442463
  186.047278
  182.696474
  179.356766
  175.950485
  172.588586
  169.259973
  165.809311
  162.491793
  159.107703
  155.734708
  152.372809
  148.977624
  145.626820
  142.276016
  138.869736
  135.563313
  132.134842
  128.784038
  125.422139
  122.049145
  118.698341
  115.325346
  111.941256
  108.546071
  105.184172
  101.822273
   98.415992
   95.076284
   91.714384
   88.319199
   85.023872
   81.595401
   78.244597
   74.882698
   71.465322
   68.147804
   64.774810
   61.379624
   58.062107
   54.611445
   51.249545
   47.887646
   44.481366
   41.119466
   37.735376
   34.362382
   30.989387
   27.638584
   24.254494
   20.859308
   17.530695
   14.135510
   10.784706
    7.400616
    4.038717
    0.665723
  357.204263
  353.742803
  350.514048
  347.152149
  343.823536
  340.483827
  337.099737
  333.715647
  330.342653
  327.036231
  323.641045
  320.268051
  316.883961
  313.544252
  310.182353
  306.787168
  303.425269
  300.052274
  296.657089
  293.284094
  289.911100
  286.549201
  283.187302
  279.781021
  276.441312
  273.057223
  269.684228
  266.366710
  262.916048
  259.587435
  256.247727
  252.852541
  249.512833
  246.128743
  242.755749
  239.393849
  235.998664
  232.636765
  229.285961
  225.890776
  222.528877
  219.155882
  215.805078
  212.432084
  209.047994
  205.663904
  202.290909
  198.984487
  195.533825
  192.216307
  188.876599
  185.459223
  182.130610
  178.724329
  175.373525
  172.000531
  168.627536
  165.254542
  161.870452
  158.508553
  155.124463
  151.784754
  148.400664
  145.016575
  141.699057
  138.303872
  134.964163
  131.591169
  128.173793
  124.856275
  121.461090
  118.077000
  114.759482
  111.331011
  107.958016
  104.640498
  101.212027
   97.883414
   94.477133
   91.126329
   87.753335
   84.358150
   80.996250
   77.645447
   74.283548
   70.932744
   67.537558
   64.175659
   60.780474
   57.418575
   54.034485
   50.661490
   47.288496
   43.926597
   40.498125
   37.180608
   33.774327
   30.401332
   27.083815
   23.655343
   20.337826
   16.942640
   13.580741
   10.252128
    6.845847
    3.483948
    0.133145
  356.693875
  353.254606
  349.925993
  346.575189
  343.268767
  339.862486
  336.522778
  333.149783
  329.776789
  326.425985
  323.041895
  319.691091
  316.329192
  312.967293
  309.549917
  306.165827
  302.837214
  299.430933
  296.102320
  292.740421
  289.311950
  285.983337
  282.577056
  279.204061
  275.875448
  272.480263
  269.129459
  265.767560
  262.372375
  258.999380
  255.626386
  252.253391
  248.913683
  245.562879
  242.189884
  238.772508
  235.421705
  232.037615
  228.675715
  225.324912
  221.929726
  218.556732
  215.161547
  211.788552
  208.471034
  205.042563
  201.747236
  198.363146
  194.967961
  191.661538
  188.244162
  184.904454
  181.520364
  178.158465
  174.807661
  171.412476
  168.028386
  164.655391
  161.293492
  157.931593
  154.569694
  151.196699
  147.801514
  144.483996
  141.099907
  137.704721
  134.365013
  130.969828
  127.596833
  124.279315
  120.850844
  117.466754
  114.149236
  110.720765
  107.381056
  103.996967
  100.612877
   97.239882
   93.900174
   90.527179
   87.154185
   83.803381
   80.397100
   77.057392
   73.728779
   70.311403
   66.949503
   63.565414
   60.181324
   56.841615
   53.457525
   50.084531
   46.733727
   43.305256
   39.965547
   36.581457
   33.152986
   29.846564
   26.462474
   23.056193
   19.760866
   16.321299
   12.948305
    9.619692
    6.202316
    2.851512
  359.452827
  356.054142
  352.655457
  349.360129
  346.009325
  342.636330
  339.285527
  335.945818
  332.561728
  329.222020
  325.826835
  322.453840
  319.114132
  315.730042
  312.357047
  308.961862
  305.622153
  302.249159
  298.853974
  295.503170
  292.119080
  288.712799
  285.428568
  281.966810
  278.616006
  275.265203
  271.903303
  268.541404
  265.135124
  261.762129
  258.400230
  255.016140
  251.676432
  248.325628
  244.941538
  241.568543
  238.173358
  234.833650
  231.449560
  228.087660
  224.714666
  221.308385
  217.990868
  214.584587
  211.200497
  207.871884
  204.454508
  201.148086
  197.775091
  194.379906
  191.062388
  187.678298
  184.294208
  180.943405
  177.548219
  174.197415
  170.813326
  167.440331
  164.067336
  160.716533
  157.354633
  153.926162
  150.619740
  147.202364
  143.851560
  140.522947
  137.127762
  133.776958
  130.392868
  127.019873
  123.691260
  120.251694
  116.900890
  113.561181
  110.154901
  106.826288
  103.442198
  100.069203
   96.685113
   93.312119
   89.939124
   86.555034
   83.226421
   79.842331
   76.491528
   73.107438
   69.745538
   66.394735
   62.955168
   59.604364
   56.297942
   52.836184
   49.496476
   46.123481
   42.728296
   39.377492
   36.004498
   32.609312
   29.258509
   25.885514
   22.534710
   19.139525
   15.766530
   12.382440
    9.009446
    5.658642
    2.285648
  358.875867
  355.466086
  352.056305
  348.805360
  345.410175
  342.070466
  338.752948
  335.324477
  331.984769
  328.611774
  325.238780
  321.899071
  318.481695
  315.153082
  311.791183
  308.373807
  305.023003
  301.650009
  298.277014
  294.915115
  291.508834
  288.191316
  284.785036
  281.412041
  278.072333
  274.688243
  271.326344
  267.908968
  264.558164
  261.218456
  257.845461
  254.494657
  251.099472
  247.748668
  244.375674
  240.980488
  237.629684
  234.278881
  230.872600
  227.521796
  224.093325
  220.753616
  217.391717
  213.985437
  210.634633
  207.272734
  203.888644
  200.571126
  197.175941
  193.836232
  190.463238
  187.101339
  183.761630
  180.388636
  176.993450
  173.620456
  170.280747
  166.907753
  163.479281
  160.139573
  156.766579
  153.349202
  150.042780
  146.625404
  143.307886
  139.945987
