   12.848446
    9.408880
    6.058076
    2.673986
  359.367762
  356.061538
  352.755313
  349.515464
  346.153565
  342.791666
  339.451957
  336.045677
  332.717064
  329.310783
  325.959979
  322.631366
  319.247276
  316.118380
  312.701004
  309.328009
  306.010492
  302.659688
  299.308884
  295.946985
  292.562895
  289.200996
  285.772524
  282.488293
  279.093108
  275.764494
  272.402595
  268.963029
  265.656606
  262.272516
  258.943903
  255.537623
  252.142437
  248.891492
  245.463021
  242.112217
  238.750318
  235.332942
  232.059805
  228.620239
  225.280530
  221.885345
  218.490160
  215.194833
  211.755266
  208.448844
  205.064754
  201.691759
  198.318765
  194.967961
  191.683729
  188.233067
  184.860073
  181.475983
  178.136274
  174.674517
  171.279331
  167.873051
  164.500056
  161.160348
  157.731876
  154.159165
  150.985887
  147.535225
  144.173326
  140.755950
  137.405146
  134.021056
  130.614775
  127.230686
  123.902073
  120.484696
  117.156083
  113.683230
  110.376808
  106.959432
  103.564247
  100.202348
   96.751686
   93.456359
   90.016792
   86.643797
   83.248612
   79.897808
   76.558100
   73.107438
   69.745538
   66.361449
   62.955168
   59.626555
   56.186988
   52.802898
   49.463190
   46.068004
   42.672819
   39.266538
   35.871353
   32.509454
   29.125364
   25.752370
   22.323898
   18.961999
   15.555718
   12.249296
    8.898492
    5.458925
    2.119217
  358.805596
  355.491975
  352.178354
  348.749883
  345.476747
  342.092657
  338.808425
  335.413240
  332.006959
  328.733823
  325.338638
  322.010025
  318.648126
  315.252940
  312.024186
  308.684477
  305.322578
  302.016156
  298.598780
  295.259071
  291.841695
  288.513082
  285.128992
  281.744903
  278.438480
  275.021104
  271.692491
  268.308401
  264.924311
  261.640080
  258.222704
  254.860805
  251.554382
  248.159197
  244.886061
  241.424303
  238.117881
  234.722696
  231.349701
  227.998897
  224.548235
  221.241813
  217.902105
  214.506919
  211.133925
  207.760930
  204.465603
  201.059323
  197.708519
  194.335524
  190.807194
  187.534058
  184.183255
  180.843546
  177.470552
  174.086462
  170.746753
  167.307186
  163.989669
  160.616674
  157.265870
  153.892876
  150.508786
  147.202364
  143.762797
  140.411993
  137.016808
  133.643813
  130.337391
  126.875633
  123.580307
  120.174026
  116.756650
  113.339274
  109.977375
  106.604380
  103.142623
   99.802914
   96.396633
   93.012544
   89.695026
   86.266554
   82.882465
   79.398516
   76.014426
   72.652527
   69.190770
   65.817775
   62.433685
   59.038500
   55.687696
   52.237034
   48.897325
   45.524331
   42.129146
   38.756151
   35.338775
   31.965781
   28.581691
   25.164315
   21.835702
   18.385039
   15.078617
   11.672336
    8.310437
    4.970729
    1.553353
  358.186203
  354.819054
  351.612490
  348.317163
  344.921978
  341.537888
  338.231466
  334.880662
  331.585335
  328.179054
  324.794964
  321.466351
  318.071166
  314.775839
  311.380654
  308.007659
  304.656856
  301.461387
  298.077297
  294.637730
  291.309117
  287.913932
  284.574224
  281.256706
  277.783853
  274.466335
  271.115532
  267.731442
  264.425019
  260.996548
  257.712316
  254.294940
  250.977423
  247.648810
  244.231434
  240.913916
  237.496540
  234.167927
  230.783837
  227.444129
  224.104420
  220.675949
  217.369526
  213.952150
  210.601347
  207.261638
  203.833167
  200.537840
  197.164845
  193.814042
  190.418856
  187.012576
  183.728344
  180.277682
  176.827020
  173.476216
  170.092126
  166.730227
  163.390518
  159.995333
  156.600148
  153.282630
  149.931826
  146.392401
  143.141456
  139.779557
  136.262322
  132.889328
  129.471952
  126.187720
  122.770344
  119.419540
  116.057641
  112.684647
  109.300557
  105.872085
  102.476900
   99.015142
   95.542289
   92.191486
   88.807396
   85.423306
   82.050311
   78.632935
   75.248845
   71.909137
   68.502856
   65.152052
   61.712486
   58.372777
   54.966497
   51.626788
   48.209412
   44.792036
   41.407946
   38.001665
   34.628671
   31.288963
   27.816110
   24.520783
   21.125597
   17.774794
   14.468371
   11.095377
    7.722382
    4.282815
    1.009679
  357.648077
  354.286476
  351.135389
  347.751299
  344.422686
  341.182836
  337.843128
  334.492324
  331.074948
  327.746335
  324.395531
  321.033632
  317.705019
  314.265452
  310.981220
  307.597130
  304.246327
  300.884428
  297.478147
  294.171725
  290.787635
  287.403545
  284.074932
  280.624270
  277.328943
  273.933757
  270.605144
  267.243245
  263.881346
  260.541638
  257.179738
  253.828935
  250.455940
  247.027469
  243.743237
  240.314766
  236.986153
  233.579872
  230.206877
  226.822788
  223.361030
  220.087894
  216.737090
  213.319714
  210.035482
  206.584820
  203.245112
  199.849927
  196.510218
  193.181605
  189.775324
  186.402330
  183.040431
  179.656341
  176.294442
  172.854875
  169.548453
  166.153267
  162.802463
  159.418374
  156.034284
  152.694575
  149.288295
  145.904205
  142.553401
  139.047262
  135.774126
  132.301273
  128.983755
  125.577474
  122.215575
  118.886962
  115.491777
  112.030019
  108.679216
  105.284030
  101.955417
   98.493660
   95.142856
   91.703289
   88.374676
   84.979491
   81.595401
   78.100357
   74.738458
   71.321082
   68.003564
   64.508521
   61.202098
   57.829104
   54.433918
   51.027638
   47.654643
   44.303839
   40.897559
   37.480183
   34.162665
   30.700908
   27.416676
   23.966014
   20.637401
   17.231120
   13.880316
   10.529513
    7.145423
    3.750237
    0.410529
  357.132142
  353.853756
  350.514048
  347.218721
  343.856822
  340.450541
  337.144119
  333.704552
  330.342653
  327.025135
  323.574473
  320.323528
  316.906152
  313.522062
  310.160163
  306.787168
  303.458555
  300.085560
  296.701470
  293.361762
  289.977672
  286.693441
  283.364828
  280.036215
  276.596648
  273.268035
  269.917231
  266.522046
  263.182337
  259.842629
  256.414157
  253.118830
  249.623787
  246.339555
  242.977656
  239.615757
  236.264953
  232.825386
  229.485678
  226.112683
  222.728593
  219.366694
  215.971509
  212.653991
  209.225520
  205.908002
  202.512817
  199.117632
  195.800114
  192.327261
  188.965362
  185.647844
  182.263754
  178.957332
  175.551051
  172.166961
  168.838348
  165.398782
  162.047978
  158.686079
  155.213226
  151.917899
  148.433951
  145.138624
  141.621389
  138.181822
  134.808828
  131.358166
  128.073934
  124.678749
  121.316850
  117.943855
  114.537575
  111.175675
  107.736109
  104.385305
  100.967929
   97.606030
   94.244130
   90.782373
   87.442664
   84.069670
   80.696675
   77.345872
   73.906305
   70.588787
   67.171411
   63.842798
   60.414327
   57.030237
   53.690528
   50.250961
   46.900158
   43.482782
   40.131978
   36.758983
   33.363798
   30.001899
   26.573427
   23.267005
   19.849629
   16.487730
   13.136926
    9.675169
    6.402032
    2.984656
  359.652543
  356.320430
  352.988317
  349.715181
  346.342186
  343.024669
  339.684960
  336.245393
  332.961162
  329.577072
  326.215173
  322.831083
  319.458088
  316.151666
  312.734290
  309.383486
  305.999396
  302.670783
  299.342170
  296.046843
  292.707135
  289.334140
  285.972241
  282.643628
  279.226252
  275.875448
  272.513549
  269.129459
  265.811942
  262.383470
  259.110334
  255.681863
  252.342154
  248.958064
  245.585070
  242.278647
  238.839081
  235.499372
  232.115282
  228.764478
  225.469152
  221.951917
  218.634399
  215.261405
  211.910601
  208.537607
  205.109135
  201.780522
  198.418623
  195.090010
  191.705920
  188.299639
  184.982122
  181.598032
  178.269419
  174.907520
  171.512334
  168.183721
  164.710868
  161.393351
  158.053642
  154.625171
  151.307653
  147.890277
  144.539473
  141.111002
  137.527195
  134.198582
  130.792301
  127.419307
  124.046312
  120.651127
  117.289228
  113.860757
  110.498857
  107.081481
  103.708487
  100.313301
   96.918116
   93.567312
   90.172127
   86.799133
   83.448329
   79.997667
   76.702340
   73.251678
   69.889778
   66.527879
   63.132694
   59.804081
   56.397800
   53.046996
   49.674002
   46.356484
   43.061157
   39.521732
   36.182024
   32.742457
   29.480416
   26.051945
   22.712236
   19.394719
   16.010629
   12.670920
    9.464356
    6.113553
    2.751653
  359.430635
  356.109618
  352.788600
  349.559845
  346.220137
  342.802761
  339.507434
  336.178821
  332.805827
  329.521595
  326.093124
  322.797797
  319.413707
  316.129475
  312.745385
  309.383486
  305.999396
  302.692974
  299.253407
  295.969176
  292.518513
  289.189900
  285.772524
  282.410625
  279.082012
  275.686827
  272.324928
  268.985219
  265.523462
  262.261421
  258.855140
  255.493241
  252.109151
  248.758347
  245.429734
  242.012358
  238.628268
  235.277465
  231.893375
  228.620239
  225.136290
  221.796582
  218.379206
  215.039497
  211.677598
  208.271318
  204.942705
  201.436565
  198.163429
  194.723862
  191.306486
  188.133209
  184.704737
  181.353933
  177.903271
  174.519181
  171.079615
  167.573476
  164.189386
  160.794200
  157.421206
  154.170260
  150.575358
  147.268936
  143.895941
  140.567328
  137.116666
  133.743672
  130.426154
  127.008778
  123.635783
  120.273884
  116.845413
  113.538991
  110.099424
  106.737525
  103.320149
   99.980440
   96.640732
   93.190070
   89.828170
   86.466271
   83.037800
   79.742473
   76.258525
   72.974293
   69.579108
   66.161732
   62.799833
   59.382457
   56.076034
   52.625372
   49.274568
   45.846097
   42.450912
   39.122299
   35.738209
   32.365214
   28.981124
   25.552653
   22.268421
   18.828854
   15.500241
   12.193819
    8.820825
    5.425639
    1.997168
  358.705738
  355.414308
  352.122878
  348.860837
  345.399079
  342.092657
  338.697472
  335.335572
  332.029150
  328.578488
  325.260970
  321.865785
  318.492790
  315.153082
  311.724611
  308.418188
  305.023003
  301.683295
  298.299205
  294.926210
  291.542120
  288.135840
  284.840513
  281.434232
  278.050142
  274.666052
  271.259772
  267.986635
  264.569259
  261.229551
  257.845461
  254.516848
  251.132758
  247.726477
  244.420055
  241.024870
  237.674066
  234.301071
  230.894791
  227.588369
  224.159897
  220.698140
  217.302954
  214.007627
  210.623537
  207.228352
  203.910834
  200.504554
  197.331276
  193.958281
  190.529810
  187.223388
  183.861489
  180.532876
  177.093309
  173.786887
  170.424987
  167.018707
  163.712284
  160.361481
  156.933009
  153.593301
  150.142639
  146.858407
  143.452126
  140.123513
  136.739423
  133.333143
  129.982339
  126.454009
  123.047728
  119.785688
  116.235167
  112.862173
  109.389320
  106.016325
  102.643331
   99.192668
   95.875151
   92.513252
   89.118066
   85.789453
   82.305505
   78.976892
   75.559516
   72.253094
   68.857908
   65.418341
   62.034252
   58.705639
   55.288262
   51.959649
   48.531178
   45.213660
   41.740807
   38.412194
   35.039200
   31.632919
   28.282115
   24.853644
   21.469554
   18.163132
   14.668088
   11.383857
    7.933194
    4.615677
    1.231587
  357.869985
  354.508383
  351.368392
  348.039779
  344.733357
  341.304885
  337.942986
  334.470133
  331.208092
  327.735239
  324.484294
  321.144586
  317.749400
  314.387501
  311.114365
  307.774657
  304.479330
  301.084144
  297.711150
  294.349251
  290.965161
  287.669834
  284.219172
  280.857272
  277.473183
  274.122379
  270.793766
  267.365294
  264.058872
  260.663687
  257.312883
  254.017556
  250.589085
  247.260472
  243.809809
  240.514482
  237.130393
  233.812875
  230.439880
  227.000314
  223.682796
  220.287611
  216.958998
  213.586003
  210.201913
  206.840014
  203.333875
  199.949785
  196.576790
  193.270368
  189.975041
  186.568761
  183.251243
  179.878248
  176.527445
  173.176641
  169.759265
  166.463938
  163.035466
  159.706853
  156.344954
  152.960864
  149.632251
  146.170494
  142.575592
  139.191502
  135.829603
  132.434417
  128.994850
  125.644047
  122.259957
  118.931344
  115.525063
  112.118782
  108.779074
  105.361698
  102.021989
   98.626804
   95.242714
   91.903006
   88.419058
   85.123731
   81.695259
   78.366646
   74.982556
   71.576276
   68.192186
   64.819191
   61.457292
   58.117584
   54.655826
   51.349404
   47.898742
   44.559033
   41.163848
   37.735376
   34.395668
   31.011578
   27.649679
   24.321066
   20.870404
   17.541791
   14.113319
   10.751420
    7.411712
    4.005431
    0.621341
  357.287478
  353.953615
  350.713765
  347.329675
  344.001062
  340.572590
  337.288359
  333.959746
  330.575656
  327.224852
  323.907334
  320.534340
  317.183536
  313.743969
  310.481928
  307.053457
  303.758130
  300.496089
  297.134190
  293.794482
  290.366010
  287.004111
  283.642212
  280.258122
  276.929509
  273.489942
  270.238997
  266.821621
  263.459722
  260.086727
  256.747019
  253.440596
  250.034316
  246.672417
  243.321613
  239.993000
  236.675482
  233.258106
  229.940588
  226.567594
  223.216790
  219.877082
  216.504087
  213.153283
  209.791384
  206.429485
  203.145253
  199.694591
  196.332692
  192.771076
  189.486845
  186.136041
  182.807428
  179.423338
  176.005962
  172.666253
  169.315450
  165.831501
  162.480698
  159.174275
  155.790185
  152.417191
  149.010910
  145.615725
  142.209444
  138.903022
  135.541123
  132.112651
  128.695275
  125.288995
  122.015858
  118.576292
  115.247679
  111.841398
  108.435117
  105.017741
  101.622556
   98.182989
   94.809995
   91.403714
   88.041815
   84.657725
   81.240349
   77.900640
   74.461074
   71.121365
   67.715084
   64.330995
   60.958000
   57.529529
   54.189820
   50.816826
   47.443831
   44.037550
   40.642365
   37.324847
   33.851995
   30.512286
   27.083815
   23.766297
   20.382207
   16.942640
   13.602932
   10.252128
    6.856943
    3.495044
    0.122049
  356.793734
  353.465418
  350.192282
  346.819287
  343.479579
  340.062203
  336.622636
  333.349500
  330.065268
  326.714465
  323.352566
  319.946285
  316.695339
  313.233582
  309.916064
  306.576356
  303.225552
  299.974607
  296.612707
  293.250808
  289.911100
  286.493724
  283.187302
  279.769926
  276.452408
  273.090509
  269.717514
  266.422187
  263.015907
  259.654007
  256.358681
  252.963495
  249.657073
  246.217506
  242.911084
  239.560280
  236.253858
  232.903054
  229.430201
  226.134874
  222.772975
  219.422171
  216.104654
  212.631801
  209.314283
  205.919098
  202.557198
  199.095441
  195.766828
  192.482596
  189.120697
  185.747703
  182.363613
  178.935141
  175.639814
  172.166961
  168.738490
  165.376591
  162.047978
  158.697174
  155.290893
  151.884613
  148.600381
  145.238482
  141.932060
  138.503588
  135.141689
  131.624455
  128.207079
  124.967229
  121.516566
  118.132477
  114.737291
  111.364297
  108.013493
  104.596117
  101.256408
   97.839032
   94.288512
   90.959899
   87.531427
   84.169528
   80.785438
   77.379158
   74.050545
   70.610978
   67.237983
   63.853893
   60.469803
   57.096809
   53.635051
   50.306438
   46.877967
   43.504972
   40.120882
   36.725697
   33.352703
   29.946422
   26.584523
   23.189337
   19.783057
   16.487730
   13.070354
    9.697359
    6.302174
    2.973561
  359.637749
  356.301938
  352.966126
  349.681895
  346.331091
  343.102336
  339.585102
  336.311966
  332.927876
  329.588167
  326.192982
  322.808892
  319.491374
  316.140571
  312.789767
  309.461154
  306.165827
  302.859405
  299.397647
  296.124511
  292.718230
  289.356331
  286.005527
  282.610342
  279.248443
  275.919830
  272.546835
  269.184936
  265.745369
  262.505519
  259.121429
  255.803912
  252.408726
  249.024636
  245.718214
  242.367410
  238.983320
  235.588135
  232.159664
  228.930909
  225.524628
  222.173825
  218.811925
  215.427836
  212.077032
  208.704037
  205.375424
  202.035716
  198.562863
  195.178773
  191.816874
  188.410593
  185.081980
  181.620223
  178.413659
  174.929710
  171.612193
  168.305770
  164.832917
  161.515400
  158.109119
  154.758315
  151.418607
  147.934659
  144.539473
  141.266337
  137.971010
  134.453776
  131.213926
  127.552451
  124.135075
  120.784272
  117.433468
  113.993901
  110.620906
  107.136958
  103.863822
  100.413160
   97.062356
   93.667171
   90.238699
   86.910086
   83.470520
   80.108620
   76.713435
   73.340441
   69.967446
   66.550070
   63.199266
   59.759699
   56.442182
   53.024806
   49.596334
   46.278817
   42.839250
   39.477351
   36.115451
   32.709171
   29.380558
   25.952086
   22.601283
   19.217193
   15.822007
   12.493394
    9.076018
    5.725214
    2.352220
  359.016408
  355.680597
  352.344785
  349.093840
  345.676464
  342.414423
  339.041428
  335.668434
  332.306535
  328.944635
  325.571641
  322.254123
  318.825652
  315.530325
  312.201712
  308.950766
  305.555581
  302.238063
  298.898355
  295.503170
  292.096889
  288.734990
  285.350900
  282.055573
  278.616006
  275.276298
  271.903303
  268.530309
  265.234982
  261.784320
  258.466802
  255.093808
  251.743004
  248.381105
  244.985919
  241.701688
  238.273216
  234.911317
  231.549418
  228.198614
  224.870001
  221.485911
  218.146203
  214.806494
  211.378023
  208.082696
  204.665320
  201.336707
  197.985903
  194.601813
  191.295391
  187.844729
  184.505020
  181.143121
  177.747936
  174.408228
  170.968661
  167.662239
  164.244862
  160.860773
  157.532160
  154.103688
  150.786170
  147.390985
  144.040181
  140.722664
  137.283097
  133.943388
  130.570394
  127.175209
  123.846596
  120.373743
  117.045130
  113.649944
  110.232568
  106.859574
  103.420007
  100.080299
   96.674018
   93.301023
   89.961315
   86.466271
   83.159849
   79.764664
   76.391669
   73.018675
   69.590203
   66.261590
   62.877500
   59.449029
   56.142607
   52.658658
   49.341141
   45.879383
   42.484198
   39.077917
   35.671636
   32.287546
   28.925647
   25.541557
   22.201849
   18.717901
   15.455860
   12.038484
    8.654394
    5.370162
    1.963882
  358.513517
  355.063152
  351.989733
  348.727692
  345.221553
  342.048275
  338.586518
  335.280096
  331.873815
  328.511916
  325.205493
  321.821404
  318.448409
  315.053224
  311.702420
  308.362711
  304.956431
  301.672199
  298.232632
  294.881829
  291.519930
  288.135840
  284.785036
  281.356564
  278.016856
  274.599480
  271.293058
  267.886777
  264.480496
  261.207360
  257.756698
  254.416990
  251.077281
  247.682096
  244.309101
  240.902821
  237.585303
  234.190118
  230.794932
  227.433033
  224.026753
  220.687044
  217.314050
  213.918864
  210.590251
  207.150684
  203.855358
  200.415791
  197.064987
  193.714183
  190.318998
  186.979289
  183.595200
  180.211110
  176.893592
  173.465121
  170.125412
  166.696941
  163.357232
  159.973142
  156.566862
  153.249344
  149.843063
  146.470069
  143.097074
  139.568745
  136.295608
  132.878232
  129.538524
  126.121148
  122.748153
  119.386254
  116.057641
  112.618074
  109.311652
  105.838799
  102.510186
   99.092810
   95.786388
   92.335726
   88.984922
   85.645213
   82.238933
   78.865938
   75.515134
   72.119949
   68.780241
   65.296292
   62.023156
   58.616876
   55.288262
   51.848696
   48.475701
   45.124897
   41.685331
   38.367813
   34.939341
   31.488679
   28.204448
   24.775976
   21.380791
   18.018892
   14.612611
   11.295094
    7.888813
    4.515818
    1.131728
  357.803413
  354.475097
  351.235247
  347.928825
  344.578021
  341.182836
  337.898604
  334.481228
  331.119329
  327.735239
  324.362245
  321.033632
  317.627351
  314.298738
  310.925744
  307.519463
  304.213041
  300.795665
  297.433765
  294.027485
  290.654490
  287.348068
  283.941787
  280.557697
  277.162512
  273.833899
  270.483095
  267.043528
  263.737106
  260.341921
  257.024403
  253.629218
  250.200746
  246.883229
  243.499139
  240.137240
  236.808627
  233.335774
  230.073733
  226.689643
  223.505270
  220.132275
  216.725995
  213.330809
  209.924529
  206.473866
  203.211826
  199.705687
  196.421455
  193.026270
  189.775324
  186.269185
  183.029335
  179.611959
  176.216774
  172.788303
  169.537357
  165.997932
  162.702605
  159.152085
  155.767995
  152.395000
  148.999815
  145.782156
  142.309303
  139.069453
  135.696458
  132.234700
  128.772943
  125.366662
  122.071335
  118.698341
  115.325346
  111.941256
  108.501690
  105.150886
  101.722414
   98.360515
   94.987521
   91.570145
   88.197150
   84.768679
   81.440066
   78.033785
   74.605313
   71.287796
   67.859324
   64.486330
   61.091145
   57.729245
   54.389537
   50.938875
   47.576976
   44.215076
   40.786605
   37.446897
   33.996234
   30.678717
   27.294627
   23.877251
   20.493161
   17.109071
   13.736076
   10.363082
    6.990087
    3.650379
    0.244098
  356.949069
  353.654039
  350.325426
  346.963527
  343.623819
  340.206443
  336.966593
  333.538121
  330.220604
  326.814323
  323.507901
  320.190383
  316.750816
  313.544252
  310.215639
  306.842645
  303.525127
  300.129942
  296.856806
  293.383953
  290.066435
  286.671250
  283.331541
  279.991833
  276.596648
  273.256939
  269.917231
  266.566427
  263.237814
  259.887010
  256.558397
  253.163212
  249.856790
  246.494891
  243.144087
  239.882046
  236.486861
  233.136057
  229.763062
  226.434449
  223.183504
  219.788319
  216.448610
  213.009043
  209.624954
  206.385103
  202.912251
  199.528161
  196.121880
  192.726695
  189.453559
  185.980706
  182.696474
  179.356766
  175.972676
  172.632967
  169.259973
  165.886978
  162.525079
  159.085512
  155.812376
  152.450477
  149.077482
  145.715583
  142.309303
  139.036166
  135.596600
  132.223605
  128.739657
  125.477616
  122.038049
  118.653959
  115.258774
  111.896875
  108.468403
  105.139790
  101.544888
   98.216275
   94.743422
   91.403714
   88.030719
   84.591153
   81.207063
   77.800782
   74.416692
   71.076984
   67.659608
   64.330995
   60.913619
   57.540624
   54.112153
   50.728063
   47.410545
   43.959883
   40.609079
   37.236084
   33.785422
   30.456809
   27.050529
   23.677534
   20.293444
   16.876068
   13.547455
   10.107888
    6.801466
    3.406281
    0.055477
  356.727161
  353.398846
  350.147900
  346.819287
  343.379721
  340.128775
  336.722495
  333.404977
  330.065268
  326.714465
  323.419138
  320.112715
  316.817389
  313.466585
  310.115781
  306.798263
  303.303220
  300.041179
  296.634898
  293.306285
  289.900005
  286.515915
  283.220588
  279.858689
  276.452408
  273.157081
  269.728610
  266.477664
  263.015907
  259.709484
  256.347585
  252.985686
  249.657073
  246.239697
  242.899988
  239.549185
  236.142904
  232.814291
  229.396915
  226.134874
  222.695307
  219.388885
  215.960414
  212.587419
  209.247711
  205.896907
  202.512817
  199.173109
  195.800114
  192.515883
  189.065220
  185.736607
  182.352517
  178.935141
  175.595433
  172.211343
  168.849444
  165.476449
  162.092359
  158.719365
  155.324180
  151.951185
  148.478332
  145.216291
  141.776724
  138.448111
  135.108403
  131.724313
  128.251460
  124.933943
  121.572043
  118.254526
  114.770577
  111.386487
  108.013493
  104.573926
  101.212027
   97.772460
   94.454943
   90.926613
   87.553618
   84.180624
   80.763248
   77.401348
   73.972877
   70.644264
   67.271269
   63.809512
   60.503090
   57.074618
   53.723814
   50.306438
   46.911253
   43.527163
   40.131978
   36.725697
   33.397084
   29.968613
   26.628904
   23.211528
   19.860724
   16.454444
   13.081449
    9.730645
    6.379842
    2.984656
  359.674734
  356.364812
  353.054889
  349.692990
  346.319995
  343.002478
  339.607292
  336.300870
  332.927876
  329.577072
  326.226268
  322.842178
  319.546851
  316.184952
  312.878530
  309.583203
  306.176922
  302.881595
  299.464219
  296.146702
  292.751516
  289.356331
  286.049909
  282.699105
  279.359397
  275.997497
  272.646694
  269.373557
  265.867418
  262.616473
  259.298955
  255.981438
  252.663920
  249.213258
  245.940122
  242.556032
  239.194133
  235.832233
  232.448144
  229.163912
  225.691059
  222.395732
  218.967261
  215.638648
  212.254558
  208.870468
  205.552950
  202.135574
  198.784770
  195.456157
  192.072067
  188.743454
  185.248411
  182.008561
  178.613375
  175.229285
  171.867386
  168.461106
  165.154683
  161.726212
  158.375408
  154.991318
  151.540656
  148.189852
  144.739190
  141.377291
  137.971010
  134.586920
  131.091877
  127.652310
  124.434651
  120.961798
  117.666471
  114.193618
  110.876100
  107.458724
  104.041348
  100.746021
   97.250977
   93.933460
   90.527179
   87.143089
   83.747904
   80.319433
   77.024106
   73.573443
   70.211544
   66.838550
   63.476651
   60.136942
   56.730661
   53.324381
   49.918100
   46.534010
   43.194302
   39.732544
   36.426122
   32.986555
   29.669038
   26.240566
   22.856476
   19.472386
   16.143773
   12.759683
    9.397784
    5.969313
    2.673986
  359.352968
  356.031950
  352.710932
  349.437796
  346.120279
  342.680712
  339.318813
  335.968009
  332.595014
  329.277497
  325.849025
  322.498221
  319.147418
  315.785519
  312.434715
  309.017339
  305.722012
  302.326827
  299.009309
  295.769459
  292.340987
  289.056756
  285.650475
  282.288576
  278.915581
  275.531492
  272.213974
  268.774407
  265.456889
  262.061704
  258.733091
  255.349001
  251.953816
  248.691775
  245.285494
  241.912500
  238.539505
  235.144320
  231.826802
  228.365045
  225.047527
  221.630151
  218.179489
  214.806494
  211.422405
  208.171459
  204.765178
  201.425470
  198.030285
  194.690576
  191.384154
  187.878015
  184.549402
  181.187503
  177.847794
  174.397132
  171.013042
  167.695525
  164.300339
  160.938440
  157.576541
  154.203546
  150.763980
  147.313318
  144.095658
  140.600615
  137.316383
  133.921198
  130.448345
  127.230686
  123.802214
  120.440315
  116.956367
  113.627754
  110.243664
  106.815192
  103.442198
  100.069203
   96.685113
   93.301023
   89.839266
   86.555034
   83.126563
   79.631519
   76.236334
   72.874435
   69.523631
   66.128446
   62.755451
   59.393552
   55.920699
   52.658658
   49.207996
   45.857192
   42.450912
   39.133394
   35.727113
   32.287546
   29.014410
   25.585939
   22.179658
   18.984190
   15.356001
   12.116151
    8.687680
    5.392353
    1.986072
  358.496873
  355.007675
  352.045210
  348.650025
  345.288125
  341.904035
  338.586518
  335.235714
  331.984769
  328.545202
  325.205493
  321.821404
  318.481695
  315.141987
  311.702420
  308.573524
  305.167243
  301.805344
  298.432349
  295.048259
  291.741837
  288.313366
  284.984753
  281.678330
  278.283145
  275.021104
  271.548251
  268.241829
  264.746785
  261.529126
  258.111750
  254.738755
  251.454524
  248.059339
  244.664153
  241.335540
  237.873783
  234.467502
  231.027935
  227.743704
  224.281946
  220.986619
  217.669102
  214.196249
  210.956399
  207.472450
  204.154933
  200.704271
  197.353467
  193.980472
  190.574192
  187.400914
  183.983538
  180.632734
  177.237549
  173.908936
  170.535941
  166.996516
  163.701189
  160.283813
  156.999581
  153.526729
  150.264688
  146.880598
  143.474317
  140.068036
  136.672851
  133.266571
  129.949053
  126.520581
  123.191968
  119.752402
  116.457075
  113.039699
  109.655609
  106.116184
  102.687712
   99.348004
   95.986105
   92.590919
   89.217925
   85.778358
   82.505222
   79.065655
   75.725947
   72.330761
   68.935576
   65.562581
   62.189587
   58.838783
   55.443598
   52.015126
   48.719799
   45.246947
   41.896143
   38.500957
   35.183440
   31.788254
   28.437451
   25.108838
   21.724748
   18.396135
   15.000949
   11.616859
    8.332628
    4.893061
    1.553353
  358.164013
  354.774673
  351.645776
  348.195114
  344.933073
  341.504602
  338.198180
  334.791899
  331.430000
  328.068101
  324.639629
  321.322112
  317.960212
  314.565027
  311.169842
  307.830133
  304.501520
  301.050858
  297.799913
  294.293774
  290.987351
  287.592166
  284.241362
  280.823986
  277.462087
  274.122379
  270.738289
  267.376390
  263.992300
  260.597114
  257.301788
  253.884411
  250.555798
  247.171709
  243.798714
  240.470101
  237.041630
  233.701921
  230.295640
  226.933741
  223.616224
  220.154466
  216.803662
  213.430668
  210.046578
  206.762346
  203.356066
  200.016357
  196.598981
  193.237082
  189.886278
  186.491093
  183.129194
  179.722913
  176.383205
  172.999115
  169.637216
  166.219840
  162.780273
  159.507137
  156.145237
  152.716766
  149.365962
  146.026254
  142.542305
  139.258074
  135.763030
  132.445513
  128.994850
  125.666237
  122.259957
  118.853676
  115.469586
  112.118782
  108.723597
  105.339507
  101.922131
   98.571327
   95.131761
   91.780957
   88.396867
   85.034968
   81.717450
   78.244597
   74.915984
   71.509703
   68.147804
   64.752619
   61.379624
   58.062107
   54.611445
   51.227355
   47.843265
   44.436984
   41.108371
   37.690995
   34.362382
   30.956101
   27.572011
   24.243398
   20.803831
   17.586172
   14.168796
   10.829088
    7.533761
    4.049813
    0.743390
  357.481647
  354.219904
  350.946768
  347.595964
  344.289541
  340.983119
  337.576839
  334.281512
  330.797563
  327.502236
  324.140337
  320.778438
  317.449825
  314.099021
  310.770408
  307.386318
  304.024419
  300.673615
  297.300621
  294.016389
  290.599013
  287.226019
  283.853024
  280.491125
  277.173607
  273.745136
  270.438714
  267.043528
  263.726011
  260.386302
  257.024403
  253.751267
  250.389368
  247.027469
  243.654474
  240.281480
  237.030534
  233.568777
  230.195782
  226.756215
  223.427602
  220.121180
  216.681613
  213.208760
  209.869052
  206.440580
  203.123063
  199.694591
  196.499123
  193.037365
  189.708752
  186.424521
  182.940572
  179.600864
  176.150202
  172.843779
  169.515166
  166.031218
  162.669319
  159.263038
  155.978807
  152.605812
  149.099673
  145.848728
  142.398066
  139.002880
  135.629886
  132.312368
  128.972660
  125.455425
  122.137908
  118.753818
  115.347537
  111.996733
  108.568262
  105.284030
  101.855559
   98.549137
   95.131761
   91.714384
   88.341390
   84.846346
   81.473352
   78.078166
   74.627504
   71.309987
   67.881515
   64.552902
   61.146621
   57.773627
   54.400632
   51.005447
   47.599166
   44.203981
   40.819891
   37.491278
   34.018425
   30.678717
   27.305722
   23.866155
   20.581924
   17.120166
   13.780458
   10.418559
    7.045564
    3.705856
    0.277384
  356.976807
  353.676230
  350.369808
  347.085576
  343.723677
  340.406160
  337.010974
  333.671266
  330.331557
  326.969658
  323.663236
  320.345718
  317.006010
  313.655206
  310.204544
  306.964694
  303.491841
  300.185419
  296.812424
  293.428334
  290.188484
  286.782204
  283.420304
  280.113882
  276.740888
  273.434465
  270.028185
  266.677381
  263.293291
  259.942487
  256.658256
  253.218689
  249.901171
  246.539272
  243.166278
  239.859855
  236.442479
  233.080580
  229.751967
  226.367877
  223.028169
  219.588602
  216.282180
  212.853708
  209.525095
  206.185387
  202.768011
  199.383921
  196.055308
  192.693409
  189.353700
  185.914133
  182.585520
  179.168144
  175.828436
  172.455441
  169.026970
  165.698357
  162.336458
  158.930177
  155.579373
  152.139806
  148.700240
  145.327245
  142.065204
  138.647828
  135.363597
  131.979507
  128.551035
  125.122564
  121.749569
  118.343289
  114.992485
  111.552918
  108.146637
  104.707071
  101.245313
   97.905605
   94.454943
   91.093043
   87.720049
   84.324864
   80.996250
   77.623256
   74.205880
   70.888362
   67.437700
   64.109087
   60.680616
   57.396384
   53.956817
   50.594918
   47.177542
   43.760166
   40.420458
   37.025272
   33.663373
   30.301474
   26.884098
   23.566580
   20.127013
   16.831687
   13.392120
   10.030221
    6.712703
    3.350804
    0.055477
  356.682780
  353.310083
  350.103519
  346.675047
  343.357530
  340.017821
  336.611541
  333.282928
  329.887742
  326.592416
  323.186135
  319.868617
  316.639863
  313.266868
  309.904969
  306.509784
  303.170075
  299.830367
  296.446277
  293.095473
  289.644811
  286.371675
  282.921013
  279.614590
  276.219405
  272.857506
  269.517797
  266.089326
  262.760713
  259.387718
  256.014724
  252.675015
  249.279830
  245.973408
  242.600413
  239.194133
  235.810043
  232.448144
  229.130626
  225.691059
  222.384637
  218.967261
  215.605362
  212.221272
  208.859373
  205.486378
  202.057907
  198.718198
  195.389585
  192.038781
  188.676882
  185.226220
  181.964179
  178.491326
  175.118332
  171.800814
  168.372343
  165.043730
  161.692926
  158.319931
  154.958032
  151.529561
  148.167662
  144.772476
  141.377291
  137.904438
  134.575825
  131.324880
  127.863122
  124.556700
  121.050561
  117.622089
  114.237999
  110.787337
  107.403247
  104.019157
  100.590686
   97.262073
   93.811411
   90.449512
   87.009945
   83.648046
   80.263956
   76.902056
   73.529062
   70.122781
   66.727596
   63.432269
   59.937225
   56.619708
   53.213427
   49.829337
   46.511819
   43.050062
   39.699258
   36.315168
   32.908888
   29.524798
   26.118517
   22.778809
   19.383623
   16.043915
   12.637634
    9.253544
    5.936027
    2.518651
  359.201332
  355.884012
  352.566693
  349.260270
  345.876180
  342.469900
  339.119096
  335.857055
  332.539537
  329.122161
  325.793548
  322.420554
  319.280562
  315.885377
  312.523478
  309.205960
  305.844061
  302.471066
  299.142453
  295.725077
  292.374274
  288.979088
  285.639380
  282.288576
  278.948868
  275.620255
  272.169592
  268.885361
  265.490176
  262.172658
  258.821854
  255.448860
  252.153533
  248.747252
  245.396448
  242.067835
  238.694841
  235.321846
  231.915565
  228.631334
  225.213958
  221.863154
  218.479064
  215.139356
  211.821838
  208.415557
  204.987086
  201.591901
  198.274383
  194.956865
  191.495108
  188.066636
  184.627070
  181.242980
  177.847794
  174.386037
  171.024138
  167.806478
  164.477865
  161.204729
  157.798449
  154.447645
  150.930410
  147.579607
  144.406329
  140.811427
  137.527195
  134.187487
  130.803397
  127.374925
  123.946454
  120.562364
  117.178274
  113.683230
  110.321331
  106.881765
  103.564247
  100.157966
   96.740590
   93.323214
   89.916933
   86.577225
   83.159849
   79.831236
   76.402765
   72.996484
   69.656775
   66.272686
   62.899691
   59.548887
   56.098225
   52.791803
   49.330045
   45.990337
   42.606247
   39.266538
   35.849162
   32.476168
   29.158650
   25.774560
   22.457043
   18.984190
   15.699958
   12.338059
    8.953969
    5.614261
    2.185789
  358.879565
  355.573341
  352.267116
  348.982886
  345.554414
  342.203611
  338.852807
  335.502003
  332.162295
  328.722728
  325.383019
  321.998930
  318.648126
  315.363894
  311.891041
  308.573524
  305.189434
  301.816439
  298.487826
  295.103736
  291.752932
  288.391033
  285.006943
  281.889142
  278.449576
  275.120963
  271.747968
  268.386069
  265.046361
  261.673366
  258.322562
  254.971758
  251.632050
  248.314532
  244.852775
  241.513066
  238.140072
  234.767077
  231.405178
  227.998897
  224.659189
  221.252908
  217.935391
  214.518015
  211.211592
  207.838598
  204.421222
  201.092609
  197.708519
  194.368810
  191.006911
  187.589535
  184.305304
  180.832451
  177.526028
  174.130843
  170.724563
  167.395949
  164.034050
  160.649960
  157.265870
  153.859590
  150.586454
  147.157982
  143.796083
  140.400898
  136.939140
  133.621623
  130.193151
  126.842347
  123.447162
  120.085263
  116.745554
  113.294892
  109.944089
  106.537808
  103.120432
   99.814010
   96.318966
   93.023639
   89.572977
   86.255459
   82.904655
   79.442898
   76.103189
   72.741290
   69.379391
   66.039683
   62.544639
   59.216026
   55.809745
   52.414560
   49.119233
   45.668571
   42.295576
   38.944772
   35.571778
   32.187688
   28.781407
   25.419508
   22.024323
   18.640233
   15.333811
   11.860958
    8.543440
    5.137159
    1.775260
  358.313800
  354.852340
  351.845493
  348.516880
  345.143885
  341.881845
  338.342420
  335.091474
  331.696289
  328.334390
  325.027967
  321.632782
  318.270883
  314.886793
  311.558180
  308.207376
  304.812191
  301.472482
  298.099488
  294.726493
  291.397880
  287.980504
  284.674082
  281.245611
  277.883711
  274.499622
  271.182104
  267.853491
  264.391733
  261.107502
  257.701221
  254.394799
  251.032900
  247.637714
  244.298006
  240.869535
  237.496540
  234.134641
  230.761646
  227.433033
  223.993466
  220.709235
  217.258573
  213.929960
  210.446011
  207.039731
  203.511401
  200.127311
  197.020605
  193.714183
  190.396666
  186.990385
  183.506437
  180.188919
  176.760447
  173.409644
  170.069935
  166.630368
  163.412709
  159.917666
  156.633434
  153.227153
  149.765396
  146.514450
  143.019407
  139.657508
  136.384371
  132.911518
  129.616192
  126.087862
  122.737058
  119.219824
  115.846829
  112.396167
  109.000981
  105.672368
  102.277183
   98.881998
   95.486813
   92.036150
   88.696442
   85.290161
   81.883881
   78.555268
   75.126796
   71.820374
   68.414093
   65.041099
   61.701390
   58.361682
   55.055260
   51.582407
   48.176126
   44.958467
   41.496709
   38.168096
   34.772911
   31.344439
   28.093494
   24.653927
   21.325314
   17.941224
   14.579325
   11.228521
    7.844431
    4.471437
    1.098442
  357.747936
  354.397430
  351.102103
  347.862253
  344.422686
  341.138454
  337.732174
  334.359179
  331.041662
  327.635381
  324.273482
  320.900487
  317.549683
  314.209975
  310.748217
  307.475081
  304.090991
  300.695806
  297.356098
  293.883245
  290.610109
  287.170542
  283.808643
  280.446743
  277.040463
  273.722945
  270.361046
  266.943670
  263.637248
  260.364112
  257.102071
  253.629218
  250.333891
  246.883229
  243.521330
  240.226003
  236.786436
  233.413441
  230.018256
  226.700738
  223.327744
  219.899272
  216.581755
  213.208760
  209.813575
  206.451676
  203.056490
  199.738973
  196.310501
  193.026270
  189.631085
  186.258090
  182.896191
  179.534292
  176.139106
  172.799398
  169.370927
  166.042314
  162.580556
  159.274134
  155.867853
  152.450477
  149.077482
  145.626820
  142.309303
  138.903022
  135.552218
  132.190319
  128.784038
  125.411044
  122.049145
  118.631769
  115.314251
  111.830303
  108.634834
  105.184172
  101.855559
   98.371611
   94.954234
   91.581240
   88.086196
   84.668820
   81.362398
   77.967213
   74.583123
   71.187937
   67.781657
   64.453044
   61.046763
   57.784722
   54.378442
   50.949970
   47.643548
   44.148504
   40.808796
   37.402515
   33.985139
   30.645431
   27.183673
   23.888346
   20.437684
   17.142357
   13.747172
   10.418559
    7.200900
    3.783523
    0.443815
  357.115500
  353.787184
  350.502952
  347.152149
  343.845726
  340.439446
  337.066451
  333.682361
  330.331557
  327.069517
  323.663236
  320.423386
  316.972724
  313.666302
  310.260021
  306.887026
  303.613890
  300.196514
  296.834615
  293.450525
  290.066435
  286.771108
  283.353732
  279.991833
  276.663220
  273.256939
  269.972708
  266.499855
  263.149051
  259.809343
  256.425253
  253.141021
  249.734741
  246.361746
  243.033133
  239.604662
  236.331525
  232.869768
  229.496773
  226.168160
  222.750784
  219.444362
  215.916032
  212.687277
  209.236615
  205.785953
  202.523912
  199.150918
  195.822305
  192.493692
  189.087411
  185.780989
  182.319231
  178.979523
  175.595433
  172.244629
  168.871635
  165.454259
  162.070169
  158.652793
  155.357466
  151.906803
  148.478332
  145.127528
  141.754534
  138.403730
  135.097308
  131.691027
  128.295842
  124.867370
  121.549853
  118.187953
  114.803864
  111.353201
  107.813776
  104.407496
  101.056692
   97.639316
   94.288512
   90.860040
   87.553618
   84.114051
   80.785438
   77.334776
   73.995068
   70.622073
   67.182506
   63.887179
   60.447613
   57.085714
   53.668337
   50.284248
   46.922348
   43.538258
   40.143073
   36.803365
   33.352703
   30.101757
   26.717667
   23.377959
   20.016060
   16.676351
   13.336643
    9.919267
    6.601749
    3.250945
    0.033286
  356.710518
  353.387750
  350.125710
  346.763811
  343.401911
  340.084394
  336.644827
  333.316214
  329.921029
  326.592416
  323.230516
  319.813140
  316.484527
  313.122628
  309.760729
  306.409925
  302.981454
  299.730508
  296.279846
  292.962328
  289.511666
  286.183053
  282.854440
  279.425969
  276.108451
  272.768743
  269.384653
  266.067135
  262.660855
  259.287860
  255.959247
  252.508585
  248.880397
  245.884645
  242.600413
  239.127560
  235.798947
  232.459239
  229.086244
  225.746536
  222.329160
  219.033833
  215.660838
  212.143604
  208.837182
  205.453092
  202.002430
  198.873533
  195.378490
  192.049877
  188.687978
  185.370460
  181.953084
  178.557899
  175.173809
  171.845196
  168.494392
  165.132493
  161.715117
  158.275550
  154.946937
  151.540656
  148.245329
  144.850144
  141.521531
  138.070869
  134.831019
  131.291593
  127.918599
  124.323697
  121.128228
  117.633185
  114.215809
  110.865005
  107.447629
  104.052443
  100.679449
   97.262073
   93.933460
   90.538275
   87.165280
   83.758999
   80.352719
   77.046296
   73.606730
   70.244830
   66.838550
   63.443364
   60.114751
   56.641898
   53.279999
   49.918100
   46.500724
   43.149920
   39.699258
   36.403931
   32.975460
   29.613561
   26.251661
   22.834285
   19.483482
   16.077201
   12.737493
    9.397784
    5.991503
    2.685081
  359.393651
  356.102221
  352.810791
  349.415606
  346.142469
  342.713998
  339.396480
  336.012390
  332.650491
  329.288592
  325.937788
  322.553698
  319.213990
  315.796614
  312.479096
  309.139388
  305.888442
  302.515448
  299.164644
  295.858222
  292.463037
  289.078947
  285.694857
  282.344053
  278.959963
  275.642445
  272.236165
  268.896456
  265.456889
  262.272516
  258.832950
  255.504336
  252.120247
  248.813824
  245.518497
  242.078931
  238.750318
  235.366228
  232.037615
  228.720097
  225.291626
  221.929726
  218.545636
  215.017307
  211.733075
  208.348985
  204.953800
  201.702854
  198.352051
  194.945770
  191.594966
  188.122113
  184.782405
  181.420506
  178.102988
  174.674517
  171.412476
  167.961814
  164.622105
  161.226920
  157.865021
  154.458740
  151.030269
  147.646179
  144.217707
  140.900190
  137.371860
  133.987770
  130.659157
  127.374925
  123.902073
  120.495792
  117.133893
  113.771994
  110.254759
  106.915051
  103.497675
  100.124680
   96.762781
   93.356500
   90.061173
   86.621607
   83.270803
   79.864522
   76.491528
   73.118533
   69.701157
   66.394735
   62.988454
   59.604364
   56.220274
   52.836184
   49.496476
   46.056909
   42.695010
   39.299825
   35.904639
   32.553835
   29.114269
   25.785656
   22.346089
   19.006380
   15.622291
   12.238201
    8.898492
    5.536593
    2.119217
  358.846279
  355.573341
  352.300404
  348.916314
  345.587701
  342.225801
  338.819521
  335.513098
  332.151199
  328.900254
  325.571641
  322.209742
  318.914415
  315.607993
  312.234998
  308.950766
  305.522295
  302.315731
  298.876164
  295.569742
  292.163461
  288.823753
  285.495140
  282.066669
  278.804628
  275.487110
  272.136306
  268.796598
  265.368126
  262.061704
  258.677614
  255.326810
  252.009293
  248.603012
  245.340971
  241.912500
  238.606078
  235.199797
  231.860089
  228.531476
  225.136290
  221.741105
  218.268252
  214.773208
  211.733075
  208.204745
  204.898323
  201.547519
  198.141239
  194.712767
  191.173342
  187.900206
  184.560497
  181.087644
  177.803413
  174.430418
  170.968661
  167.673334
  164.222672
  161.149252
  157.498873
  154.181356
  150.841647
  147.446462
  144.117849
  140.733759
  137.349669
  133.899007
  130.492726
  127.097541
  123.746737
  120.284980
  116.923081
  113.505704
  110.154901
  106.737525
  103.331244
   99.969345
   96.607446
   93.223356
   89.839266
   86.410794
   83.104372
   79.653710
   76.314001
   72.907721
   69.545822
   66.172827
   62.711070
   59.460124
   56.009462
   52.680849
   49.318950
   45.990337
   42.650628
   39.233252
   35.804781
   32.409596
   29.014410
   25.663606
   22.235135
   19.039667
   15.500241
   12.304773
    8.787538
    5.436735
    2.041549
  358.757516
  355.473483
  352.189450
  348.938504
  345.687559
  342.325660
  338.985951
  335.568575
  332.273248
  328.955731
  325.627118
  322.376172
  318.947701
  315.696756
  312.268284
  308.961862
  305.622153
  302.226968
  299.031500
  295.614124
  292.307701
  288.956897
  285.650475
  282.355148
  278.959963
  275.631350
  272.313832
  268.963029
  265.734274
  262.283612
  259.032666
  255.648576
  252.342154
  249.046827
  245.618356
  242.300838
  238.916748
  235.554849
  232.181854
  228.797765
  225.391484
  222.007394
  218.645495
  215.339073
  211.932792
  208.604179
  205.120231
  201.858190
  198.440814
  195.067819
  191.606062
  188.166495
  184.782405
  181.464887
  177.936557
  174.630135
  171.257141
  167.939623
  164.522247
  161.071585
  157.731876
  154.336691
  151.063555
  147.657274
  144.250994
  140.844713
  137.527195
  134.453776
  130.881064
  127.596833
  123.979740
  120.517983
  117.189370
  113.783089
  110.465571
  107.026004
  103.641915
  100.224538
   96.862639
   93.489645
   90.072269
   86.732560
   83.304089
   79.931094
   76.535909
   73.162914
   69.789920
   66.405830
   62.988454
   59.704222
   56.242465
   52.880566
   49.496476
   46.090195
   42.761582
   39.344206
   36.015593
   32.564931
   29.236318
   25.841133
   22.412661
   19.095143
   15.699958
   12.338059
    9.009446
    5.636451
    2.341125
  359.031202
  355.721280
  352.411357
  349.049458
  345.687559
  342.314564
  338.941570
  335.646243
  332.228867
  328.922445
  325.693690
  322.298505
  318.980987
  315.596897
  312.301570
  308.873099
  305.522295
  302.204777
  298.876164
  295.469884
  292.119080
  288.712799
  285.461854
  281.989001
  278.682579
  275.309584
  271.947685
  268.619072
  265.157314
  261.884178
  258.455707
  255.138189
  251.754099
  248.381105
  245.063587
  241.657306
  238.295407
  234.900222
  231.505037
  228.198614
  224.803429
  221.463721
  218.068535
  214.739922
  211.400214
  207.971742
  204.632034
  201.270135
  197.930426
  194.557432
  191.128960
  187.744870
  184.449544
  180.965595
  177.648078
  174.119748
  170.835516
  167.551285
  164.122813
  160.672151
  157.354633
  154.003830
  150.653026
  147.202364
  143.851560
  140.445279
  137.083380
  133.788053
  130.370677
  126.920015
  123.469353
  120.151835
  116.656791
  113.294892
  109.910802
  106.504522
  103.120432
   99.747437
   96.341157
   93.001448
   89.528595
   86.199982
   82.771511
   79.420707
   76.058808
   72.663623
   69.346105
   65.884347
   62.533544
   59.160549
   55.754268
   52.414560
   48.986088
   45.601999
   42.195718
   38.789437
   35.471920
   31.999067
   28.703740
   25.330745
   21.935560
   18.562565
   15.178475
   11.860958
    8.454677
    5.081683
    1.686497
  358.302705
  354.918912
  351.734539
  348.561262
  345.310316
  341.937322
  338.675281
  335.180237
  331.873815
  328.445343
  325.138921
  321.799213
  318.392932
  315.042128
  311.702420
  308.329425
  305.023003
  301.627818
  298.332491
  295.014973
  291.653074
  288.357747
  284.873799
  281.611758
  278.205477
  274.910150
  271.548251
  268.208543
  264.802262
  261.506935
  258.178322
  254.871900
  251.421238
  248.159197
  244.797298
  241.424303
  238.073500
  234.633933
  231.371892
  227.965611
  224.581521
  221.130859
  217.735674
  214.484729
  210.900922
  207.472450
  204.177124
  200.826320
  197.508802
  194.102521
  190.674050
  187.412009
  184.072301
  180.776974
  177.392884
  173.920031
  170.447178
  167.051993
  163.678998
  160.339290
  156.933009
  153.593301
  150.242497
  146.936075
  143.540889
  140.090227
  136.761614
  133.288761
  129.982339
  126.587154
  123.314018
  119.785688
  116.534742
  113.039699
  109.666704
  106.315900
  102.920715
   99.514434
   96.196917
   92.735159
   89.373260
   85.978075
   82.616176
   79.220990
   75.781423
   72.463906
   69.102007
   65.684631
   62.344922
   58.927546
   55.532361
   52.159366
   48.797467
   45.435568
   41.984906
   38.667388
   35.227821
   31.888113
   28.526214
   25.097742
   21.780225
   18.362849
   15.000949
   11.672336
    8.232770
    5.059492
    1.542257
  358.191751
  354.841245
  351.645776
  348.339354
  344.933073
  341.582270
  338.231466
  334.814090
  331.485477
  328.079196
  324.717297
  321.421970
  318.015689
  314.687076
  311.302986
  307.963278
  304.579188
  301.172907
  297.866485
  294.460204
  291.087210
  287.703120
  284.319030
  281.034798
  277.595232
  274.244428
  270.871433
  267.465153
  264.169826
  260.741354
  257.401646
  254.039747
  250.644561
  247.338139
  243.909668
  240.547769
  237.185869
  233.779589
  230.473166
  227.055790
  223.660605
  220.309801
  216.881330
  213.586003
  210.190818
  206.840014
  203.511401
  200.071834
  196.776507
  193.381322
  189.997232
  186.646428
  183.206861
  179.922630
  176.361014
  173.021306
  169.659406
  166.275316
  162.968894
  159.595900
  156.300573
  152.894292
  149.521297
  146.203780
  142.764213
  139.357932
  135.929461
  132.545371
  129.205663
  125.743905
  122.437483
  119.042297
  115.669303
  112.285213
  108.845646
  105.517033
  102.121848
   98.748853
   95.398050
   91.958483
   88.607679
   85.245780
   81.839499
   78.510886
   75.093510
   71.775992
   68.325330
   64.974526
   61.590437
   58.217442
   54.855543
   51.415976
   48.065172
   44.636701
   41.274802
   37.946189
   34.495526
   31.166913
   27.816110
   24.365447
   21.081216
   17.641649
   14.346322
   11.028805
    7.622524
    4.282815
    0.909821
  357.564863
  354.219904
  350.924577
  347.595964
  344.234065
  340.905452
  337.565743
  334.126176
  330.819754
  327.413473
  324.084860
  320.722961
  317.316681
  313.976972
  310.603978
  307.242078
  303.891275
  300.451708
  297.156381
  293.716814
  290.366010
  286.981920
  283.664403
  280.280313
  276.907318
  273.589801
  270.372141
  266.999147
  263.648343
  260.264253
  256.946735
  253.573741
  250.200746
  246.894324
  243.432567
  240.159430
  236.742054
  233.413441
  230.073733
  226.667452
  223.383221
  219.932559
  216.615041
  213.219856
  209.880147
  206.573725
  203.111967
  199.783354
  196.365978
  192.970793
  189.586703
  186.302472
  183.007145
  179.423338
  176.216774
  172.710635
  169.448594
  166.020123
  162.636033
  159.263038
  155.934425
  152.616908
  149.099673
  145.826537
  142.442447
  139.102739
  135.718649
  132.223605
  128.795134
  125.599665
  122.137908
  118.809295
  115.314251
  112.152068
  108.723597
  105.272935
  101.744605
   98.327229
   94.943139
   91.581240
   88.141673
   84.768679
   81.384589
   77.989403
   74.638600
   71.176842
   67.859324
   64.430853
   61.113335
   57.707055
   54.289679
   50.972161
   47.521499
   44.181790
   40.797700
   37.402515
   34.051711
   30.623240
   27.294627
   23.899442
   20.504256
   17.208929
   13.758267
   10.440750
    7.089946
    3.761333
    0.310671
  357.010094
  353.709516
  350.436380
  347.096672
  343.745868
  340.339587
  337.022070
  333.649075
  330.253890
  326.936372
  323.530092
  320.245860
  316.806293
  313.477680
  310.082495
  306.742786
  303.403078
  300.129942
  296.801329
  293.428334
  290.088626
  286.793299
  283.342637
  280.025119
  276.696506
  273.301321
  270.005994
  266.555332
  263.260005
  259.898106
  256.569493
  253.218689
  249.823504
  246.550367
  243.188468
  239.837664
  236.509051
  233.036199
  229.785253
  226.445545
  223.105836
  219.743937
  216.337656
  213.031234
  209.613858
  206.274150
  202.901155
  199.528161
  196.166261
  192.826553
  189.309319
  186.124945
  182.652093
  179.356766
  175.939390
  172.555300
  169.193401
  165.820406
  162.369744
  159.041131
  155.690327
  152.272951
  148.911052
  145.471485
  142.231635
  138.703305
  135.563313
  131.957316
  128.728561
  125.333376
  121.971477
  118.554101
  115.181106
  111.774826
  108.191019
  104.784738
  101.478316
   98.038749
   94.676850
   91.259474
   87.842098
   84.480199
   81.062823
   77.734210
   74.316834
   70.966030
   67.593035
   64.208945
   60.835951
   57.474052
   54.067771
   50.683681
   47.299591
   43.926597
   40.553602
   37.147321
   33.785422
   30.390237
   27.083815
   23.610962
   20.304540
   16.887163
   13.547455
   10.207747
    6.790371
    3.406281
    0.155335
  356.832567
  353.509800
  350.136805
  346.841478
  343.501770
  340.139871
  336.766876
  333.360595
  330.065268
  326.658988
  323.285993
  319.935189
  316.584386
  313.222487
  309.827301
  306.509784
  303.125694
  299.785985
  296.412991
  292.973424
  289.744669
  286.438247
  283.120729
  279.736639
  276.330359
  273.012841
  269.573274
  266.244661
  262.893857
  259.554149
  256.181154
  252.752683
  249.457356
  246.051075
  242.700272
  239.338373
  235.920996
  232.570193
  229.208294
  225.857490
  222.495591
  219.033833
  215.738506
  212.298939
  208.914849
  205.541855
  202.213242
  198.906820
  195.422871
  192.038781
  188.643596
  185.237315
  181.919798
  178.580089
  175.306953
  171.900672
  168.416724
  165.132493
  161.659640
  158.375408
  154.913651
  151.551751
  148.212043
  144.772476
  141.388386
  138.070869
  134.653493
  131.313784
  127.885313
  124.545604
  121.161514
  117.799615
  114.404430
  110.964863
  107.614059
  104.229969
  100.868070
   97.495076
   94.077700
   90.760182
   87.353901
   83.992002
   80.619008
   77.212727
   73.884114
   70.433452
   67.093743
   63.731844
   60.369945
   57.019141
   53.579574
   50.262057
   46.877967
   43.571545
   40.154169
   36.803365
   33.419275
   30.035185
   26.684381
   23.289196
   19.916201
   16.576493
   13.181308
    9.808313
    6.457509
    3.062324
  359.745005
  356.427685
  353.110366
  349.770658
  346.464235
  343.124527
  339.729342
  336.323061
  333.027734
  329.599263
  326.315031
  322.919846
  319.557947
  316.251524
  312.789767
  309.505535
  306.099255
  302.759546
  299.442029
  296.024652
  292.629467
  289.289759
  285.927860
  282.599247
  279.148584
  275.864353
  272.491358
  269.118364
  265.789751
  262.372375
  259.054857
  255.648576
  252.319963
  248.935873
  245.540688
  242.189884
  238.816890
  235.466086
  232.115282
  228.697906
  225.446961
  221.974108
  218.667686
  215.150451
  211.799647
  208.448844
  205.042563
  201.725045
  198.396432
  195.045628
  191.705920
  188.266353
  184.904454
  181.487078
  178.125179
  174.840947
  171.312617
  168.083863
  164.599915
  161.226920
  157.853925
  154.458740
  151.063555
  147.690560
  144.306470
  141.000048
  137.538291
  134.187487
  130.803397
  127.441498
  124.090694
  120.640032
  117.355800
  113.916233
  110.609811
  107.181340
  103.786154
  100.402064
   97.017975
   93.445263
   90.116650
   86.721465
   83.426138
   79.953285
   76.569195
   73.174010
   69.789920
   66.483498
   63.021740
   59.737509
   56.286846
   52.947138
   49.551953
   46.167863
   42.805964
   39.388588
   36.115451
   32.786838
   29.413844
   26.196185
   22.789904
   19.527863
   16.121582
   12.792969
    9.442166
    6.058076
    2.751653
  359.401048
  356.050443
  352.699837
  349.426701
  346.064802
  342.636330
  339.363194
  335.979104
  332.628300
  329.233115
  325.860121
  322.520412
  319.158513
  315.796614
  312.456906
  309.028434
  305.710916
  302.271350
  298.998213
  295.547551
  292.196748
  288.845944
  285.439663
  282.088859
  278.715865
  275.342870
  271.980971
  268.585786
  265.234982
  261.884178
  258.511184
  255.171475
  251.709718
  248.436581
  244.985919
  241.679497
  238.295407
  234.922413
  231.538323
  228.165328
  224.792334
  221.430434
  218.024154
  214.673350
  211.244879
  207.794216
  204.487794
  201.037132
  197.752900
  194.313334
  191.051293
  187.722680
  184.249827
  180.899023
  177.570410
  174.175225
  170.890993
  167.362663
  164.045146
  160.716533
  157.332443
  153.970544
  150.431118
  147.180173
  143.696225
  140.389802
  136.994617
  133.588336
  130.248628
  126.864538
  123.524830
  120.151835
  116.845413
  113.416941
  109.988470
  106.526712
  103.142623
   99.758533
   96.429920
   92.934876
   89.595167
   86.111219
   82.804797
   79.376325
   76.003331
   72.663623
   69.235151
   65.884347
   62.478067
   59.093977
   55.743173
   52.314702
   48.974993
   45.590903
   42.217909
   38.856009
   35.383157
   32.087830
   28.681549
   25.308554
   21.968846
   18.518184
   15.167380
   11.794386
    8.432486
    5.081683
    1.675402
  358.324896
  354.974389
  351.867684
  348.494689
  345.121695
  341.826368
  338.386801
  335.080379
  331.629717
  328.345485
  324.939204
  321.599496
  318.304169
  314.942270
  311.680229
  308.318330
  304.934240
  301.605627
  298.154965
  294.859638
  291.497739
  288.102553
  284.762845
  281.345469
  278.061237
  274.610575
  271.293058
  267.920063
  264.580355
  261.262837
  257.834366
  254.572325
  251.188235
  247.881813
  244.486627
  241.113633
  237.873783
  234.489693
  231.072317
  227.743704
  224.315232
  221.086478
  217.691292
  214.340489
  210.967494
  207.472450
  204.143837
  200.648794
  197.486611
  194.113617
  190.751718
  187.456391
  184.005729
  180.654925
  177.259739
  173.875650
  170.447178
  167.007611
  163.667903
  160.283813
  156.910818
  153.537824
  150.175925
  146.858407
  143.452126
  140.123513
  136.805996
  133.333143
  129.871385
  126.487295
  123.103205
  119.796783
  116.301739
  112.984222
  109.555750
  106.227137
  102.743189
   99.336908
   95.963914
   92.524347
   89.173543
   85.733976
   82.394268
   79.054560
   75.626088
   72.253094
   68.913385
   65.496009
   62.145205
   58.727829
   55.410312
   51.981840
   48.597750
   45.235851
   41.829570
   38.489862
   35.028104
   31.732778
   28.315402
   24.964598
   21.613794
   18.262990
   14.989854
   11.572478
    8.188388
    4.859775
    1.453494
  358.069702
  354.685910
  351.534823
  348.139637
  344.766643
  341.471316
  338.031749
  334.725327
  331.341237
  328.001528
  324.639629
  321.222253
  317.871449
  314.531741
  311.136556
  307.841229
  304.401662
  301.061954
  297.700054
  294.304869
  290.954065
  287.525594
  284.230267
  280.790700
  277.484278
  274.077997
  270.693907
  267.343104
  263.959014
  260.597114
  257.268501
  253.873316
  250.544703
  247.105136
  243.787619
  240.392433
  237.052725
  233.713016
  230.240164
  226.955932
  223.527461
  220.221038
  216.803662
  213.452858
  210.124245
  206.740156
  203.344970
  200.016357
  196.598981
  193.270368
  189.797515
  186.380139
  183.018240
  179.667436
  176.316632
  172.899256
  169.592834
  166.142172
  162.758082
  159.329611
  155.945521
  152.561431
  149.121864
  145.782156
  142.409161
  139.036166
  135.663172
  132.279082
  128.939374
  125.477616
  122.149003
  118.776008
  115.391919
  112.018924
  108.623739
  105.284030
  101.788987
   98.504755
   95.042997
   91.714384
   88.330295
   84.968395
   81.584305
   78.133643
   74.782839
   71.387654
   68.014660
   64.641665
   61.213194
   57.862390
   54.445014
   51.060924
   47.699025
   44.292744
   40.964131
   37.524564
   34.151570
   30.767480
   27.438867
   24.210112
   20.781641
   17.430837
   14.080033
   10.740325
    7.367330
    3.994336
    0.610246
  357.204263
  353.798279
  350.669383
  347.252007
  343.989966
  340.594781
  337.210691
  333.904269
  330.486893
  327.180470
  323.785285
  320.445577
  317.094773
  313.666302
  310.370975
  306.997980
  303.624986
  300.263086
  296.845710
  293.561479
  290.088626
  286.793299
  283.387018
  280.047310
  276.663220
  273.290225
  269.994899
  266.544236
  263.215623
  259.864820
  256.491825
  253.096640
  249.734741
  246.406128
  243.033133
  239.704520
  236.509051
  233.102771
  229.740872
  226.279114
  222.983787
  219.610793
  216.248893
  212.820422
  209.380855
  206.107719
  202.634866
  199.395016
  195.944354
  192.671218
  189.198365
  185.769893
  182.441280
  179.046095
  175.673101
  172.311201
  168.860539
  165.520831
  162.236599
  158.830319
  155.435133
  152.006662
  148.733526
  145.371627
  141.976441
  138.636733
  135.263738
  131.879648
  128.528845
  125.055992
  121.727379
  118.265621
  114.948103
  111.486346
  108.057874
  104.707071
  101.289695
   97.827937
   94.454943
   91.015376
   87.697858
   84.291577
   80.940774
   77.556684
   74.117117
   70.832885
   67.382223
   64.031419
   60.602948
   57.218858
   53.879150
   50.417392
   47.099874
   43.638117
   40.309504
   36.892128
   33.552419
   30.157234
   26.728763
   23.400150
   19.993869
   16.631970
   13.236784
    9.852695
    6.535177
    3.095610
  359.778291
  356.460971
  353.143652
  349.881611
  346.464235
  343.257671
  339.862486
  336.511682
  333.105402
  329.787884
  326.492557
  323.186135
  319.835331
  316.484527
  313.100437
  309.849492
  306.432116
  303.081312
  299.697222
  296.335323
  293.006710
  289.589334
  286.294007
  282.898822
  279.570209
  276.208310
  272.813124
  269.451225
  266.056040
  262.716331
  259.354432
  255.937056
  252.608443
  249.213258
  245.884645
  242.533841
  239.149751
  235.798947
  232.337190
  229.041863
  225.602296
  222.295874
  218.900688
  215.416740
  212.221272
  208.781705
  205.364329
  201.980239
  198.640530
  195.389585
  191.961114
  188.599215
  185.081980
  181.664604
  178.358182
  174.885329
  171.545620
  168.139340
  164.877299
  161.537591
  158.142405
  154.747220
  151.363130
  148.012326
  144.550569
  141.122097
  137.782389
  134.420490
  131.102972
  127.552451
  124.146171
  120.817558
  117.400182
  114.027187
  110.554334
  107.225721
  103.863822
  100.424255
   97.040165
   93.656075
   90.305272
   86.921182
   83.470520
   80.130811
   76.724530
   73.351536
   70.045114
   66.550070
   63.254743
   59.815176
   56.475468
   53.058092
   49.662906
   46.289912
   42.850345
   39.510637
   36.115451
   32.720266
   29.380558
   25.974277
   22.634569
   19.228288
   15.899675
   12.626539
    9.053827
    5.758501
    2.374411
  359.042298
  355.710184
  352.378071
  349.093840
  345.709750
  342.525377
  339.263336
  335.890341
  332.606110
  329.233115
  325.893407
  322.564794
  319.202895
  315.874282
  312.479096
  309.161579
  305.755298
  302.448876
  299.153549
  295.713982
  292.418655
  289.012374
  285.717047
  282.344053
  278.926677
  275.675731
  272.347118
  268.974124
  265.656606
  262.316898
  260.219872
  256.842235
  260.874499
  257.496862
  262.061704
  258.684067
  263.570675
  260.193038
  265.112933
  261.735296
  266.599713
  263.222076
  267.831300
  264.453663
  268.863170
  265.485533
  269.806277
  266.428640
  270.738289
  267.360652
  271.858922
  268.481285
  272.735457
  269.357820
  273.623087
  270.245450
  274.666052
  271.288415
  275.675731
  272.298094
  276.552266
  273.174629
  277.473183
  274.095546
