  145.171910
  141.843297
  138.481398
  135.130594
  131.713218
  128.373509
  125.011610
  121.616425
  118.265621
  114.870436
  111.519632
  108.102256
  104.707071
  101.356267
   97.972177
   94.576992
   91.237283
   87.875384
   84.502390
   81.118300
   77.767496
   74.405597
   70.999316
   67.637417
   64.253327
   60.880332
   57.518433
   54.123248
   50.772444
   47.388354
   43.982074
   40.620174
   37.247180
   33.863090
   30.501191
   27.094910
   23.788488
   20.360016
   16.987022
   13.669504
   10.229937
    6.890229
    3.495044
    0.166431
  356.827020
  353.487609
  350.214473
  346.885860
  343.490674
  340.095489
  336.766876
  333.393881
  330.009792
  326.681179
  323.274898
  319.979571
  316.528909
  313.155914
  309.838397
  306.409925
  303.103503
  299.663936
  296.302037
  292.973424
  289.533857
  286.227435
  282.798963
  279.481446
  276.086260
  272.691075
  269.340271
  265.922895
  262.627568
  259.210192
  255.815007
  252.464203
  249.102304
  245.740405
  242.334124
  238.961130
  235.588135
  232.204045
  228.853241
  225.435865
  222.073966
  218.667686
  215.316882
  211.988269
  208.537607
  205.220089
  201.847094
  198.474100
  195.145487
  191.694825
  188.355116
  184.982122
  181.586936
  178.269419
  174.863138
  171.479048
  168.117149
  164.721964
  161.382255
  157.987070
  154.591885
  151.285462
  147.868086
  144.495092
  141.122097
  137.804580
  134.420490
  131.003114
  127.663405
  124.323697
  120.917416
  117.488945
  114.193618
  110.776242
  107.392152
  104.052443
  100.635067
   97.328645
   93.877983
   90.516084
   87.187471
   83.747904
   80.430386
   77.013010
   73.706588
   70.333593
   66.960599
   63.565414
   60.203514
   56.830520
   53.435335
   50.073435
   46.700441
   43.305256
   39.921166
   36.514885
   33.175177
   29.802182
   26.429187
   23.034002
   19.683198
   16.321299
   12.937209
    9.564215
    6.202316
    2.807130
  359.486112
  356.165095
  352.844077
  349.559845
  346.142469
  342.813856
  339.429766
  336.045677
  332.717064
  329.288592
  325.982170
  322.620271
  319.236181
  315.907568
  312.445810
  309.117197
  305.766393
  302.360113
  299.009309
  295.614124
  292.252224
  288.890325
  285.495140
  282.133241
  278.715865
  275.331775
  272.003162
  268.630167
  265.268268
  261.873083
  258.511184
  255.160380
  251.765195
  248.425486
  244.997015
  241.601829
  238.284312
  234.878031
  231.516132
  228.143137
  224.770143
  221.386053
  218.001963
  214.628968
  211.244879
  207.894075
  204.498889
  201.136990
  197.819473
  194.379906
  191.051293
  187.645012
  184.272018
  180.943405
  177.492742
  174.208511
  170.813326
  167.384854
  164.089527
  160.649960
  157.288061
  153.892876
  150.564263
  147.180173
  143.773892
  140.434184
  137.072285
  133.699290
  130.304105
  126.964396
  123.602497
  120.207312
  116.834317
  113.461323
  110.066138
  106.659857
  103.353435
   99.969345
   96.574159
   93.223356
   89.817075
   86.499557
   83.093277
   79.731378
   76.369478
   72.974293
   69.601299
   66.228304
   62.822023
   59.504506
   56.109320
   52.725230
   49.363331
   45.968146
   42.572961
   39.199966
   35.849162
   32.542740
   29.114269
   25.707988
   22.390470
   18.984190
   15.589004
   12.249296
    8.854111
    5.514402
    2.108122
  358.790803
  355.473483
  352.156164
  348.849741
  345.476747
  342.103752
  338.775139
  335.335572
  332.018055
  328.656156
  325.238780
  321.910167
  318.503886
  315.186368
  311.768992
  308.384902
  305.034098
  301.683295
  298.310300
  294.904019
  291.508834
  288.180221
  284.785036
  281.412041
  278.039047
  274.643861
  271.304153
  267.920063
  264.602545
  261.174074
  257.812175
  254.450276
  251.110567
  247.715382
  244.286911
  240.947202
  237.574208
  234.223404
  230.839314
  227.399747
  224.071134
  220.687044
  217.314050
  213.929960
  210.523679
  207.206161
  203.788785
  200.460172
  197.087178
  193.691992
  190.352284
  186.946003
  183.584104
  180.211110
  176.838115
  173.476216
  170.092126
  166.696941
  163.301755
  159.962047
  156.589052
  153.227153
  149.831968
  146.481164
  143.141456
  139.735175
  136.362181
  133.000281
  129.582905
  126.287579
  122.870202
  119.497208
  116.146404
  112.717933
  109.400415
  105.983039
  102.621140
   99.270336
   95.864055
   92.513252
   89.140257
   85.756167
   82.416459
   79.032369
   75.670470
   72.308570
   68.924481
   65.540391
   62.134110
   58.772211
   55.410312
   52.048412
   48.631036
   45.258042
   41.885047
   38.512053
   35.139058
   31.754968
   28.404165
   25.031170
   21.647080
   18.307372
   14.901091
   11.572478
    8.144007
    4.748821
    1.409113
  358.053059
  354.697005
  351.446060
  348.106351
  344.811024
  341.404744
  338.031749
  334.636564
  331.307951
  327.979338
  324.573057
  321.177872
  317.849259
  314.476264
  311.092174
  307.696989
  304.335090
  300.973191
  297.611291
  294.205011
  290.876398
  287.459022
  284.086027
  280.724128
  277.317847
  274.011425
  270.605144
  267.198864
  263.903537
  260.441779
  257.157548
  253.773458
  250.378272
  246.983087
  243.598997
  240.292575
  236.875199
  233.480014
  230.151401
  226.745120
  223.361030
  219.954749
  216.603945
  213.208760
  209.869052
  206.484962
  203.078681
  199.761164
  196.354883
  193.015174
  189.631085
  186.235899
  182.907286
  179.512101
  176.161297
  172.755016
  169.404213
  166.042314
  162.636033
  159.263038
  155.901139
  152.494858
  149.177341
  145.748869
  142.398066
  139.080548
  135.629886
  132.312368
  128.917183
  125.555284
  122.204480
  118.798199
  115.458491
  112.052210
  108.690311
  105.317316
  101.966513
   98.582423
   95.165047
   91.825338
   88.463439
   85.068254
   81.706355
   78.333360
   75.015842
   71.576276
   68.225472
   64.841382
   61.457292
   58.117584
   54.666921
   51.360499
   47.976409
   44.559033
   41.241515
   37.790853
   34.506622
   31.122532
   27.716251
   24.376543
   20.970262
   17.619458
   14.202082
   10.806897
    7.478284
    4.116385
    0.743390
  357.415075
  354.086759
  350.835814
  347.429533
  344.100920
  340.739021
  337.366026
  333.959746
  330.642228
  327.213757
  323.851857
  320.545435
  317.139155
  313.810541
  310.415356
  307.053457
  303.613890
  300.296373
  296.956664
  293.550383
  290.155198
  286.782204
  283.431400
  280.002928
  276.674315
  273.290225
  269.928326
  266.555332
  263.137956
  259.842629
  256.436348
  253.085544
  249.712550
  246.306269
  242.966561
  239.571375
  236.220572
  232.814291
  229.419106
  226.079397
  222.673117
  219.289027
  215.927128
  212.531942
  209.192234
  205.819239
  202.479531
  199.073250
  195.711351
  192.293975
  188.965362
  185.625654
  182.230468
  178.835283
  175.462288
  172.089294
  168.738490
  165.343305
  161.992501
  158.608411
  155.168844
  151.895708
  148.478332
  145.127528
  141.754534
  138.326062
  135.030735
  131.591169
  128.218174
  124.900656
  121.483280
  118.199049
  114.770577
  111.353201
  108.013493
  104.618308
  101.278599
   97.872319
   94.499324
   91.181806
   87.764430
   84.413627
   81.029537
   77.689828
   74.339024
   70.910553
   67.537558
   64.175659
   60.824856
   57.429670
   54.034485
   50.650395
   47.255210
   43.915501
   40.487030
   37.169512
   33.785422
   30.401332
   27.039433
   23.622057
   20.304540
   16.920450
   13.525264
   10.185556
    6.790371
    3.428471
    0.011095
  356.727161
  353.443227
  350.092424
  346.752715
  343.357530
  340.095489
  336.678113
  333.294023
  329.932124
  326.536939
  323.208326
  319.790950
  316.440146
  313.067151
  309.705252
  306.376639
  302.903786
  299.619555
  296.224369
  292.829184
  289.467285
  286.049909
  282.765677
  279.370492
  275.986402
  272.602312
  269.196031
  265.867418
  262.483328
  259.077048
  255.737339
  252.375440
  249.046827
  245.618356
  242.256457
  238.861271
  235.477181
  232.115282
  228.742288
  225.347102
  221.996299
  218.545636
  215.228119
  211.866220
  208.482130
  205.109135
  201.736141
  198.374241
  195.001247
  191.606062
  188.233067
  184.893359
  181.509269
  178.114083
  174.785470
  171.379190
  168.006195
  164.622105
  161.215825
  157.920498
  154.514217
  151.152318
  147.779323
  144.406329
  141.044430
  137.693626
  134.309536
  130.892160
  127.596833
  124.190552
  120.817558
  117.455659
  114.071569
  110.698574
  107.259007
  103.996967
  100.557400
   97.162214
   93.833601
   90.416225
   87.120898
   83.670236
   80.319433
   76.979724
   73.573443
   70.255926
   66.838550
   63.521032
   60.092561
   56.741757
   53.346572
   49.984672
   46.622773
   43.216493
   39.821307
   36.459408
   33.108604
   29.713419
   26.318234
   23.000716
   19.594435
   16.232536
   12.881732
    9.486547
    6.146839
    2.696177
  359.386254
  356.076332
  352.766409
  349.437796
  346.075897
  342.725093
  339.352099
  335.968009
  332.606110
  329.255306
  325.871216
  322.476031
  319.103036
  315.763328
  312.412524
  309.039529
  305.611058
  302.304636
  298.887260
  295.514265
  292.185652
  288.790467
  285.439663
  282.022287
  278.616006
  275.287393
  271.881113
  268.552500
  265.146219
  261.806511
  258.455707
  255.038331
  251.709718
  248.259055
  244.941538
  241.601829
  238.162263
  234.800363
  231.438464
  228.065470
  224.659189
  221.308385
  217.935391
  214.506919
  211.200497
  207.749835
  204.421222
  201.059323
  197.686328
  194.357715
  190.907053
  187.600631
  184.216541
  180.821355
  177.503838
  174.030985
  170.735658
  167.329377
  163.945287
  160.605579
  157.199298
  153.837399
  150.453309
  147.058124
  143.718415
  140.356516
  136.983522
  133.610527
  130.226437
  126.875633
  123.491544
  120.129644
  116.745554
  113.383655
  109.955184
  106.648762
  103.242481
   99.880582
   96.496492
   93.123497
   89.761598
   86.410794
   82.982323
   79.664805
   76.269620
   72.907721
   69.545822
   66.128446
   62.810928
   59.437933
   56.020557
   52.714135
   49.219091
   45.912669
   42.539675
   39.144489
   35.793685
   32.354119
   29.058792
   25.674702
   22.257326
   18.906522
   15.522432
   12.171628
    8.776443
    5.392353
    2.063740
  358.735325
  355.406911
  352.078496
  348.772074
  345.376888
  342.037180
  338.653090
  335.257905
  331.984769
  328.500820
  325.161112
  321.821404
  318.437314
  315.130891
  311.691325
  308.340521
  304.967526
  301.561246
  298.210442
  294.837447
  291.486643
  288.091458
  284.729559
  281.367660
  277.972474
  274.610575
  271.204295
  267.886777
  264.513782
  261.129693
  257.756698
  254.350417
  251.055090
  247.626619
  244.264720
  240.880630
  237.463254
  234.167927
  230.728360
  227.355366
  223.960180
  220.576090
  217.258573
  213.874483
  210.479298
  207.128494
  203.722213
  200.382505
  196.998415
  193.614325
  190.274616
  186.868336
  183.539723
  180.177824
  176.760447
  173.431834
  170.003363
  166.641464
  163.290660
  159.884379
  156.533576
  153.149486
  149.765396
  146.392401
  143.030502
  139.668603
  136.306704
  132.911518
  129.549619
  126.254292
  122.825821
  119.419540
  116.079832
  112.673551
  109.378224
  105.927562
  102.565663
   99.214859
   95.819674
   92.468870
   89.040399
   85.722881
   82.372077
   78.965797
   75.603897
   72.230903
   68.891194
   65.484914
   62.078633
   58.716734
   55.377026
   51.981840
   48.564464
   45.246947
   41.840666
   38.500957
   35.105772
   31.710587
   28.370878
   24.953502
   21.602699
   18.251895
   14.812328
   11.539192
    8.110720
    4.737726
    1.386922
  358.014225
  354.641528
  351.401678
  348.095256
  344.744452
  341.349267
  338.031749
  334.614373
  331.285760
  327.923861
  324.539771
  321.188967
  317.804877
  314.431883
  311.069983
  307.696989
  304.312899
  300.928809
  297.611291
  294.182820
  290.809825
  287.403545
  284.030550
  280.724128
  277.317847
  273.922662
  270.605144
  267.209959
  263.859155
  260.463970
  257.090975
  253.717981
  250.311700
  247.016373
  243.576806
  240.192717
  236.853008
  233.424537
  230.095924
  226.700738
  223.327744
  219.988035
  216.603945
  213.197665
  209.824670
  206.418390
  203.100872
  199.738973
  196.343787
  192.992984
  189.619989
  186.235899
  182.851809
  179.489910
  176.094725
  172.766112
  169.393117
  165.997932
  162.658224
  159.207561
  155.867853
  152.505954
  149.121864
  145.804346
  142.364779
  139.013976
  135.640981
  132.256891
  128.950469
  125.521998
  122.137908
  118.787104
  115.391919
  112.052210
  108.612643
  105.284030
  101.922131
   98.526946
   95.187237
   91.780957
   88.430153
   85.090445
   81.661973
   78.322265
   74.927079
   71.598466
   68.225472
   64.830287
   61.457292
   58.062107
   54.722398
   51.316118
   47.909837
   44.547938
   41.174943
   37.879616
   34.428954
   31.078150
   27.727347
   24.332161
   20.992453
   17.541791
   14.213178
   10.851278
    7.478284
    4.116385
    0.676818
  357.365145
  354.053473
  350.780337
  347.462819
  344.056539
  340.739021
  337.388217
  333.970841
  330.597847
  327.224852
  323.896239
  320.523244
  317.128059
  313.766160
  310.415356
  307.020171
  303.658272
  300.296373
  296.890092
  293.517097
  290.155198
  286.793299
  283.409209
  280.036215
  276.641029
  273.312416
  269.883945
  266.555332
  263.171242
  259.776057
  256.480730
  253.007877
  249.690359
  246.361746
  242.933275
  239.582471
  236.153999
  232.814291
  229.441296
  226.035016
  222.662021
  219.266836
  215.938223
  212.543038
  209.147852
  205.797049
  202.435149
  199.084346
  195.678065
  192.316166
  188.965362
  185.581272
  182.219373
  178.790901
  175.451193
  172.089294
  168.694109
  165.321114
  161.925929
  158.597316
  155.191035
  151.795850
  148.478332
  145.060956
  141.732343
  138.392635
  134.997449
  131.657741
  128.262556
  124.878466
  121.527662
  118.121381
  114.770577
  111.375392
  107.991302
  104.640498
  101.223122
   97.850128
   94.532610
   91.126329
   87.797716
   84.380340
   80.996250
   77.678733
   74.261357
   70.899458
   67.581940
   64.153469
   60.791569
   57.374193
   54.001199
   50.672586
   47.244114
   43.904406
   40.498125
   37.125131
   33.785422
   30.423523
   27.017242
   23.633153
   20.249063
   16.920450
   13.569646
   10.163365
    6.779275
    3.428471
    0.044382
  356.732709
  353.421037
  350.092424
  346.752715
  343.413007
  340.017821
  336.711399
  333.282928
  329.943219
  326.603511
  323.163944
  319.857522
  316.417955
  313.122628
  309.749634
  306.343353
  303.014740
  299.564078
  296.224369
  292.873565
  289.456189
  286.138672
  282.754582
  279.359397
  275.986402
  272.613407
  269.273699
  265.856323
  262.538805
  259.154715
  255.781721
  252.430917
  249.024636
  245.673833
  242.245361
  238.905653
  235.521563
  232.115282
  228.786669
  225.402579
  222.018489
  218.645495
  215.228119
  211.888410
  208.482130
  205.131326
  201.780522
  198.385337
  195.078915
  191.639348
  188.277449
  184.948836
  181.520364
  178.202846
  174.807661
  171.401380
  168.050577
  164.644296
  161.326778
  157.898307
  154.514217
  151.185604
  147.768228
  144.450710
  141.066620
  137.693626
  134.331727
  130.969828
  127.619024
  124.212743
  120.828653
  117.477849
  114.093759
  110.731860
  107.325580
  103.952585
  100.601781
   97.217691
   93.877983
   90.438416
   87.087612
   83.714618
   80.352719
   77.079582
   73.606730
   70.222640
   66.871836
   63.509937
   60.170228
   56.730661
   53.346572
   50.006863
   46.578392
   43.271969
   39.865689
   36.481599
   33.119700
   29.713419
   26.406997
   22.989621
   19.638817
   16.299108
   12.892828
    9.542024
    6.124648
    2.762749
  359.445430
  356.128110
  352.810791
  349.493273
  346.131374
  342.736189
  339.352099
  336.001295
  332.639396
  329.310783
  325.871216
  322.520412
  319.169608
  315.818805
  312.479096
  309.039529
  305.699821
  302.315731
  298.942737
  295.603028
  292.185652
  288.790467
  285.461854
  282.077764
  278.704769
  275.309584
  271.969876
  268.585786
  265.179505
  261.839797
  258.422421
  255.082712
  251.743004
  248.336723
  244.985919
  241.568543
  238.206644
  234.844745
  231.460655
  228.065470
  224.659189
  221.286195
  217.946486
  214.573492
  211.178306
  207.827502
  204.454508
  201.059323
  197.686328
  194.379906
  190.973625
  187.633917
  184.227636
  180.832451
  177.492742
  174.097557
  170.757849
  167.373759
  163.934192
  160.627770
  157.232584
  153.837399
  150.553168
  147.124696
  143.740606
  140.367612
  137.005712
  133.677099
  130.248628
  126.886729
  123.547020
  120.151835
  116.812127
  113.372560
  110.021756
  106.693143
  103.264672
   99.913868
   96.496492
   93.134593
   89.817075
   86.410794
   83.082181
   79.664805
   76.302906
   72.963198
   69.568012
   66.206113
   62.799833
   59.482315
   56.087130
   52.680849
   49.263473
   45.901574
   42.595151
   39.166680
   35.793685
   32.409596
   29.025506
   25.707988
   22.268421
   18.973094
   15.566814
   12.193819
    8.843015
    5.436735
    2.085931
  358.772310
  355.458689
  352.145068
  348.805360
  345.432365
  342.026085
  338.686376
  335.313382
  331.984769
  328.556297
  325.194398
  321.843594
  318.503886
  315.119796
  311.768992
  308.362711
  305.023003
  301.627818
  298.210442
  294.892924
  291.508834
  288.124744
  284.773940
  281.334374
  277.972474
  274.621671
  271.270867
  267.931158
  264.513782
  261.129693
  257.801079
  254.361513
  251.043995
  247.648810
  244.286911
  240.913916
  237.496540
  234.145736
  230.750551
  227.355366
  224.048943
  220.609377
  217.247477
  213.885578
  210.490393
  207.183971
  203.755499
  200.382505
  197.053892
  193.669802
  190.341189
  186.912717
  183.517532
  180.188919
  176.804829
  173.454025
  170.036649
  166.630368
  163.290660
  159.917666
  156.544671
  153.193867
  149.798682
  146.447878
  143.097074
  139.701889
  136.317799
  132.978091
  129.605096
  126.221006
  122.870202
  119.441731
  116.135309
  112.717933
  109.367129
  105.971944
  102.576758
   99.259241
   95.830769
   92.457775
   89.151352
   85.722881
   82.383173
   78.987987
   75.637184
   72.275284
   68.869004
   65.518200
   62.123015
   58.738925
   55.421407
   52.004031
   48.642132
   45.258042
   41.862857
   38.489862
   35.127963
   31.766064
   28.381974
   25.020075
   21.635985
   18.218609
   14.889996
   11.528096
    8.166197
    4.782107
    1.386922
  358.036416
  354.685910
  351.446060
  348.128542
  344.744452
  341.382553
  338.031749
  334.658754
  331.296855
  327.890575
  324.550866
  321.155681
  317.793782
  314.487359
  311.025602
  307.696989
  304.335090
  300.951000
  297.622387
  294.160629
  290.832016
  287.481212
  284.086027
  280.757414
  277.328943
  273.989234
  270.571858
  267.198864
  263.836964
  260.452875
  257.102071
  253.762362
  250.411559
  246.960896
  243.610093
  240.226003
  236.919580
  233.513300
  230.073733
  226.778406
  223.327744
  219.976940
  216.615041
  213.230951
  209.880147
  206.451676
  203.145253
  199.783354
  196.377074
  193.015174
  189.642180
  186.269185
  182.862905
  179.512101
  176.172393
  172.777207
  169.382022
  165.975741
  162.658224
  159.263038
  155.890044
  152.539240
  149.110769
  145.826537
  142.409161
  139.047262
  135.696458
  132.267987
  128.994850
  125.599665
  122.204480
  118.853676
  115.425205
  112.096592
  108.690311
  105.295126
  101.988703
   98.549137
   95.165047
   91.836434
   88.441248
   85.123731
   81.706355
   78.333360
   75.004747
   71.598466
   68.280949
   64.896859
   61.479483
   58.095393
   54.700208
   51.327213
   48.020791
   44.592319
   41.230420
   37.801949
   34.451145
   31.089246
   27.738442
   24.332161
   20.936976
   17.608363
   14.224273
   10.840183
    7.478284
    4.094194
    0.732295
  357.403979
  354.075664
  350.824718
  347.429533
  344.123111
  340.705735
  337.343836
  333.981936
  330.631133
  327.280329
  323.885144
  320.545435
  317.161345
  313.766160
  310.426452
  307.053457
  303.669367
  300.296373
  296.901187
  293.539288
  290.166294
  286.826585
  283.442495
  280.036215
  276.652125
  273.301321
  269.950517
  266.544236
  263.160146
  259.820438
  256.414157
  253.129926
  249.701454
  246.295174
  242.977656
  239.560280
  236.242762
  232.825386
  229.430201
  226.079397
  222.662021
  219.333408
  215.916032
  212.531942
  209.203329
  205.774858
  202.490626
  199.073250
  195.689160
  192.360547
  188.965362
  185.636749
  182.230468
  178.801997
  175.484479
  172.100389
  168.716299
  165.332209
  162.003596
  158.641697
  155.224321
  151.851327
  148.467237
  145.160814
  141.710152
  138.381539
  135.030735
  131.635550
  128.284746
  124.856275
  121.516566
  118.176858
  114.748387
  111.408678
  107.969111
  104.629403
  101.300790
   97.883414
   94.532610
   91.126329
   87.786621
   84.435817
   81.029537
   77.689828
   74.305738
   70.921648
   67.581940
   64.197850
   60.813760
   57.440766
   54.023390
   50.672586
   47.299591
   43.915501
   40.531411
   37.158417
   33.796518
   30.445714
   27.072719
   23.677534
   20.271253
   16.920450
   13.558550
   10.218842
    6.790371
    3.450662
    0.055477
  356.765995
  353.476513
  350.125710
  346.819287
  343.435197
  340.062203
  336.733590
  333.294023
  329.954315
  326.592416
  323.186135
  319.857522
  316.462337
  313.111533
  309.727443
  306.376639
  303.014740
  299.630650
  296.268751
  292.873565
  289.533857
  286.127576
  282.732391
  279.381587
  275.997497
  272.668884
  269.240413
  265.878514
  262.538805
  259.132525
  255.837198
  252.419822
  249.013541
  245.684928
  242.278647
  238.916748
  235.543754
  232.137473
  228.808860
  225.402579
  222.018489
  218.634399
  215.305786
  211.899506
  208.537607
  205.164612
  201.802713
  198.451909
  195.012342
  191.694825
  188.332925
  184.926645
  181.575841
  178.236133
  174.863138
  171.412476
  168.050577
  164.688678
  161.293492
  157.953784
  154.558599
  151.185604
  147.823705
  144.439615
  141.088811
  137.715817
  134.331727
  130.992018
  127.585738
  124.234934
  120.861939
  117.455659
  114.127046
  110.720765
  107.336675
  103.963680
  100.568495
   97.239882
   93.833601
   90.493893
   87.143089
   83.747904
   80.397100
   77.013010
   73.640016
   70.255926
   66.860740
   63.543223
   60.092561
   56.775043
   53.379858
   49.984672
   46.678250
   43.205397
   39.854593
   36.514885
   33.097509
   29.768896
   26.362615
   23.034002
   19.616626
   16.232536
   12.915019
    9.508738
    6.146839
    2.729463
  359.423239
  356.117015
  352.810790
  349.504369
  346.109183
  342.791666
  339.363194
  336.012390
  332.661587
  329.266401
  325.915598
  322.531508
  319.202895
  315.785519
  312.434715
  309.106102
  305.677630
  302.315731
  298.964927
  295.580837
  292.207843
  288.834848
  285.406377
  282.055573
  278.682579
  275.320679
  272.003162
  268.552500
  265.246077
  261.861987
  258.455707
  255.138189
  251.731908
  248.381105
  244.963729
  241.635116
  238.273216
  234.855840
  231.505037
  228.109851
  224.736857
  221.352767
  217.968677
  214.617873
  211.222688
  207.905170
  204.498889
  201.114800
  197.752900
  194.368810
  191.051293
  187.645012
  184.260922
  180.899023
  177.481647
  174.164129
  170.757849
  167.373759
  164.011860
  160.638865
  157.288061
  153.870685
  150.530977
  147.180173
  143.740606
  140.400898
  137.027903
  133.721481
  130.293010
  126.942206
  123.580307
  120.174026
  116.845413
  113.405846
  110.077233
  106.715334
  103.275767
   99.936059
   96.551969
   93.234451
   89.805980
   86.410794
   83.071086
   79.698091
   76.358383
   72.941007
   69.612394
   66.217209
   62.822023
   59.482315
   56.087130
   52.736326
   49.307854
   45.945955
   42.595151
   39.222157
   35.860258
   32.431786
   29.036601
   25.719083
   22.346089
   18.995285
   15.589004
   12.193819
    8.854111
    5.458925
    2.119217
  358.798199
  355.477182
  352.156164
  348.794264
  345.510033
  342.070466
  338.730758
  335.346668
  331.973673
  328.611774
  325.238780
  321.821404
  318.548267
  315.130891
  311.791183
  308.373807
  305.000812
  301.661104
  298.277014
  294.926210
  291.475548
  288.146935
  284.796131
  281.423137
  278.039047
  274.643861
  271.293058
  267.942254
  264.558164
  261.196265
  257.812175
  254.483562
  251.077281
  247.693191
  244.331292
  240.936107
  237.618589
  234.212308
  230.806028
  227.466319
  224.026753
  220.731426
  217.325145
  213.885578
  210.579156
  207.206161
  203.844262
  200.437982
  197.109368
  193.703088
  190.341189
  186.968194
  183.584104
  180.277682
  176.860306
  173.465121
  170.125412
  166.708036
  163.401614
  159.950952
  156.600148
  153.216058
  149.820873
  146.547737
  143.085979
  139.757366
  136.373276
  132.955900
  129.693859
  126.232102
  122.936775
  119.552685
  116.113118
  112.784505
  109.400415
  106.027421
  102.621140
   99.237050
   95.897342
   92.479965
   89.151352
   85.767263
   82.405363
   79.010178
   75.670470
   72.352952
   68.924481
   65.562581
   62.167396
   58.783306
   55.443598
   52.015126
   48.686513
   45.280233
   41.907238
   38.545339
   35.150154
   31.821541
   28.404165
   25.008979
   21.658175
   18.274086
   14.934377
   11.539192
    8.210579
    4.793203
    1.420208
  358.053059
  354.685910
  351.534823
  348.139637
  344.799929
  341.460220
  338.031749
  334.736422
  331.274665
  327.934956
  324.584152
  321.222253
  317.871449
  314.454073
  311.103270
  307.741370
  304.346185
  301.017572
  297.622387
  294.216106
  290.876398
  287.447926
  284.130409
  280.768509
  277.362229
  274.011425
  270.616240
  267.254341
  263.903537
  260.519447
  257.190834
  253.740172
  250.389368
  247.016373
  243.665569
  240.281480
  236.875199
  233.535490
  230.129210
  226.778406
  223.427602
  219.988035
  216.626136
  213.253142
  209.891243
  206.551534
  203.134158
  199.772259
  196.410360
  193.015174
  189.730943
  186.280281
  182.951668
  179.567578
  176.172393
  172.854875
  169.415308
  166.086695
  162.735891
  159.274134
  155.956616
  152.539240
  149.210627
  145.848728
  142.431352
  139.080548
  135.718649
  132.378940
  128.994850
  125.621856
  122.248861
  118.853676
  115.536158
  112.118782
  108.801265
  105.372793
  101.988703
   98.626804
   95.220524
   91.936292
   88.463439
   85.134826
   81.772927
   78.377742
   75.038033
   71.620657
   68.280949
   64.930145
   61.546055
   58.173060
   54.755684
   51.415976
   48.054077
   44.658892
   41.285897
   37.923998
   34.562099
   31.133627
   27.793919
   24.409829
   21.047930
   17.663840
   14.290845
   10.917851
    7.578142
    4.149671
    0.832153
  357.498290
  354.164427
  350.869100
  347.496105
  344.189683
  340.816689
  337.443694
  334.059604
  330.675514
  327.357997
  323.962811
  320.600912
  317.227918
  313.888209
  310.504119
  307.108934
  303.747035
  300.340754
  297.034332
  293.605860
  290.266152
  286.882062
  283.486877
  280.136073
  276.718697
  273.390084
  270.005994
  266.599713
  263.260005
  259.909201
  256.547302
  253.152117
  249.812408
  246.450509
  243.044228
  239.693425
  236.298239
  232.947435
  229.541155
  226.145970
  222.817356
  219.377790
  216.104654
  212.665087
  209.269901
  205.941288
  202.535008
  199.239681
  195.800114
  192.438215
  189.098506
  185.681130
  182.374708
  178.990618
  175.584338
  172.233534
  168.805062
  165.454259
  162.114550
  158.697174
  155.324180
  151.962280
  148.589286
  145.216291
  141.854392
  138.514684
  135.108403
  131.735409
  128.318032
  125.011610
  121.627520
  118.265621
  114.892627
  111.475251
  108.135542
  104.718166
  101.356267
   98.005463
   94.610278
   91.259474
   87.864289
   84.546771
   81.129395
   77.756400
   74.405597
   71.010411
   67.648512
   64.253327
   60.913619
   57.551719
   54.123248
   50.761349
   47.355068
   44.037550
   40.631270
   37.258275
   33.907471
   30.479000
   27.172578
   23.799583
   20.360016
   17.064689
   13.625123
   10.307605
    6.923515
    3.539425
    0.210812
  356.882497
  353.554181
  350.269950
  346.885860
  343.568342
  340.128775
  336.811258
  333.438263
  330.043078
  326.703369
  323.319279
  320.001762
  316.573290
  313.211391
  309.838397
  306.465402
  303.158980
  299.719413
  296.346418
  292.984519
  289.578239
  286.271816
  282.854440
  279.448160
  276.108451
  272.702170
  269.406844
  266.011658
  262.638664
  259.276765
  255.848293
  252.530776
  249.102304
  245.773691
  242.433983
  239.005511
  235.621421
  232.226236
  228.908718
  225.546819
  222.151634
  218.712067
  215.361263
  212.021555
  208.570893
  205.297757
  201.902571
  198.496291
  195.189868
  191.772492
  188.421688
  185.015408
  181.697890
  178.324896
  174.918615
  171.512334
  168.150435
  164.788536
  161.382255
  158.053642
  154.636266
  151.274367
  147.956849
  144.550569
  141.210860
  137.793484
  134.431585
  131.102972
  127.685596
  124.368078
  120.950702
  117.588803
  114.237999
  110.831719
  107.469819
  104.074634
  100.690544
   97.328645
   93.966746
   90.615942
   87.209661
   83.847762
   80.485863
   77.101773
   73.739874
   70.333593
   67.038267
   63.620890
   60.236801
   56.863806
   53.435335
   50.151103
   46.744822
   43.338542
   39.976643
   36.592553
   33.241749
   29.835468
   26.484664
   23.133861
   19.705389
   16.376776
   12.981591
    9.619692
    6.224506
    2.906989
  359.574876
  356.242762
  352.910649
  349.593132
  346.286709
  342.858238
  339.540720
  336.101153
  332.739254
  329.399546
  326.015456
  322.675748
  319.313848
  315.918663
  312.523478
  309.228151
  305.799679
  302.426685
  299.053690
  295.691791
  292.374274
  288.901421
  285.550617
  282.210908
  278.815723
  275.464919
  272.080829
  268.707835
  265.345936
  261.961846
  258.599947
  255.204761
  251.842862
  248.503154
  245.107968
  241.746069
  238.361979
  234.977889
  231.604895
  228.187519
  224.847810
  221.441530
  218.079631
  214.728827
  211.344737
  207.993933
  204.587652
  201.281230
  197.841663
  194.468669
  191.151151
  187.711584
  184.405162
  181.021072
  177.681364
  174.241797
  170.835516
  167.495808
  164.156099
  160.749819
  157.354633
  154.014925
  150.597549
  147.280031
  143.940323
  140.500756
  137.172143
  133.754767
  130.448345
  127.019873
  123.646879
  120.340457
  116.923081
  113.561181
  110.177091
  106.781906
  103.386721
  100.091394
   96.674018
   93.312119
   89.939124
   86.566130
   83.215326
   79.786854
   76.469337
   73.096342
   69.690062
   66.372544
   62.988454
   59.604364
   56.209179
   52.836184
   49.452094
   46.079100
   42.717201
   39.310920
   35.993402
   32.609312
   29.214127
   25.841133
   22.445947
   19.128430
   15.755435
   12.338059
    9.009446
    5.569879
    2.263457
  358.949836
  355.636215
  352.322594
  348.905218
  345.587701
  342.247992
  338.830616
  335.490908
  332.129009
  328.744919
  325.394115
  322.010025
  318.648126
  315.297322
  311.924327
  308.518047
  305.145052
  301.794248
  298.432349
  295.048259
  291.641979
  288.335556
  284.907085
  281.556281
  278.172191
  274.788101
  271.492774
  268.031017
  264.735690
  261.329409
  257.923129
  254.583420
  251.210426
  247.837431
  244.408960
  241.091442
  237.707352
  234.334358
  230.950268
  227.566178
  224.193183
  220.753616
  217.425003
  214.096390
  210.679014
  207.339306
  203.921930
  200.571126
  197.198132
  193.791851
  190.485429
  187.079148
  183.706153
  180.310968
  176.960164
  173.576074
  170.214175
  166.830085
  163.434900
  160.095192
  156.666720
  153.338107
  149.987303
  146.569927
  143.252410
  139.823938
  136.462039
  133.111235
  129.727145
  126.409628
  122.970061
  119.652543
  116.268453
  112.851077
  109.522464
  106.127279
  102.776475
   99.336908
   95.986105
   92.635301
   89.284497
   85.911502
   82.505222
   79.209895
   75.814710
   72.386238
   69.057625
   65.640249
   62.344922
   58.905355
   55.543456
   52.181557
   48.786372
   45.435568
   42.040383
   38.678483
   35.294394
   31.921399
   28.548404
   25.186505
   21.791320
   18.418325
   15.100808
   11.683432
    8.332628
    4.959633
    1.553353
  358.175108
  354.796863
  351.656872
  348.294973
  344.921978
  341.582270
  338.220370
  334.880662
  331.452191
  328.079196
  324.695106
  321.355398
  318.015689
  314.631599
  311.302986
  307.863420
  304.512616
  301.139621
  297.755531
  294.404727
  290.998447
  287.647643
  284.263553
  280.879463
  277.528659
  274.166760
  270.815956
  267.398580
  264.058872
  260.652591
  257.312883
  253.917698
  250.555798
  247.193899
  243.776523
  240.436815
  237.063820
  233.646444
  230.328927
  226.900455
  223.549651
  220.154466
  216.714899
  213.341905
  209.980006
  206.695774
  203.245112
  199.894308
  196.532409
  193.159414
  189.775324
  186.424521
  183.107003
  179.645245
  176.294442
  172.932542
  169.526262
  166.219840
  162.791368
  159.462755
  156.078665
  152.650194
  149.310485
  145.915300
  142.608878
  139.180406
  135.818507
  132.467703
  129.083613
  125.721714
  122.370911
  119.009011
  115.613826
  112.229736
  108.834551
  105.483747
  102.155134
   98.671186
   95.342573
   91.991769
   88.607679
   85.267971
   81.872785
   78.555268
   75.182273
   71.764897
   68.414093
   65.007813
   61.679200
   58.261823
   54.899924
   51.538025
   48.142840
   44.780941
   41.385755
   38.057142
   34.617576
   31.266772
   27.915968
   24.542973
   21.158884
   17.774794
   14.457276
   11.028805
    7.644715
    4.305006
    0.898726
  357.564863
  354.230999
  351.002244
  347.662536
  344.278446
  340.927642
  337.543552
  334.214939
  330.808659
  327.480046
  324.095956
  320.689675
  317.394348
  313.954781
  310.603978
  307.242078
  303.846893
  300.518280
  297.089809
  293.705719
  290.377106
  287.004111
  283.620021
  280.202645
  276.851841
  273.501038
  270.128043
  266.766144
  263.348768
  260.031250
  256.636065
  253.263070
  249.901171
  246.528177
  243.155182
  239.793283
  236.387002
  233.036199
  229.629918
  226.268019
  222.861738
  219.477648
  216.126844
  212.720564
  209.369760
  205.996765
  202.634866
  199.250776
  195.922163
  192.549169
  189.131793
  185.758798
  182.407994
  179.057190
  175.673101
  172.277915
  168.916016
  165.543022
  162.170027
  158.763746
  155.457324
  152.028853
  148.644763
  145.338340
  141.943155
  138.547970
  135.197166
  131.868553
  128.473368
  125.100373
  121.694093
  118.332193
  115.003580
  111.575109
  108.224305
  104.818024
  101.456125
   98.116417
   94.699041
   91.381523
   87.986338
   84.613343
   81.262540
   77.867354
   74.538741
   71.154651
   67.737275
   64.397567
   61.013477
   57.673769
   54.245297
   50.850112
   47.510403
   44.137409
   40.742224
   37.358134
   34.029521
   30.645431
   27.239150
   23.866155
   20.482066
   17.164548
   13.758267
   10.407463
    7.012278
    3.617093
    0.277384
  356.971260
  353.665135
  350.391999
  346.963527
  343.623819
  340.261920
  336.911116
  333.515931
  330.165127
  326.814323
  323.441329
  320.068334
  316.684244
  313.377822
  309.916064
  306.598547
  303.247743
  299.830367
  296.512849
  293.106568
  289.744669
  286.316198
  282.965394
  279.603495
  276.230500
  272.835315
  269.462320
  266.144803
  262.749618
  259.398814
  256.014724
  252.641729
  249.290925
  245.862454
  242.533841
  239.160846
  235.743470
  232.392667
  228.964195
  225.657773
  222.262588
  218.834116
  215.472217
  212.088127
  208.748419
  205.342138
  201.969144
  198.640530
  195.300822
  191.916732
  188.443879
  185.159648
  181.775558
  178.402563
  175.040664
  171.601097
  168.350152
  164.899490
  161.526495
  158.142405
  154.736125
  151.462988
  148.045612
  144.650427
  141.321814
  137.926629
  134.586920
  131.191735
  127.840931
  124.445746
  121.072751
  117.699757
  114.326762
  110.953768
  107.514201
  104.252160
  100.856975
   97.472885
   94.077700
   90.704705
   87.409378
   83.958716
   80.607912
   77.279299
   73.850828
   70.511119
   67.104839
   63.742940
   60.358850
   56.952569
   53.612861
   50.262057
   46.866872
   43.460591
   40.143073
   36.736793
   33.341607
   29.990803
   26.595618
   23.255910
   19.905106
   16.509921
   13.148021
    9.730645
    6.402032
    3.006847
  359.685829
  356.364812
  353.043794
  349.770658
  346.386568
  343.002478
  339.629483
  336.256489
  332.916780
  329.532690
  326.148600
  322.797797
  319.413707
  316.085094
  312.667718
  309.305818
  305.955015
  302.559829
  299.231216
  295.802745
  292.451941
  289.045660
  285.650475
  282.388434
  278.915581
  275.586968
  272.247260
  268.818789
  265.501271
  262.083895
  258.721996
  255.382287
  251.976007
  248.647394
  245.230018
  241.912500
  238.484029
  235.099939
  231.726944
  228.353950
  224.958764
  221.574674
  218.234966
  214.850876
  211.488977
  208.149268
  204.720797
  201.369993
  197.974808
  194.635099
  191.328677
  187.866920
  184.538307
  181.154217
  177.770127
  174.386037
  171.001947
  167.640048
  164.244862
  160.905154
  157.532160
  154.136974
  150.763980
  147.379890
  144.051277
  140.644996
  137.316383
  133.865721
  130.514917
  127.208495
  123.768928
  120.440315
  117.022939
  113.661040
  110.321331
  106.915051
  103.553151
  100.157966
   96.807162
   93.434168
   90.061173
   86.710370
   83.292993
   79.986571
   76.591386
   73.240582
   69.867588
   66.428021
   63.121599
   59.659841
   56.320133
   52.958233
   49.596334
   46.234435
   42.794868
   39.432969
   36.104356
   32.675885
   29.313985
   25.940991
   22.601283
   19.261574
   15.866389
   12.482299
    9.087114
    5.725214
    2.330029
  359.016408
  355.702788
  352.389167
  349.116030
  345.687559
  342.358946
  339.008142
  335.579671
  332.284344
  328.822586
  325.471782
  322.120979
  318.770175
  315.463753
  312.001995
  308.662287
  305.311483
  301.894107
  298.554398
  295.159213
  291.808409
  288.413224
  285.040229
  281.667235
  278.294240
  274.921246
  271.526061
  268.230734
  264.791167
  261.451458
  258.100655
  254.661088
  251.343570
  247.948385
  244.608676
  241.180205
  237.829401
  234.456407
  231.061221
  227.699322
  224.281946
  220.953333
  217.580339
  214.185153
  210.801063
  207.394783
  204.088360
  200.704271
  197.297990
  193.991568
  190.585287
  187.234483
  183.850393
  180.455208
  177.126595
  173.742505
  170.347320
  166.985421
  163.623521
  160.239431
  156.866437
  153.460156
  150.131543
  146.703072
  143.374459
  140.012560
  136.595184
  133.277666
  129.882481
  126.553868
  123.169778
  119.763497
  116.434884
  113.006413
  109.644513
  106.271519
  102.898524
   99.525530
   96.185821
   92.823922
   89.428737
   86.033552
   82.693843
   79.298658
   75.981140
   72.530478
   69.201865
   65.817775
   62.411494
   59.082881
   55.654410
   52.336892
   48.952802
   45.568712
   42.195718
   38.767246
   35.449729
   32.098925
   28.703740
   25.308554
   21.935560
   18.606947
   15.222857
   11.827672
    8.465772
    5.070587
    1.741974
  358.335991
  354.930008
  351.745635
  348.394831
  345.044027
  341.704319
  338.320229
  334.980520
  331.596430
  328.234531
  324.850441
  321.466351
  318.148834
  314.731458
  311.391749
  308.018755
  304.634665
  301.283861
  297.899771
  294.482395
  291.153782
  287.714215
  284.441079
  281.045894
  277.617422
  274.288809
  270.871433
  267.531725
  264.169826
  260.807927
  257.423837
  254.039747
  250.700038
  247.327044
  243.909668
  240.581055
  237.163679
  233.812875
  230.395499
  227.022504
  223.671701
  220.265420
  216.936807
  213.530526
  210.168627
  206.806728
  203.378256
  200.038548
  196.676649
  193.314750
  189.941755
  186.557665
  183.229052
  179.822771
  176.449777
  173.098973
  169.659406
  166.286412
  162.957799
  159.562613
  156.211810
  152.783338
  149.454725
  146.126112
  142.708736
  139.346837
  135.962747
  132.578657
  129.272235
  125.854859
  122.504055
  119.075584
  115.735875
  112.362881
  108.989886
  105.594701
  102.221706
   98.848712
   95.497908
   92.136009
   88.785205
   85.356734
   81.983739
   78.644031
   75.248845
   71.931328
   68.525047
   65.152052
   61.801249
   58.383873
   55.066355
   51.615693
   48.242698
   44.902990
   41.518900
   38.179192
   34.739625
   31.388821
   28.038017
   24.620641
   21.280933
   17.874652
   14.523848
   11.206331
    7.766764
    4.427055
    1.020775
  357.681364
  354.341953
  351.113198
  347.751299
  344.378304
  341.027501
  337.665602
  334.270416
  330.941803
  327.524427
  324.184719
  320.822820
  317.460920
  314.099021
  310.692741
  307.330841
  303.957847
  300.573757
  297.245144
  293.827768
  290.488059
  287.070683
  283.697689
  280.369076
  276.951700
  273.623087
  270.194615
  266.821621
  263.504103
  260.131109
  256.758114
  253.318547
  249.978839
  246.650226
  243.277231
  239.893141
  236.464670
  233.091675
  229.751967
  226.367877
  223.028169
  219.599697
  216.226703
  212.875899
  209.458523
  206.129910
  202.734725
  199.350635
  195.999831
  192.637932
  189.331509
  185.880847
  182.496757
  179.179240
  175.739673
  172.433251
  169.049161
  165.631785
  162.325362
  158.874700
  155.490610
  152.195283
  148.755716
  145.460390
  142.065204
  138.636733
  135.319215
  131.924030
  128.584322
  125.233518
  121.816142
  118.465338
  115.103439
  111.686063
  108.335259
  104.917883
  101.567079
   98.227371
   94.832185
   91.481382
   88.097292
   84.702106
   81.340207
   77.978308
   74.605313
   71.276700
   67.870420
   64.475234
   61.113335
   57.762532
   54.334060
   50.961066
   47.621357
   44.248363
   40.864273
   37.469087
   34.118284
   30.745289
   27.350104
   23.999300
   20.593019
   17.242216
   13.880316
   10.474036
    7.134327
    3.728047
    0.388338
  357.065571
  353.742803
  350.447476
  347.085576
  343.734773
  340.350683
  336.977688
  333.637980
  330.287176
  326.925277
  323.518996
  320.179288
  316.773007
  313.400013
  310.115781
  306.698405
  303.314315
  299.952416
  296.557231
  293.261904
  289.844528
  286.427152
  283.087443
  279.658972
  276.363645
  272.946269
  269.562179
  266.255757
  262.827285
  259.465386
  256.125678
  252.708302
  249.401879
  245.995599
  242.622604
  239.260705
  235.821138
  232.481430
  229.108435
  225.724345
  222.362446
  218.945070
  215.572075
  212.254558
  208.826086
  205.530759
  202.124479
  198.740389
  195.400680
  192.005495
  188.643596
  185.270601
  181.897607
  178.546803
  175.118332
  171.789719
  168.383438
  165.021539
  161.637449
  158.220073
  154.891460
  151.529561
  148.156566
  144.805762
  141.377291
  138.093059
  134.664588
  131.291593
  127.974076
  124.512318
  121.183705
  117.810711
  114.415525
  111.086912
  107.625155
  104.340923
  100.956833
   97.561648
   94.199749
   90.826754
   87.487046
   84.080765
   80.674485
   77.356967
   73.950686
   70.610978
   67.204697
   63.909370
   60.447613
   57.107904
   53.712719
   50.339724
   46.988921
   43.538258
   40.220741
   36.869937
   33.463656
   30.135043
   26.684381
   23.344673
   19.993869
   16.576493
   13.236784
    9.819408
    6.479700
    3.095610
  359.774592
  356.453575
  353.132557
  349.837230
  346.475331
  343.102336
  339.740437
  336.367442
  333.005543
  329.621453
  326.237363
  322.875464
  319.535756
  316.140571
  312.789767
  309.383486
  305.999396
  302.704069
  299.286693
  295.958080
  292.518513
  289.134424
  285.772524
  282.421721
  279.093108
  275.642445
  272.291642
  268.951933
  265.512366
  262.239230
  258.744187
  255.404478
  252.075865
  248.680680
  245.352067
  241.956881
  238.539505
  235.188702
  231.793516
  228.464903
  225.003146
  221.685628
  218.301538
  214.950734
  211.566644
  208.127078
  204.809560
  201.425470
  198.052476
  194.701672
  191.295391
  188.011160
  184.560497
  181.209694
  177.825604
  174.419323
  171.112901
  167.717715
  164.322530
  160.982822
  157.576541
  154.203546
  150.819457
  147.435367
  144.095658
  140.755950
  137.416241
  133.976675
  130.636966
  127.241781
  123.857691
  120.529078
  117.144988
  113.771994
  110.421190
  107.014909
  103.653010
  100.257825
   96.884830
   93.500740
   90.161032
   86.843514
   83.415043
   80.030953
   76.657958
   73.307154
   69.967446
   66.516784
   63.177075
   59.837367
   56.431086
   53.091378
   49.651811
   46.289912
   42.950204
   39.510637
   36.193119
   32.786838
   29.413844
   26.085231
   22.690046
   19.328146
   15.932961
   12.548871
    9.186972
    5.802882
    2.463174
  359.134759
  355.806345
  352.477930
  349.182603
  345.831799
  342.414423
  339.041428
  335.668434
  332.306535
  328.977922
  325.571641
  322.198646
  318.847843
  315.474848
  312.124044
  308.695573
  305.333674
  302.005061
  298.587685
  295.270167
  291.819505
  288.513082
  285.173374
  281.733807
  278.383003
  274.976723
  271.637014
  268.219638
  264.879930
  261.506935
  258.122845
  254.783137
  251.365761
  248.037148
  244.641963
  241.257873
  237.895974
  234.511884
  231.194366
  227.765895
  224.381805
  221.042096
  217.635816
  214.285012
  210.912017
  207.505737
  204.143837
  200.770843
  197.453325
  194.080331
  190.662955
  187.301055
  183.894775
  180.566162
  177.182072
  173.809077
  170.447178
  167.040897
  163.678998
  160.306004
  156.933009
  153.548919
  150.175925
  146.825121
  143.463222
  140.112418
  136.739423
  133.310952
  129.982339
  126.609344
  123.191968
  119.852260
  116.457075
  113.128462
  109.744372
  106.315900
  102.987287
   99.558816
   96.241298
   92.846113
   89.484214
   86.133410
   82.760415
   79.354135
   76.014426
   72.630336
   69.268437
   65.906538
   62.489162
   59.160549
   55.776459
   52.414560
   48.997184
   45.613094
   42.273386
   38.878200
   35.527396
   32.087830
   28.759217
   25.386222
   21.991037
   18.651328
   15.233952
   11.938625
    8.565631
    5.148255
    1.819642
  358.385920
  354.952199
  351.823302
  348.483594
  345.121695
  341.793082
  338.431183
  335.035997
  331.685193
  328.301104
  324.917014
  321.555114
  318.182120
  314.864602
  311.458322
  308.096422
  304.734523
  301.339338
  298.010725
  294.615540
  291.198164
  287.847360
  284.441079
  281.090275
  277.728376
  274.333191
  270.993482
  267.565011
  264.214207
  260.885594
  257.479314
  254.161796
  250.755515
  247.338139
  244.042812
  240.581055
  237.285728
  233.846161
  230.473166
  227.144553
  223.716082
  220.354183
  216.958998
  213.541622
  210.235199
  206.873300
  203.489210
  200.082929
  196.776507
  193.370227
  189.986137
  186.657524
  183.229052
  179.933725
  176.538540
  173.154450
  169.803646
  166.375175
  163.046562
  159.662472
  156.222905
  152.905387
  149.488011
  146.214875
  142.786404
  139.402314
  136.051510
  132.678516
  129.327712
  125.921431
  122.526246
  119.208728
  115.824638
  112.462739
  109.045363
  105.694559
  102.299374
   98.881998
   95.608862
   92.169295
   88.818491
   85.489878
   82.083597
   78.732794
   75.326513
   71.942423
   68.602715
   65.218625
   61.878916
   58.461540
   55.099641
   51.726647
   48.342557
   44.969562
   41.563281
   38.190287
   34.861674
   31.477584
   28.082399
   24.720499
   21.391886
   17.996701
   14.590420
   11.217426
    7.844431
    4.526914
    1.109538
  357.759031
  354.408525
  351.146484
  347.840062
  344.478163
  341.105168
  337.765460
  334.348084
  331.008375
  327.668667
  324.240196
  320.911583
  317.538588
  314.143403
  310.803694
  307.386318
  304.057705
  300.695806
  297.300621
  293.949817
  290.543536
  287.148351
  283.775357
  280.413457
  277.095940
  273.667468
  270.305569
  266.932575
  263.548485
  260.208776
  256.802496
  253.473883
  250.045411
  246.694607
  243.343804
  239.959714
  236.608910
  233.169343
  229.818539
  226.412259
  223.050359
  219.721746
  216.271084
  212.942471
  209.558381
  206.163196
  202.845678
  199.417207
  196.066403
  192.693409
  189.331509
  185.969610
  182.585520
  179.212526
  175.850627
  172.477632
  169.049161
  165.709452
  162.347553
  158.963463
  155.590469
  152.184188
  148.899956
  145.504771
  142.109586
  138.780973
  135.352501
  132.023888
  128.617608
  125.244613
  121.916000
  118.509719
  115.125629
  111.741540
  108.368545
  105.017741
  101.655842
   98.249561
   94.865471
   91.503572
   88.130578
   84.757583
   81.440066
   77.989403
   74.671886
   71.309987
   67.925897
   64.597284
   61.135526
   57.795818
   54.445014
   51.038733
   47.710120
   44.292744
   40.897559
   37.557850
   34.118284
   30.756384
   27.416676
   24.010395
   20.681782
   17.308788
   13.935793
   10.596085
    7.145423
    3.816810
    0.443815
  357.121047
  353.798279
  350.447476
  347.141053
  343.812440
  340.428350
  337.066451
  333.660171
  330.353748
  326.947468
  323.552282
  320.179288
  316.817389
  313.477680
  310.093590
  306.709500
  303.369792
  299.996797
  296.657089
  293.217522
  289.855623
  286.504819
  283.065252
  279.747735
  276.352549
  272.990650
  269.617656
  266.233566
  262.893857
  259.520863
  256.125678
  252.774874
  249.435165
  246.006694
  242.678081
  239.260705
  235.865520
  232.548002
  229.097340
  225.779822
  222.362446
  218.956165
  215.616457
  212.243462
  208.859373
  205.475283
  202.135574
  198.740389
  195.378490
  192.027686
  188.643596
  185.314983
  181.897607
  178.568994
  175.151618
  171.767528
  168.416724
  165.043730
  161.670735
  158.286645
  154.847078
  151.551751
  148.200948
  144.783572
  141.443863
  138.048678
  134.675683
  131.324880
  127.951885
  124.623272
  121.228087
  117.799615
  114.471002
  111.053626
  107.702822
  104.329828
  100.945738
   97.594934
   94.210844
   90.871136
   87.498141
   84.114051
   80.729961
   77.345872
   74.050545
   70.633169
   67.237983
   63.887179
   60.491994
   57.130095
   53.679433
   50.339724
   47.011111
   43.593735
   40.231836
   36.836651
   33.485847
   30.101757
   26.706572
   23.355768
   19.960583
   16.598684
   13.225689
    9.874885
    6.490795
    3.139992
  359.811577
  356.483163
  353.154748
  349.837230
  346.475331
  343.124527
  339.684960
  336.400729
  333.016639
  329.621453
  326.281745
  322.853274
  319.535756
  316.140571
  312.800862
  309.472249
  306.043778
  302.670783
  299.286693
  295.946985
  292.573990
  289.178805
  285.816906
  282.421721
  279.082012
  275.686827
  272.336023
  268.940838
  265.534557
  262.250326
  258.832950
  255.437764
  252.086960
  248.691775
  245.385353
  241.967977
  238.583887
  235.221988
  231.826802
  228.453808
  225.036432
  221.696723
  218.290443
  214.939639
  211.555549
  208.160364
  204.853941
  201.403279
  198.085762
  194.723862
  191.317582
  187.988969
  184.560497
  181.265170
  177.892176
  174.463704
  171.135091
  167.706620
  164.355816
  160.971726
  157.576541
  154.247928
  150.863838
  147.501939
  144.073467
  140.767045
  137.371860
  134.009961
  130.681348
  127.241781
  123.924263
  120.540173
  117.189370
  113.771994
  110.376808
  107.059291
  103.608628
  100.280015
   96.884830
   93.489645
   90.149936
   86.754751
   83.403947
   80.053143
   76.635767
   73.284964
   69.900874
   66.538975
   63.188171
   59.815176
   56.431086
   53.024806
   49.674002
   46.301007
   42.928013
   39.532827
   36.126547
   32.786838
   29.391653
   26.040849
   22.667855
   19.250479
   15.932961
   12.582157
    9.142590
    5.813977
    2.385506
  359.068187
  355.750867
  352.433548
  349.149317
  345.765227
  342.436614
  339.041428
  335.668434
  332.317630
  328.911349
  325.593832
  322.198646
  318.870033
  315.485943
  312.079663
  308.739954
  305.355864
  301.960679
  298.598780
  295.192499
  291.874982
  288.457606
  285.095706
  281.767093
  278.327527
  274.976723
  271.637014
  268.230734
  264.879930
  261.473649
  258.100655
  254.772042
  251.387952
  248.026053
  244.619772
  241.246777
  237.884878
  234.500788
  231.138889
  227.710418
  224.392900
  221.019905
  217.635816
  214.251726
  210.845445
  207.527927
  204.110551
  200.737557
  197.386753
  194.035949
  190.696241
  187.256674
  183.916966
  180.588352
  177.159881
  173.775791
  170.391701
  167.040897
  163.667903
  160.261622
  156.921914
  153.526729
  150.153734
  146.769644
  143.385554
