  312.789767
  309.394582
  305.988301
  302.648592
  299.220121
  295.847126
  292.463037
  289.067851
  285.661571
  282.310767
  278.926677
  275.542587
  272.158497
  268.763312
  265.412508
  262.028418
  258.677614
  255.271334
  251.887244
  248.547535
  245.152350
  241.845928
  238.428552
  235.022271
  231.726944
  228.287377
  224.936573
  221.541388
  218.157298
  214.817590
  211.411309
  208.071601
  204.709702
  201.336707
  197.963713
  194.546336
  191.306486
  187.889110
  184.482830
  181.209694
  177.781222
  174.419323
  171.057424
  167.651143
  164.311435
  160.905154
  157.587636
  154.170260
  150.852743
  147.457557
  144.062372
  140.755950
  137.283097
  133.965579
  130.614775
  127.219590
  123.913168
  120.462506
  117.144988
  113.749803
  110.354617
  106.992718
  103.619724
  100.235634
   96.862639
   93.500740
   90.138841
   86.743656
   83.415043
   80.042048
   76.646863
   73.296059
   69.911969
   66.594451
   63.199266
   59.804081
   56.475468
   53.080283
   49.718383
   46.345389
   42.994585
   39.643781
   36.204214
   32.864506
   29.502607
   26.140708
   22.767713
   19.416909
   16.043915
   12.626539
    9.253544
    5.913836
    2.551937
  359.171744
  355.791551
  352.411358
  349.116030
  345.765227
  342.414423
  339.041428
  335.679529
  332.339821
  328.944635
  325.582736
  322.209742
  318.847843
  315.474848
  312.124044
  308.762145
  305.355864
  301.993965
  298.620971
  295.247976
  291.874982
  288.490892
  285.095706
  281.744903
  278.371908
  274.987818
  271.648110
  268.264020
  264.879930
  261.529126
  258.156132
  254.783137
  251.421238
  247.992766
  244.586486
  241.180205
  237.829401
  234.400930
  231.039031
  227.688227
  224.259755
  220.931142
  217.535957
  214.151867
  210.789968
  207.405878
  204.043979
  200.670984
  197.275799
  193.936091
  190.552001
  187.245579
  183.905870
  180.488494
  177.159881
  173.775791
  170.413892
  167.040897
  163.634617
  160.272718
  156.855342
  153.526729
  150.142639
  146.802930
  143.474317
  140.034750
  136.706137
  133.333143
  129.937957
  126.587154
  123.169778
  119.841165
  116.457075
  113.106271
  109.722181
  106.326996
  102.998383
   99.569911
   96.196917
   92.857208
   89.473118
   86.133410
   82.749320
   79.387421
   76.014426
   72.641432
   69.323914
   65.917633
   62.522448
   59.171644
   55.809745
   52.458941
   49.041565
   45.679666
   42.317767
   38.955868
   35.593969
   32.198783
   28.859075
   25.474985
   22.135277
   18.773378
   15.356001
   12.027388
    8.654394
    5.292495
    1.941691
  358.572593
  355.203496
  351.834398
  348.539071
  345.166076
  341.781986
  338.464469
  335.080379
  331.718480
  328.345485
  324.961395
  321.666068
  318.270883
  314.897888
  311.547085
  308.118613
  304.801096
  301.383719
  298.032916
  294.648826
  291.264736
  287.913932
  284.496556
  281.167943
  277.739472
  274.299905
  270.960196
  267.553916
  264.169826
  260.819022
  257.434932
  254.050842
  250.688943
  247.271567
  243.909668
  240.536673
  237.196965
  233.801780
  230.395499
  227.055790
  223.682796
  220.309801
  216.914616
  213.519431
  210.168627
  206.784537
  203.433733
  200.027453
  196.621172
  193.292559
  189.919564
  186.513284
  183.162480
  179.778390
  176.405395
  173.043496
  169.659406
  166.253126
  162.880131
  159.496041
  156.145237
  152.816624
  149.488011
  146.103921
  142.730927
  139.391218
  136.018224
  132.634134
  129.305521
  125.899240
  122.548437
  119.131060
  115.802447
  112.429453
  109.056458
  105.672368
  102.288279
   98.948570
   95.575576
   92.213676
   88.818491
   85.445497
   82.105788
   78.732794
   75.381990
   72.031186
   68.624905
   65.285197
   61.901107
   58.550303
   55.166213
   51.782123
   48.398034
   45.036134
   41.663140
   38.256859
   34.917151
   31.555252
   28.160066
   24.787072
   21.447363
   18.041083
   14.712470
   11.306189
    7.944290
    4.582391
    1.176110
  357.720197
  354.264285
  351.146484
  347.817871
  344.444877
  341.127359
  337.732174
  334.359179
  330.963994
  327.635381
  324.273482
  320.867201
  317.582970
  314.154498
  310.803694
  307.463986
  304.068801
  300.684711
  297.289525
  293.916531
  290.543536
  287.148351
  283.830833
  280.435648
  277.051558
  273.689659
  270.227901
  266.843812
  263.448626
  260.097822
  256.747019
  253.285261
  249.967743
  246.550367
  243.188468
  239.859855
  236.420288
  233.080580
  229.707585
  226.312400
  222.983787
  219.555316
  216.226703
  212.931376
  209.547286
  206.185387
  202.790201
  199.439398
  196.055308
  192.704504
  189.364796
  185.958515
  182.629902
  179.212526
  175.861722
  172.499823
  169.082447
  165.709452
  162.347553
  158.974559
  155.623755
  152.250760
  148.877766
  145.493676
  142.153967
  138.780973
  135.385787
  132.001698
  128.673085
  125.311185
  121.904905
  118.498624
  115.158916
  111.785921
  108.446213
  105.039932
  101.678033
   98.327229
   94.954234
   91.581240
   88.197150
   84.790869
   81.473352
   78.055976
   74.716267
   71.332177
   67.981374
   64.641665
   61.246480
   57.851295
   54.489395
   51.116401
   47.732311
   44.348221
   40.986322
   37.624423
   34.240333
   30.856243
   27.472153
   24.110254
   20.715068
   17.386455
   13.991270
   10.618276
    7.267472
    3.927763
    0.499292
  357.104404
  353.709516
  350.458571
  347.141053
  343.779154
  340.395064
  337.088642
  333.693457
  330.353748
  326.991849
  323.618855
  320.268051
  316.872865
  313.499871
  310.071399
  306.654023
  303.414173
  299.930225
  296.601612
  293.250808
  289.855623
  286.493724
  283.065252
  279.658972
  276.297073
  272.901887
  269.551083
  266.133707
  262.782904
  259.376623
  255.981438
  252.619539
  249.235449
  245.806977
  242.356315
  238.961130
  235.554849
  232.181854
  228.842146
  225.480247
  222.085062
  218.712067
  215.350168
  211.943887
  208.581988
  205.208994
  201.835999
  198.474100
  195.101105
  191.717015
  188.377307
  184.993217
  181.631318
  178.280514
  174.962996
  171.512334
  168.161530
  164.810727
  161.348969
  158.075833
  154.658457
  151.329844
  147.956849
  144.606046
  141.255242
  137.882247
  134.520348
  131.147354
  127.785454
  124.423555
  121.072751
  117.699757
  114.326762
  110.920482
  107.547487
  104.229969
  100.856975
   97.461790
   94.110986
   90.760182
   87.398283
   84.025288
   80.652294
   77.312585
   73.928495
   70.599882
   67.237983
   63.853893
   60.458708
   57.119000
   53.746005
   50.350820
   47.022207
   43.604831
   40.231836
   36.881032
   33.485847
   30.123948
   26.750953
   23.400150
   19.993869
   16.665256
   13.281166
    9.897076
    6.524082
    3.106705
  359.748703
  356.390700
  353.032698
  349.748467
  346.408758
  343.046859
  339.707151
  336.311966
  332.927876
  329.565976
  326.204077
  322.831083
  319.446993
  316.107284
  312.745385
  309.372391
  305.977205
  302.604211
  299.264503
  295.869317
  292.474132
  289.090042
  285.739238
  282.355148
  278.948868
  275.598064
  272.202879
  268.807693
  265.390317
  262.039513
  258.655423
  255.293524
  251.898339
  248.569726
  245.174541
  241.790451
  238.439647
  235.066652
  231.704753
  228.265186
  224.947669
  221.485911
  218.135107
  214.784304
  211.411309
  208.027219
  204.632034
  201.236849
  197.930426
  194.535241
  191.195533
  187.789252
  184.482830
  181.165312
  177.747936
  174.430418
  171.001947
  167.606762
  164.278149
  160.871868
  157.554350
  154.125879
  150.786170
  147.402081
  144.040181
  140.678282
  137.283097
  133.943388
  130.581489
  127.175209
  123.824405
  120.473601
  117.078416
  113.760898
  110.343522
  106.970528
  103.564247
  100.224538
   96.862639
   93.456359
   90.094459
   86.721465
   83.370661
   79.997667
   76.602481
   73.273868
   69.889778
   66.527879
   63.132694
   59.693127
   56.331228
   53.035901
   49.651811
   46.223340
   42.861441
   39.543923
   36.159833
   32.764648
   29.413844
   26.029754
   22.690046
   19.305956
   15.944056
   12.571062
    9.198067
    5.836168
    2.440983
  359.079282
  355.717581
  352.355880
  349.082744
  345.687559
  342.392232
  338.985951
  335.590766
  332.273248
  328.844777
  325.527259
  322.154265
  318.747984
  315.430466
  312.001995
  308.684477
  305.300387
  301.949584
  298.565494
  295.159213
  291.819505
  288.468701
  285.051325
  281.667235
  278.272050
  274.910150
  271.537156
  268.164161
  264.813358
  261.440363
  258.045178
  254.638897
  251.221521
  247.859622
  244.486627
  241.102537
  237.729543
  234.356548
  230.972458
  227.577273
  224.215374
  220.820189
  217.425003
  214.074200
  210.690110
  207.317115
  203.955216
  200.560031
  197.220322
  193.836232
  190.474333
  187.068053
  183.717249
  180.344254
  176.971260
  173.609360
  170.169794
  166.841181
  163.490377
  160.195050
  156.844246
  153.426870
  150.087162
  146.714167
  143.318982
  139.990369
  136.595184
  133.266571
  129.893576
  126.509486
  123.203064
  119.785688
  116.434884
  113.050794
  109.644513
  106.326996
  102.942906
   99.603197
   96.196917
   92.846113
   89.484214
   86.089028
   82.760415
   79.376325
   75.981140
   72.674718
   69.312819
   65.950920
   62.544639
   59.160549
   55.820841
   52.470037
   49.085947
   45.690762
   42.317767
   38.966963
   35.582873
   32.209879
   28.814693
   25.474985
   22.135277
   18.728996
   15.389288
   12.027388
    8.610012
    5.259209
    1.830737
  358.457941
  355.085145
  351.712349
  348.417022
  345.121695
  341.793082
  338.386801
  335.047093
  331.685193
  328.267817
  324.939204
  321.521828
  318.115548
  314.809125
  311.425035
  308.063136
  304.679046
  301.294956
  297.933057
  294.604444
  291.198164
  287.814074
  284.463270
  281.090275
  277.717281
  274.322096
  270.949101
  267.587202
  264.247493
  260.852308
  257.457123
  254.084128
  250.755515
  247.371425
  243.965145
  240.592150
  237.241346
  233.868352
  230.517548
  227.089077
  223.660605
  220.298706
  216.936807
  213.630385
  210.224104
  206.840014
  203.522496
  200.094025
  196.743221
  193.392417
  190.019423
  186.668619
  183.217957
  179.867153
  176.494158
  173.121164
  169.725979
  166.352984
  162.968894
  159.595900
  156.245096
  152.861006
  149.499107
  146.159398
  142.753118
  139.380123
  136.073701
  132.645229
  129.316616
  125.954717
  122.548437
  119.208728
  115.780257
  112.451644
  109.056458
  105.661273
  102.310469
   98.937475
   95.608862
   92.213676
   88.807396
   85.478783
   82.050311
   78.732794
   75.359799
   72.042281
   68.636001
   65.229720
   61.912202
   58.505922
   55.121832
   51.759933
   48.375843
   45.025039
   41.652044
   38.267955
   34.850578
   31.499775
   28.148971
   24.764881
   21.391886
   18.029987
   14.656993
   11.272903
    7.922099
    4.538009
    1.153919
  357.709102
  354.264285
  351.135389
  347.762394
  344.455972
  341.094073
  337.698888
  334.314798
  330.986185
  327.613190
  324.218005
  320.845010
  317.494207
  314.132307
  310.748217
  307.375223
  304.013324
  300.640329
  297.267335
  293.894340
  290.532441
  287.137256
  283.764261
  280.413457
  277.040463
  273.634182
  270.250092
  266.866002
  263.504103
  260.086727
  256.735923
  253.407310
  250.045411
  246.550367
  243.232850
  239.815474
  236.453575
  233.069485
  229.674299
  226.268019
  222.895024
  219.522030
  216.160130
  212.776041
  209.391951
  206.018956
  202.668152
  199.306253
  195.922163
  192.515883
  189.176174
  185.814275
  182.496757
  179.179240
  175.784054
  172.399964
  169.060256
  165.653975
  162.269885
  158.919082
  155.523896
  152.161997
  148.789003
  145.438199
  142.065204
  138.714401
  135.341406
  131.957316
  128.584322
  125.255708
  121.893809
  118.509719
  115.147820
  111.730444
  108.379640
  105.017741
  101.666937
   98.260657
   94.876567
   91.470286
   88.141673
   84.801965
   81.428970
   78.055976
   74.660790
   71.343273
   67.959183
   64.575093
   61.213194
   57.851295
   54.511586
   51.083115
   47.721216
   44.337126
   40.930845
   37.602232
   34.207047
   30.856243
   27.461058
   24.121349
   20.748355
   17.353169
   14.013461
   10.640466
    7.267472
    3.905573
    0.521483
  357.121048
  353.720612
  350.458571
  347.152149
  343.768059
  340.417255
  337.022070
  333.660171
  330.320462
  326.925277
  323.596664
  320.157097
  316.839579
  313.466585
  310.082495
  306.731691
  303.380887
  299.996797
  296.612707
  293.206427
  289.866718
  286.460438
  283.109634
  279.714449
  276.374740
  273.001746
  269.606560
  266.222470
  262.860571
  259.387718
  256.070201
  252.608443
  249.290925
  245.851359
  242.511650
  239.194133
  235.765661
  232.403762
  228.997481
  225.646678
  222.262588
  218.856307
  215.494408
  212.121413
  208.792800
  205.375424
  201.980239
  198.640530
  195.234250
  191.872351
  188.499356
  185.137457
  181.775558
  178.391468
  175.062855
  171.667670
  168.272484
  164.954967
  161.570877
  158.253359
  154.835983
  151.462988
  148.112185
  144.728095
  141.388386
  138.015392
  134.642397
  131.280498
  127.907504
  124.545604
  121.172610
  117.810711
  114.437716
  111.042531
  107.669536
  104.307637
  100.967929
   97.572743
   94.177558
   90.837850
   87.475951
   84.136242
   80.741057
   77.345872
   74.017258
   70.622073
   67.282365
   63.909370
   60.491994
   57.152286
   53.734910
   50.373011
   47.033302
   43.571545
   40.265122
   36.836651
   33.485847
   30.146139
   26.750953
   23.411245
   19.993869
   16.643065
   13.281166
    9.897076
    6.579558
    3.139992
  359.756100
  356.372209
  352.988318
  349.770658
  346.397663
  343.046859
  339.707151
  336.278679
  332.994448
  329.610358
  326.226268
  322.886560
  319.491374
  316.151666
  312.756481
  309.383486
  306.043778
  302.637497
  299.286693
  295.869317
  292.540704
  289.167710
  285.772524
  282.443911
  278.993249
  275.642445
  272.291642
  268.907552
  265.534557
  262.117181
  258.788568
  255.448860
  252.020388
  248.680680
  245.274399
  241.956881
  238.539505
  235.177606
  231.804612
  228.376140
  225.069718
  221.641247
  218.268252
  214.873067
  211.378023
  208.104887
  204.676415
  201.325612
  197.963713
  194.546336
  191.239914
  187.855824
  184.471734
  181.120931
  177.759031
  174.463704
  171.035233
  167.717715
  164.300339
  160.927345
  157.521064
  154.170260
  150.775075
  147.424271
  143.995800
  140.733759
  137.305288
  133.976675
  130.648062
  127.241781
  123.890977
  120.484696
  117.111702
  113.760898
  110.343522
  106.981623
  103.586438
  100.246729
   96.895925
   93.489645
   90.149936
   86.721465
   83.426138
   80.019857
   76.646863
   73.318250
   69.934160
   66.583356
   63.210362
   59.837367
   56.464372
   53.058092
   49.674002
   46.323198
   42.916917
   39.588304
   36.159833
   32.864506
   29.458225
   26.096326
   22.767713
   19.339242
   15.977343
   12.604348
    9.242449
    5.891645
    2.463174
  359.112568
  355.761963
  352.411357
  349.093840
  345.731940
  342.403327
  339.030333
  335.646243
  332.328725
  328.955731
  325.593832
  322.220837
  318.836747
  315.497039
  311.979804
  308.684477
  305.344769
  301.993965
  298.632066
  295.214690
  291.897172
  288.468701
  285.117897
  281.755998
  278.371908
  275.021104
  271.637014
  268.275115
  264.868834
  261.495840
  258.156132
  254.716565
  251.288093
  247.948385
  244.519913
  241.180205
  237.740638
  234.456407
  231.083412
  227.677132
  224.270851
  220.864570
  217.547053
  214.107486
  210.778873
  207.405878
  204.010693
  200.648794
  197.242513
  193.902805
  190.540905
  187.156816
  183.806012
  180.377540
  177.026737
  173.698123
  170.347320
  167.051993
  163.601331
  160.261622
  156.866437
  153.482347
  150.175925
  146.758549
  143.418840
  140.045846
  136.639565
  133.277666
  129.937957
  126.553868
  123.258541
  119.852260
  116.479265
  113.084080
  109.711086
  106.371377
  103.031669
   99.647579
   96.263489
   92.846113
   89.539691
   86.166696
   82.860274
   79.431802
   76.069903
   72.752386
   69.401582
   66.028587
   62.611211
   59.238217
   55.887413
   52.514418
   49.152519
   45.801715
   42.539675
   39.222157
   35.826972
   32.453977
   29.069887
   25.707988
   22.390470
   18.995285
   15.622291
   12.260391
    8.865206
    5.503307
    2.108122
  358.724230
  355.340339
  351.956448
  348.661120
  345.354698
  342.014989
  338.586518
  335.280096
  331.907101
  328.534106
  325.061254
  321.710450
  318.359646
  315.119796
  311.469417
  308.096422
  304.712333
  301.317147
  297.921962
  294.493490
  291.164877
  287.780788
  284.429984
  281.034798
  277.661804
  274.299905
  270.871433
  267.531725
  264.136540
  260.741354
  257.412741
  253.995365
  250.655657
  247.271567
  243.898572
  240.581055
  237.263537
  233.879447
  230.506453
  227.122363
  223.727177
  220.398564
  217.025570
  213.619289
  210.257390
  206.939872
  203.566878
  200.182788
  196.809793
  193.458990
  190.097090
  186.735191
  183.373292
  180.011393
  176.627303
  173.265404
  169.881314
  166.508319
  163.146420
  159.729044
  156.378240
  153.027437
  149.621156
  146.248161
  142.897358
  139.557649
  136.162464
  132.800565
  129.416475
  126.076766
  122.692676
  119.275300
  115.979973
  112.573693
  109.189603
  105.805513
  102.443614
   99.092810
   95.675434
   92.324630
   88.951636
   85.578641
   82.250028
   78.843747
   75.526230
   72.131044
   68.758050
   65.351769
   61.978775
   58.661257
   55.232786
   51.893077
   48.520083
   45.147088
   41.796284
   38.423290
   35.050295
   31.710587
   28.271020
   24.875835
   21.502840
   18.163132
   14.801233
   11.394952
    8.033053
    4.671154
    1.320350
  357.842247
  354.364144
  351.279629
  347.917730
  344.533640
  341.216122
  337.832032
  334.503419
  331.141520
  327.779621
  324.417722
  321.044727
  317.693923
  314.309833
  310.936839
  307.586035
  304.168659
  300.817855
  297.455956
  294.049675
  290.665586
  287.292591
  283.941787
  280.546602
  277.184703
  273.778422
  270.438714
  267.121196
  263.703820
  260.353016
  256.957831
  253.562646
  250.256223
  246.872133
  243.476948
  240.103954
  236.730959
  233.335774
  229.896207
  226.523212
  223.161313
  219.854891
  216.404229
  212.986853
  209.624954
  206.240864
  202.834583
  199.472684
  196.144071
  192.737790
  189.386986
  185.980706
  182.618806
  179.256907
  175.883913
  172.499823
  169.137924
  165.798215
  162.480698
  159.063322
  155.657041
  152.272951
  148.977624
  145.637916
  142.253826
  138.836450
  135.396883
  132.123747
  128.761848
  125.422139
  122.015858
  118.631769
  115.314251
  111.930161
  108.557166
  105.184172
  101.822273
   98.427087
   95.031902
   91.725480
   88.297008
   84.935109
   81.584305
   78.211311
   74.849412
   71.487513
   68.114518
   64.763714
   61.390720
   58.017725
   54.633635
   51.205164
   47.809979
   44.459175
   41.075085
   37.724281
   34.351287
   30.933910
   27.549821
   24.232303
   20.792736
   17.441932
   14.057842
   10.707039
    7.356235
    3.994336
    0.588055
  357.193167
  353.798279
  350.558429
  347.240912
  343.867917
  340.561495
  337.188500
  333.815506
  330.464702
  327.091707
  323.707618
  320.367909
  317.017105
  313.655206
  310.260021
  306.909217
  303.547318
  300.163228
  296.790233
  293.417239
  290.022054
  286.626868
  283.298255
  279.891975
  276.530075
  273.157081
  269.717514
  266.399996
  263.027002
  259.654007
  256.303204
  252.908018
  249.590501
  246.184220
  242.844512
  239.416040
  236.087427
  232.692242
  229.352533
  225.968444
  222.617640
  219.211359
  215.849460
  212.465370
  209.081280
  205.730476
  202.424054
  199.028869
  195.666970
  192.349452
  188.909885
  185.592367
  182.186087
  178.824188
  175.462288
  172.067103
  168.716299
  165.321114
  161.959215
  158.619506
  155.202130
  151.895708
  148.456141
  145.105338
  141.743438
  138.403730
  135.052926
  131.624455
  128.295842
  124.933943
  121.538757
  118.165763
  114.781673
  111.464155
  108.057874
  104.673785
  101.345172
   97.927795
   94.588087
   91.192902
   87.853193
   84.491294
   81.073918
   77.712019
   74.316834
   70.932744
   67.559749
   64.186755
   60.813760
   57.462956
   54.067771
   50.716967
   47.332877
   43.937692
   40.586888
   37.191703
   33.796518
   30.445714
   27.072719
   23.699725
   20.326730
   16.975926
   13.636218
   10.241033
    6.845847
    3.461758
    0.077668
  356.704971
  353.332274
  350.070233
  346.719429
  343.368625
  340.040012
  336.722495
  333.260737
  329.932124
  326.548034
  323.130658
  319.824236
  316.451241
  313.067151
  309.716347
  306.310067
  302.948168
  299.564078
  296.191083
  292.829184
  289.433999
  286.083195
  282.710200
  279.337206
  275.964211
  272.557931
  269.218222
  265.811942
  262.438947
  259.065952
  255.715149
  252.342154
  248.935873
  245.562879
  242.223170
  238.816890
  235.443895
  232.026519
  228.697906
  225.380389
  221.907536
  218.656590
  215.228119
  211.954983
  208.515416
  205.098040
  201.791617
  198.396432
  195.056724
  191.661538
  188.299639
  184.948836
  181.542555
  178.180656
  174.774375
  171.368094
  168.072767
  164.644296
  161.293492
  157.876116
  154.514217
  151.174509
  147.779323
  144.384138
  141.033334
  137.682530
  134.309536
  130.947637
  127.585738
  124.201648
  120.873035
  117.466754
  114.060473
  110.687479
  107.347770
  103.952585
  100.568495
   97.228787
   93.833601
   90.460607
   87.076517
   83.714618
   80.363814
   77.035201
   73.684397
   70.311403
   66.894027
   63.554318
   60.148038
   56.752852
   53.390953
   50.017959
   46.678250
   43.260874
   39.887880
   36.492694
   33.130795
   29.724514
   26.373711
   23.000716
   19.672103
   16.265822
   12.892828
    9.542024
    6.169029
    2.807130
  359.430635
  356.054141
  352.677646
  349.404510
  346.042611
  342.680712
  339.296622
  335.968009
  332.561728
  329.255306
  325.926693
  322.509317
  319.169608
  315.763328
  312.390333
  309.028434
  305.655440
  302.293540
  298.876164
  295.514265
  292.141271
  288.679513
  285.306519
  281.944619
  278.616006
  275.265203
  271.903303
  268.519213
  265.124028
  261.773224
  258.444611
  255.027235
  251.687527
  248.336723
  244.919347
  241.579639
  238.217739
  234.822554
  231.482846
  228.087660
  224.681380
  221.341671
  217.979772
  214.562396
  211.167211
  207.805312
  204.443413
  201.048227
  197.741805
  194.346620
  190.962530
  187.600631
  184.238731
  180.876832
  177.470552
  174.108652
  170.702372
  167.351568
  163.967478
  160.594484
  157.221489
  153.859590
  150.486595
  147.124696
  143.707320
  140.367612
  136.983522
  133.632718
  130.259723
  126.853443
  123.524830
  120.118549
  116.756650
  113.405846
  109.999565
  106.637666
  103.275767
   99.913868
   96.551969
   93.134593
   89.783789
   86.421890
   83.004514
   79.698091
   76.291811
   72.941007
   69.590203
   66.195018
   62.788737
   59.426838
   56.087130
   52.680849
   49.307854
   45.945955
   42.572961
   39.222157
   35.826972
   32.431786
   29.092078
   25.730179
   22.357184
   18.984190
   15.622291
   12.271487
    8.887397
    5.503307
    2.141408
  358.776009
  355.410609
  352.045210
  348.749883
  345.354698
  342.037180
  338.675281
  335.257905
  331.929292
  328.534106
  325.172207
  321.832499
  318.459504
  315.119796
  311.713515
  308.362711
  304.978622
  301.594532
  298.254823
  294.848543
  291.475548
  288.113649
  284.707368
  281.356564
  277.939188
  274.610575
  271.237581
  267.864586
  264.491592
  261.096406
  257.756698
  254.394799
  250.988518
  247.604428
  244.153766
  240.791867
  237.429968
  234.101355
  230.750551
  227.366461
  223.993466
  220.564995
  217.258573
  213.774624
  210.390535
  207.061921
  203.711118
  200.382505
  196.954033
  193.625420
  190.274616
  186.890526
  183.539723
  180.188919
  176.771543
  173.409644
  170.025554
  166.641464
  163.290660
  159.906570
  156.522480
  153.160581
  149.765396
  146.414592
  143.041597
  139.690794
  136.306704
  132.933709
  129.571810
  126.209911
  122.848012
  119.475017
  116.102023
  112.695742
  109.311652
  105.927562
  102.587854
   99.192668
   95.864055
   92.446679
   89.129162
   85.711786
   82.327696
   79.021273
   75.626088
   72.286380
   68.869004
   65.484914
   62.167396
   58.783306
   55.399216
   52.015126
   48.642132
   45.302423
   41.918333
   38.556434
   35.172344
   31.754968
   28.437451
   25.020075
   21.658175
   18.296276
   14.901091
   11.539192
    8.188388
    4.826489
    1.442399
  357.942105
  354.441811
  351.346201
  348.050874
  344.655689
  341.315981
  337.954081
  334.592182
  331.219188
  327.846193
  324.473199
  321.144586
  317.749400
  314.398596
  311.003411
  307.663703
  304.301804
  300.884428
  297.578005
  294.171725
  290.776539
  287.425735
  284.052741
  280.690842
  277.273466
  273.922662
  270.538572
  267.187768
  263.803678
  260.419588
  257.079880
  253.706885
  250.311700
  246.927610
  243.565711
  240.203812
  236.830817
  233.435632
  230.084828
  226.700738
  223.316648
  219.921463
  216.537373
  213.175474
  209.747003
  206.340722
  202.978823
  199.628019
  196.266120
  192.848744
  189.586703
  186.246995
  182.851809
  179.501006
  176.072534
  172.766112
  169.359831
  165.942455
  162.602747
  159.196466
  155.867853
  152.461572
  149.077482
  145.704488
  142.353684
  139.013976
  135.629886
  132.234700
  128.872801
  125.488711
  122.126812
  118.731627
  115.380823
  112.041115
  108.612643
  105.261840
  101.888845
   98.482564
   95.176142
   91.780957
   88.407962
   85.046063
   81.639782
   78.311169
   74.927079
   71.576276
   68.203281
   64.830287
   61.457292
   58.073202
   54.689112
   51.349404
   47.954218
   44.570129
   41.197134
   37.846330
   34.484431
   31.089246
   27.705156
   24.354352
   21.003548
   17.608363
   14.246464
   10.884565
    7.467189
    4.149671
    0.743390
  357.337407
  353.931424
  350.669383
  347.351865
  344.001062
  340.661353
  337.255073
  333.882078
  330.597847
  327.191566
  323.829667
  320.434481
  317.083678
  313.721778
  310.348784
  306.986885
  303.580604
  300.185419
  296.834615
  293.439430
  290.099721
  286.693441
  283.331541
  279.958547
  276.563362
  273.223653
  269.872849
  266.455473
  263.104670
  259.742770
  256.380871
  253.007877
  249.623787
  246.217506
  242.811225
  239.471517
  236.043046
  232.670051
  229.352533
  225.979539
  222.484495
  219.144787
  215.771792
  212.409893
  209.003612
  205.630618
  202.257623
  198.873533
  195.489443
  192.160830
  188.876599
  185.503604
  182.119514
  178.724329
  175.373525
  172.022722
  168.616441
  165.254542
  161.870452
  158.541839
  155.146654
  151.762564
  148.400664
  145.016575
  141.654675
  138.326062
  134.941972
  131.591169
  128.207079
  124.778607
  121.483280
  118.054809
  114.726196
  111.319915
  107.946921
  104.585022
  101.223122
   97.839032
   94.454943
   91.081948
   87.742240
   84.347054
   80.996250
   77.645447
   74.228071
   70.921648
   67.504272
   64.164564
   60.791569
   57.385289
   54.045580
   50.617109
   47.255210
   43.904406
   40.475934
   37.158417
   33.741041
   30.390237
   27.050529
   23.633153
   20.326730
   16.909354
   13.558550
   10.174461
    6.745989
    3.417376
    0.044382
  356.682780
  353.321178
  349.970374
  346.730524
  343.290958
  339.962345
  336.611541
  333.238546
  329.932124
  326.492557
  323.141753
  319.790950
  316.373574
  313.056056
  309.649775
  306.321162
  302.914881
  299.408742
  296.191083
  292.684944
  289.411808
  286.005527
  282.577056
  279.281729
  275.919830
  272.480263
  269.096173
  265.656606
  262.350184
  258.932808
  255.615290
  252.242296
  248.802729
  245.474116
  242.056740
  238.694841
  235.321846
  231.982138
  228.609143
  225.158481
  221.852059
  218.479064
  215.117165
  211.699789
  208.315699
  204.942705
  201.558615
  198.196715
  194.857007
  191.461822
  188.066636
  184.738023
  181.431601
  178.114083
  174.729994
  171.323713
  167.950718
  164.566628
  161.204729
  157.809544
  154.458740
  151.096841
  147.701656
  144.428520
  140.955667
  137.638149
  134.276250
  130.881064
  127.552451
  124.157266
  120.784272
  117.377991
  114.038283
  110.687479
  107.270103
  103.908204
  100.513018
   97.140024
   93.822506
   90.405130
   87.076517
   83.670236
   80.275051
   76.924247
   73.562348
   70.189354
   66.827454
   63.288029
   60.103656
   56.630803
   53.357667
   49.962482
   46.534010
   43.194302
   39.776926
   36.437217
   33.086414
   29.691228
   26.329329
   22.911953
   19.594435
   16.210345
   12.837351
    9.486547
    6.080266
    2.718367
  359.356666
  355.994965
  352.633265
  349.315747
  345.976039
  342.636330
  339.274431
  335.890341
  332.506251
  329.177638
  325.815739
  322.431649
  319.103036
  315.685660
  312.323761
  308.961862
  305.611058
  302.182587
  298.787401
  295.425502
  292.074698
  288.690608
  285.317614
  281.811475
  278.482862
  275.054390
  271.725777
  268.319497
  264.946502
  261.595698
  258.189418
  254.816423
  251.476715
  248.103720
  244.719630
  241.379922
  238.051309
  234.645028
  231.238747
  227.921230
  224.503854
  221.197431
  217.768960
  214.473633
  211.089543
  207.705453
  204.332459
  200.970560
  197.619756
  194.268952
  190.862671
  187.522963
  184.161064
  180.765879
  177.392884
  174.008794
  170.646895
  167.262805
  163.912001
  160.527911
  157.132726
  153.781922
  150.408928
  147.058124
  143.696225
  140.289944
  136.939140
  133.577241
  130.204247
  126.842347
  123.436067
  120.085263
  116.690078
  113.372560
  109.944089
  106.582189
  103.209195
   99.847296
   96.507587
   93.112402
   89.739407
   86.344222
   82.949037
   79.620424
   76.236334
   72.852244
   69.534726
   66.161732
   62.766546
   59.404647
   55.998367
   52.625372
   49.219091
   45.923764
   42.539675
   39.133394
   35.749304
   32.343023
   28.992220
   25.619225
   22.246230
   18.928713
   15.500241
   12.171628
    8.809729
    5.403448
    2.052645
  358.713135
  355.373624
  352.034113
  348.672215
  345.332507
  341.926226
  338.597613
  335.246809
  331.851624
  328.467534
  325.094540
  321.743736
  318.381837
  314.997747
  311.646943
  308.273948
  304.923145
  301.516864
  298.121679
  294.781970
  291.386785
  288.024886
  284.618605
  281.245611
  277.905902
  274.499622
  271.148818
  267.786919
  264.369543
  261.018739
  257.645744
  254.306036
  250.921946
  247.582237
  244.209243
  240.780772
  237.463254
  234.056973
  230.650693
  227.310984
  223.882513
  220.542804
  217.169810
  213.785720
  210.423821
  207.039731
  203.677832
  200.349219
  196.931842
  193.647611
  190.219140
  186.846145
  183.517532
  180.111251
  176.771543
  173.376358
  169.970077
  166.630368
  163.257374
  159.895475
  156.455908
  153.082913
  149.754300
  146.348020
  143.030502
  139.635317
  136.273418
  132.922614
  129.527429
  126.176625
  122.759249
  119.430636
  116.079832
  112.640265
  109.289461
  105.883181
  102.587854
   99.148287
   95.808578
   92.479965
   89.040399
   85.689595
   82.294410
   78.932510
   75.603897
   72.153235
   68.857908
   65.484914
   62.111919
   58.750020
   55.332644
   51.992936
   48.597750
   45.213660
   41.896143
   38.500957
   35.127963
   31.788254
   28.348688
   25.020075
   21.613794
   18.262990
   14.945473
   11.528096
    8.188388
    4.815394
    1.420208
  357.980939
  354.541670
  351.401678
  348.084160
  344.700070
  341.293790
  337.909700
  334.536705
  331.208092
  327.812907
  324.451008
  321.066918
  317.716114
  314.365310
  310.947934
  307.563844
  304.235231
  300.851141
  297.478147
  294.082962
  290.698872
  287.336972
  283.908501
  280.502220
  277.118130
  273.756231
  270.361046
  266.965861
  263.626152
  260.264253
  256.991117
  253.562646
  250.111983
  246.727893
  243.432567
  240.070667
  236.597814
  233.258106
  229.851825
  226.489926
  223.105836
  219.688460
  216.337656
  212.964662
  209.613858
  206.229768
  202.823488
  199.505970
  196.110785
  192.882030
  189.509035
  186.069469
  182.774142
  179.401147
  176.017057
  172.666253
  169.237782
  165.920264
  162.525079
  159.163180
  155.823471
  152.428286
  149.066387
  145.682297
  142.342589
  138.980690
  135.585504
  132.223605
  128.883897
  125.510902
  122.137908
  118.709436
  115.347537
  112.007829
  108.634834
  105.239649
  101.877750
   98.493660
   95.131761
   91.803147
   88.374676
   85.012777
   81.661973
   78.266788
   74.938175
   71.509703
   68.214376
   64.885763
   61.457292
   58.095393
   54.689112
   51.282831
   47.987505
   44.592319
   41.197134
   37.813044
   34.462240
   31.100341
   27.682965
   24.354352
   20.959167
   17.619458
   14.257559
   10.873469
    7.467189
    3.994336
    0.632436
  357.254192
  353.875947
  350.613906
  347.263102
  343.901203
  340.494923
  337.133023
  333.748934
  330.353748
  326.980754
  323.641045
  320.256955
  316.872865
  313.510966
  310.160163
  306.820454
  303.436364
  300.096656
  296.745852
  293.372857
  289.966577
  286.582487
  283.253874
  279.880879
  276.441312
  273.057223
  269.650942
  266.277947
  262.927144
  259.509768
  256.147868
  252.774874
  249.390784
  246.039980
  242.700272
  239.249610
  235.887710
  232.514716
  229.152817
  225.813108
  222.373541
  219.089310
  215.705220
  212.398798
  209.059089
  205.652809
  202.268719
  198.884629
  195.533825
  192.194117
  188.810027
  185.437032
  182.064038
  178.702138
  175.362430
  171.933959
  168.583155
  165.221256
  161.837166
  158.486362
  155.091177
  151.762564
  148.378474
  145.016575
  141.621389
  138.270585
  134.897591
  131.513501
  128.173793
  124.767512
  121.405613
  118.043714
  114.681814
  111.286629
