    1   -6.017848    0.000182    1.120633  357.786770  354.452907    3.333863
    2   -6.017117    0.000210    0.765581  357.431718  354.097855    3.333863
    3   -6.018424    0.000161    0.399434  357.076666  353.753898    3.322768
    4   -6.018696    0.000172    0.033286  356.693875  353.354464    3.339411
    5   -6.018730    0.000174    3.017942  359.693226  356.368510    3.324716
    6   -6.018200    0.000183    2.629604  359.308586  355.987569    3.321018
    7   -6.018942    0.000168    2.163598  358.853676  355.543754    3.309922
    8   -6.018739    0.000202    1.786356  358.374825  354.963294    3.411531
    9   -6.019099    0.000157    1.375827  357.980939  354.586051    3.394888
   10   -6.019490    0.000169    0.920916  357.603696  354.286476    3.317220
   11   -6.017649    0.000190    0.454910  357.137690  353.820470    3.317220
   12   -6.019599    0.000169    0.022191  356.688328  353.354464    3.333864
   13   -6.020013    0.000174    2.851512  359.548986  356.246460    3.302526
   14   -6.019608    0.000209    2.440983  359.127362  355.813741    3.313621
   15   -6.019695    0.000201    2.019359  358.546804  355.074248    3.472555
   16   -6.019087    0.000242    1.497876  358.125179  354.752482    3.372697
   17   -6.019919    0.000177    1.054061  357.709102  354.364144    3.344958
   18   -6.019979    0.000176    0.532578  357.209810  353.887042    3.322768
   19   -6.019720    0.000184    0.088763  356.777090  353.465418    3.311672
   20   -6.019861    0.000176    2.984656  359.652543  356.320430    3.332113
   21   -6.020185    0.000163    2.463174  359.145855  355.828535    3.317319
   22   -6.020094    0.000172    2.019359  358.535708  355.052057    3.483651
   23   -6.020193    0.000179    1.486780  358.108536  354.730291    3.378244
   24   -6.019919    0.000159    1.020775  357.675816  354.330857    3.344959
   25   -6.018493    0.000194    0.532578  357.170976  353.809375    3.361602
   26   -6.020145    0.000171    0.011095  356.693875  353.376655    3.317220
   27   -6.019982    0.000174    2.873703  359.552685  356.231667    3.321018
   28   -6.020044    0.000196    2.341125  359.023806  355.706486    3.317319
   29   -6.020306    0.000184    1.841833  358.424754  355.007675    3.417079
   30   -6.019323    0.000221    1.309254  357.969844  354.630433    3.339411
   31   -6.020858    0.000177    0.843249  357.498290  354.153331    3.344959
   32   -6.021573    0.000183    0.321766  356.993450  353.665135    3.328316
   33   -6.021009    0.000207    3.184373  359.844863  356.505353    3.339510
   34   -6.021265    0.000210    2.662890  359.315983  355.969076    3.346907
   35   -6.021381    0.000201    2.074835  358.568994  355.063152    3.505842
   36   -6.021511    0.000188    1.497876  358.141822  354.785768    3.356054
   37   -6.021500    0.000149    0.965298  357.631435  354.297571    3.333864
   38   -6.021356    0.000174    0.432720  357.082213  353.731707    3.350507
   39   -6.019564    0.000186    3.250945  359.911435  356.571925    3.339510
   40   -6.021121    0.000168    2.685081  359.367762  356.050442    3.317319
   41   -6.020856    0.000175    2.141408  358.820390  355.499372    3.321018
   42   -6.020878    0.000151    1.619925  358.213942  354.807959    3.405983
   43   -6.020742    0.000170    1.054061  357.714650  354.375239    3.339411
   44   -6.019770    0.000206    0.532578  357.215358  353.898138    3.317220
   45   -6.020850    0.000157   -0.011095  356.660590  353.332274    3.328316
   46   -6.020669    0.000171    2.840416  359.519398  356.198381    3.321018
   47   -6.020773    0.000157    2.263457  358.953535  355.643613    3.309922
   48   -6.020419    0.000179    1.764165  358.335991  354.907817    3.428174
   49   -6.020950    0.000158    1.231587  357.869985  354.508383    3.361602
   50   -6.020723    0.000173    0.699009  357.337407  353.975805    3.361602
   51   -6.020941    0.000160    0.188621  356.871401  353.554181    3.317220
   52   -6.020810    0.000169    2.995752  359.678433  356.361113    3.317319
   53   -6.019731    0.000178    2.485364  359.156949  355.828535    3.328415
   54   -6.021064    0.000180    1.952786  358.519065  355.085343    3.433721
   55   -6.020954    0.000146    1.398017  358.030868  354.663719    3.367149
   56   -6.020722    0.000162    0.854344  357.509386  354.164427    3.344959
   57   -6.020711    0.000159    0.332861  357.026737  353.720612    3.306124
   58   -6.019589    0.000195    3.162182  359.807878  356.453575    3.354304
   59   -6.021065    0.000182    2.618509  359.301190  355.983870    3.317319
   60   -6.020939    0.000156    2.074835  358.580089  355.085343    3.494746
   61   -6.020970    0.000163    1.486780  358.125179  354.763577    3.361602
   62   -6.021033    0.000161    0.965298  357.598148  354.230999    3.367150
   63   -6.021366    0.000175    0.388338  357.071118  353.753898    3.317220
   64   -6.021314    0.000142    3.195469  359.867054  356.538639    3.328415
   65   -6.021318    0.000171    2.651795  359.334476  356.017156    3.317319
   66   -6.021196    0.000160    2.063740  358.757516  355.451292    3.306224
   67   -6.019798    0.000192    1.542257  358.169560  354.796863    3.372697
   68   -6.020987    0.000167    1.054061  357.686912  354.319762    3.367149
   69   -6.021100    0.000138    0.466006  357.132142  353.798279    3.333864
   70   -6.021045    0.000155    3.262041  359.941023  356.620005    3.321018
   71   -6.021092    0.000168    2.696177  359.382556  356.068935    3.313621
   72   -6.019654    0.000215    2.141408  358.824089  355.506769    3.317319
   73   -6.021259    0.000174    1.619925  358.208394  354.796863    3.411531
   74   -6.021452    0.000165    0.998584  357.664720  354.330857    3.333864
   75   -6.021357    0.000169    0.532578  357.165428  353.798279    3.367150
   76   -6.021393    0.000182    3.273136  359.937324  356.601513    3.335812
   77   -6.020629    0.000222    2.707272  359.382556  356.057839    3.324716
   78   -6.021173    0.000169    2.152503  358.842581  355.532659    3.309922
   79   -6.021394    0.000158    1.608830  358.219490  354.830149    3.389341
   80   -6.021276    0.000151    0.987489  357.664721  354.341953    3.322768
   81   -6.020085    0.000185    0.499292  357.176524  353.853756    3.322768
   82   -6.020685    0.000157   -0.044382  356.632851  353.310083    3.322767
   83   -6.020761    0.000144    2.796035  359.478716  356.161396    3.317319
   84   -6.020753    0.000156    2.274552  358.953534  355.632517    3.321018
   85   -6.020838    0.000149    1.741974  358.335991  354.930008    3.405983
   86   -6.018834    0.000174    1.231587  357.853342  354.475097    3.378245
   87   -6.020835    0.000169    0.687913  357.365146  354.042378    3.322767
   88   -6.020323    0.000159    0.188621  356.871401  353.554181    3.317220
   89   -6.020656    0.000161    3.017942  359.700623  356.383304    3.317319
   90   -6.020465    0.000154    2.551937  359.223522  355.895108    3.328415
   91   -6.019901    0.000195    1.997168  358.530160  355.063152    3.467008
   92   -6.020217    0.000161    1.464590  358.086345  354.708100    3.378245
   93   -6.020584    0.000155    0.943107  357.587053  354.230999    3.356054
   94   -6.020279    0.000157    0.410529  357.093309  353.776089    3.317220
   95   -6.016401    0.001770    3.029038  358.141822  353.254606    4.887216
   96   -6.020110    0.000158    2.807130  359.486112  356.165095    3.321018
   97   -6.020325    0.000153    2.296743  358.964630  355.632517    3.332113
   98   -6.020448    0.000155    1.764165  358.352634  354.941103    3.411531
   99   -6.020436    0.000152    1.231587  357.903271  354.574956    3.328316
  100   -6.019226    0.000193    0.732295  357.409527  354.086759    3.322768
  101   -6.020139    0.000164    0.221908  356.899140  353.576372    3.322768
  102   -6.020556    0.000159    3.095610  359.767195  356.438781    3.328415
  103   -6.020303    0.000171    2.507555  359.197633  355.887711    3.309922
  104   -6.020878    0.000170    1.997168  358.702039  355.406911    3.295129
  105   -6.019469    0.000178    1.497876  358.130726  354.763577    3.367150
  106   -6.020512    0.000148    0.976393  357.642530  354.308667    3.333863
  107   -6.020658    0.000161    0.466006  357.126595  353.787184    3.339411
  108   -6.019902    0.000450    0.699009  357.015642  353.332274    3.683368
  109   -6.019829    0.000148    2.784940  359.460224  356.135507    3.324716
  110   -6.020811    0.000175    2.241266  358.920248  355.599231    3.321018
  111   -6.020526    0.000156    1.708688  358.324896  354.941103    3.383792
  112   -6.020676    0.000159    1.209396  357.847795  354.486193    3.361602
  113   -6.020526    0.000161    0.643532  357.309668  353.975805    3.333864
  114   -6.018863    0.000191    0.188621  356.876949  353.565276    3.311673
  115   -6.020943    0.000154    2.973561  359.626654  356.279747    3.346907
  116   -6.021019    0.000177    2.418792  359.094076  355.769359    3.324716
  117   -6.021319    0.000157    1.797451  358.374825  354.952199    3.422626
  118   -6.021570    0.000154    1.242682  357.919915  354.597147    3.322767
  119   -6.020426    0.000211    0.687913  357.365146  354.042378    3.322767
  120   -6.021049    0.000154    0.144240  356.832567  353.520895    3.311673
  121   -6.021689    0.000160    2.895893  359.578574  356.261254    3.317319
  122   -6.020975    0.000180    2.385506  359.057091  355.728677    3.328415
  123   -6.020485    0.000159    1.852928  358.413658  354.974389    3.439270
  124   -6.020905    0.000165    1.331445  357.953200  354.574956    3.378244
  125   -6.021540    0.000153    0.732295  357.403979  354.075664    3.328316
  126   -6.021182    0.000166    0.210812  356.871401  353.531990    3.339411
  127   -6.021512    0.000162    3.029038  359.693226  356.357415    3.335812
  128   -6.019528    0.000195    2.429888  359.105172  355.780455    3.324716
  129   -6.020976    0.000155    1.875119  358.458040  355.040962    3.417079
  130   -6.020885    0.000158    1.353636  357.975392  354.597147    3.378244
  131   -6.021302    0.000153    0.787772  357.448361  354.108950    3.339411
  132   -6.021346    0.000164    0.221908  356.899140  353.576372    3.322768
  133   -6.020392    0.000209    3.040133  359.719115  356.398098    3.321018
  134   -6.021316    0.000178    2.463174  359.149553  355.835932    3.313621
  135   -6.021319    0.000143    1.919500  358.469135  355.018771    3.450364
  136   -6.021357    0.000157    1.364731  358.014225  354.663719    3.350506
  137   -6.020724    0.000165    0.787772  357.448361  354.108950    3.339411
  138   -6.020844    0.000153    0.255194  356.943521  353.631849    3.311673
  139   -6.020857    0.000189    3.106705  359.774592  356.442479    3.332113
  140   -6.020840    0.000170    2.585223  359.238316  355.891409    3.346907
  141   -6.021096    0.000152    1.963882  358.502422  355.040962    3.461460
  142   -6.019503    0.000185    1.464590  358.097441  354.730291    3.367149
  143   -6.020967    0.000176    0.898726  357.542672  354.186618    3.356054
  144   -6.021175    0.000161    0.355052  357.037832  353.720612    3.317220
  145   -6.021083    0.000158    3.184373  359.848561  356.512750    3.335812
  146   -6.020909    0.000166    2.685081  359.341873  355.998664    3.343208
  147   -6.019809    0.000211    2.108122  358.787104  355.466086    3.321018
  148   -6.021048    0.000159    1.553353  358.164013  354.774673    3.389340
  149   -6.020913    0.000169    1.031870  357.670269  354.308667    3.361602
  150   -6.020863    0.000169    0.466006  357.137690  353.809375    3.328316
  151   -6.020900    0.000169    3.217659  359.892943  356.568227    3.324716
  152   -6.021035    0.000131    2.718367  359.393651  356.068935    3.324716
  153   -6.021090    0.000174    2.196885  358.868470  355.540056    3.328415
