file    init    last    diff   count
   1    7149   23648   16500   16500
   2   23649   40148   16500   16500
   3   40149   63877   23729   16500
   4   63878   80377   16500   16500
   5   80378   97088   16711   16500
   6   97089  113588   16500   16500
   7  113589  130088   16500   16500
   8  130089  146588   16500   16500
   9  146589  163088   16500   16500
  10  163089  179588   16500   16500
  11  179589  196088   16500   16500
  12  196089  212588   16500   16500
  13  212589  229088   16500   16500
  14  229089  245588   16500   16500
  15  245589  253958    8370    8370
