    1   -6.018588    0.000207    0.854344  357.498290  354.142236    3.356054
    2   -6.018321    0.000203    0.443815  357.054475  353.665135    3.389340
    3   -6.018563    0.000205    3.228755  359.874451  356.520147    3.354304
    4   -6.017511    0.000247    2.784940  359.434334  356.083729    3.350606
    5   -6.018350    0.000194    2.296743  358.957233  355.617723    3.339510
    6   -6.018757    0.000195    1.775260  358.319348  354.863436    3.455912
    7   -6.018739    0.000208    1.331445  357.919914  354.508383    3.411531
    8   -6.017634    0.000185    0.765581  357.398432  354.031282    3.367150
    9   -6.018429    0.000201    0.299575  356.932426  353.565276    3.367150
   10   -6.018318    0.000210    3.195469  359.841165  356.486861    3.354304
   11   -6.018415    0.000190    2.707272  359.352968  355.998664    3.354304
   12   -6.018786    0.000208    2.130312  358.820390  355.510468    3.309922
   13   -6.017042    0.000263    1.741974  358.319348  354.896722    3.422626
   14   -6.018303    0.000199    1.275968  357.897723  354.519479    3.378244
   15   -6.018216    0.000210    0.776676  357.426170  354.075664    3.350506
   16   -6.018947    0.000207    0.277384  356.932426  353.587467    3.344958
   17   -6.018799    0.000213    3.117801  359.778291  356.438781    3.339510
   18   -6.017853    0.000226    2.662890  359.323380  355.983870    3.339510
   19   -6.018566    0.000215    2.174694  358.857375  355.540055    3.317319
   20   -6.018592    0.000184    1.697593  358.269419  354.841245    3.428174
   21   -6.018349    0.000202    1.220491  357.847794  354.475097    3.372697
   22   -6.018086    0.000181    0.754486  357.359598  353.964710    3.394888
   23   -6.018867    0.000193    0.177526  356.838115  353.498704    3.339411
   24   -6.018644    0.000202    3.095610  359.756100  356.416590    3.339510
   25   -6.018528    0.000183    2.618509  359.264205  355.909901    3.354304
   26   -6.018756    0.000199    2.097026  358.761214  355.425403    3.335812
   27   -6.016500    0.000252    1.631020  358.225037  354.819054    3.405983
   28   -6.018693    0.000215    1.087347  357.686911  354.286476    3.400436
   29   -6.018522    0.000207    0.610246  357.243096  353.875947    3.367150
   30   -6.018538    0.000187    0.133145  356.782639  353.432132    3.350506
   31   -6.018615    0.000188    3.040133  359.689528  356.338923    3.350605
   32   -6.017545    0.000233    2.496460  359.153251  355.810043    3.343209
   33   -6.018888    0.000193    2.008263  358.513517  355.018771    3.494746
   34   -6.018664    0.000197    1.475685  358.080798  354.685910    3.394888
   35   -6.019033    0.000213    1.042965  357.625886  354.208808    3.417079
   36   -6.017892    0.000188    0.521483  357.170976  353.820470    3.350506
   37   -6.018766    0.000196    0.011095  356.671684  353.332274    3.339411
   38   -6.018539    0.000208    2.884798  359.541589  356.198381    3.343209
   39   -6.018606    0.000224    2.374411  359.034901  355.695390    3.339510
   40   -6.018531    0.000198    1.875119  358.402563  354.930008    3.472556
   41   -6.017395    0.000247    1.353636  357.969844  354.586051    3.383792
   42   -6.018384    0.000188    0.920916  357.542671  354.164427    3.378244
   43   -6.018591    0.000213    0.343957  357.048927  353.753898    3.295029
   44   -6.018457    0.000207    3.250945  359.904038  356.557131    3.346907
   45   -6.018541    0.000195    2.773844  359.430636  356.087427    3.343208
   46   -6.017365    0.000234    2.318934  358.972027  355.625120    3.346907
   47   -6.018507    0.000212    1.797451  358.319348  354.841245    3.478103
   48   -6.018586    0.000173    1.309254  357.925462  354.541670    3.383792
   49   -6.018713    0.000209    0.798867  357.442813  354.086759    3.356054
   50   -6.017876    0.000181    0.277384  356.926878  353.576372    3.350506
   51   -6.017773    0.000212    3.206564  359.859657  356.512750    3.346907
   52   -6.017990    0.000219    2.718367  359.389952  356.061538    3.328415
   53   -6.017759    0.000198    2.307838  358.953534  355.599231    3.354304
   54   -6.017709    0.000203    1.819642  358.408111  354.996580    3.411531
   55   -6.015982    0.000242    1.375827  357.975392  354.574956    3.400436
   56   -6.017809    0.000201    0.865439  357.498290  354.131141    3.367149
   57   -6.017702    0.000230    0.466006  357.093309  353.720612    3.372697
   58   -6.018505    0.000219    3.306422  359.955817  356.605212    3.350605
   59   -6.018237    0.000193    2.829321  359.475017  356.120713    3.354304
   60   -6.017215    0.000264    2.285648  358.931344  355.577040    3.354304
   61   -6.018257    0.000213    1.775260  358.330443  354.885626    3.444817
   62   -6.017918    0.000204    1.320350  357.919915  354.519479    3.400436
   63   -6.017560    0.000226    0.843249  357.470552  354.097855    3.372697
   64   -6.017607    0.000219    0.343957  357.010093  353.676230    3.333864
   65   -6.018498    0.000195    3.239850  359.892943  356.546036    3.346907
   66   -6.018371    0.000221    2.696177  359.367762  356.039347    3.328415
   67   -6.018170    0.000204    2.196885  358.864772  355.532658    3.332113
   68   -6.018240    0.000213    1.764165  358.319348  354.874531    3.444817
   69   -6.016159    0.000239    1.220491  357.858890  354.497288    3.361601
   70   -6.017818    0.000227    0.787772  357.420622  354.053473    3.367150
   71   -6.017938    0.000227    0.299575  356.960164  353.620753    3.339411
   72   -6.017715    0.000211    3.217659  359.863355  356.509052    3.354304
   73   -6.018174    0.000240    2.718367  359.356666  355.994965    3.361701
   74   -6.016491    0.000254    2.252361  358.898057  355.543754    3.354304
   75   -6.018266    0.000205    1.686497  358.274967  354.863436    3.411531
   76   -6.018206    0.000201    1.231587  357.831152  354.430716    3.400435
   77   -6.018718    0.000215    0.654627  357.304121  353.953615    3.350506
   78   -6.018236    0.000201    0.177526  356.832567  353.487609    3.344958
   79   -6.018592    0.000184    3.006847  359.674734  356.342621    3.332113
   80   -6.018150    0.000216    2.563032  359.223522  355.884012    3.339510
   81   -6.018242    0.000216    2.030454  358.530160  355.029866    3.500294
   82   -6.018600    0.000198    1.586639  358.141822  354.697005    3.444817
   83   -6.017225    0.000202    1.065156  357.653625  354.242094    3.411531
   84   -6.019037    0.000204    0.532578  357.170976  353.809375    3.361602
   85   -6.018425    0.000194    0.066572  356.688328  353.310083    3.378244
   86   -6.018851    0.000193    2.895893  359.545288  356.194683    3.350605
   87   -6.018227    0.000209    2.429888  359.090378  355.750867    3.339510
   88   -6.016527    0.000244    1.963882  358.458041  354.952199    3.505842
   89   -6.018322    0.000223    1.420208  358.041964  354.663719    3.378244
   90   -6.018019    0.000213    0.932012  357.575958  354.219904    3.356054
   91   -6.017906    0.000208    0.521483  357.159881  353.798279    3.361602
   92   -6.017847    0.000204    0.088763  356.727162  353.365560    3.361601
   93   -6.017837    0.000186    3.006847  359.641448  356.276048    3.365399
   94   -6.018014    0.000194    2.496460  359.164347  355.832233    3.332113
   95   -6.018069    0.000188    2.052645  358.727929  355.403212    3.324716
   96   -6.018501    0.000210    1.619925  358.180656  354.741386    3.439269
   97   -6.017169    0.000196    1.120633  357.731293  354.341953    3.389340
   98   -6.018412    0.000176    0.610246  357.259740  353.909233    3.350507
   99   -6.018070    0.000197    0.188621  356.843662  353.498704    3.344959
  100   -6.018120    0.000197    3.062324  359.715417  356.368510    3.346907
  101   -6.017544    0.000194    2.629604  359.271602  355.913599    3.358002
  102   -6.015829    0.000279    2.174694  358.846279  355.517865    3.328415
  103   -6.017635    0.000190    1.775260  358.335991  354.896722    3.439269
  104   -6.017475    0.000203    1.287064  357.892176  354.497288    3.394888
  105   -6.017470    0.000192    0.898726  357.531577  354.164427    3.367150
  106   -6.017814    0.000212    0.366147  357.032284  353.698421    3.333863
  107   -6.016695    0.000792    1.320350  357.309669  353.298987    4.010682
  108   -6.017752    0.000199    2.873703  359.519399  356.165095    3.354304
  109   -6.017967    0.000213    2.385506  359.045996  355.706486    3.339510
  110   -6.017748    0.000185    1.986072  358.474683  354.963294    3.511389
  111   -6.016350    0.000210    1.486780  358.114083  354.741386    3.372697
  112   -6.017792    0.000188    1.054061  357.664721  354.275381    3.389340
  113   -6.017944    0.000198    0.643532  357.265287  353.887042    3.378245
  114   -6.017930    0.000174    0.133145  356.788186  353.443227    3.344959
  115   -6.018275    0.000175    3.062324  359.696925  356.331525    3.365399
  116   -6.016243    0.000237    2.618509  359.260507  355.902504    3.358002
  117   -6.017676    0.000175    2.152503  358.809294  355.466086    3.343209
  118   -6.017373    0.000188    1.764165  358.308252  354.852340    3.455912
  119   -6.017434    0.000204    1.298159  357.914367  354.530574    3.383792
  120   -6.017284    0.000205    0.887630  357.481647  354.075664    3.405983
  121   -6.016896    0.000221    0.477101  357.121047  353.764993    3.356054
  122   -6.017562    0.000192    0.022191  356.688328  353.354464    3.333864
  123   -6.017924    0.000211    2.929179  359.589669  356.250159    3.339510
  124   -6.017800    0.000197    2.452078  359.105171  355.758264    3.346907
  125   -6.016749    0.000193    2.085931  358.546803  355.007675    3.539128
  126   -6.017593    0.000195    1.575544  358.147370  354.719196    3.428174
  127   -6.017731    0.000190    1.176110  357.781222  354.386334    3.394888
  128   -6.017982    0.000207    0.632436  357.293025  353.953615    3.339410
  129   -6.017746    0.000203    0.299575  356.921331  353.543086    3.378244
  130   -6.016255    0.000249    3.228755  359.852260  356.475766    3.376495
  131   -6.017837    0.000201    2.685081  359.352968  356.020855    3.332113
  132   -6.017986    0.000206    2.241266  358.898058  355.554849    3.343208
  133   -6.017513    0.000208    1.797451  358.330444  354.863436    3.467008
  134   -6.017644    0.000197    1.320350  357.936558  354.552765    3.383792
  135   -6.016677    0.000214    0.887630  357.537124  354.186618    3.350506
  136   -6.017236    0.000220    0.488197  357.121048  353.753898    3.367150
  137   -6.017234    0.000216    0.066572  356.716066  353.365560    3.350506
  138   -6.017212    0.000216    3.006847  359.656242  356.305637    3.350605
  139   -6.016523    0.000214    2.496460  359.156950  355.817440    3.339510
  140   -6.017351    0.000214    2.074835  358.746420  355.418006    3.328415
  141   -6.017484    0.000228    1.586639  358.202846  354.819054    3.383792
  142   -6.017330    0.000203    1.165015  357.770127  354.375239    3.394888
  143   -6.017186    0.000220    0.743390  357.365146  353.986901    3.378244
  144   -6.015388    0.000294    0.221908  356.910235  353.598563    3.311672
  145   -6.016844    0.000259    3.184373  359.830069  356.475765    3.354304
  146   -6.017316    0.000239    2.807130  359.438032  356.068935    3.369098
  147   -6.017157    0.000237    2.274552  358.946137  355.617723    3.328415
  148   -6.016919    0.000211    1.841833  358.369278  354.896722    3.472555
  149   -6.016420    0.000201    1.442399  358.003130  354.563860    3.439270
  150   -6.017107    0.000203    0.909821  357.553767  354.197713    3.356054
  151   -6.017129    0.000208    0.499292  357.121048  353.742803    3.378245
  152   -6.017170    0.000187    0.022191  356.693875  353.365560    3.328316
  153   -6.015751    0.000188    2.962466  359.611860  356.261255    3.350606
  154   -6.017271    0.000190    2.529746  359.182839  355.835932    3.346907
