    1   -6.021572    0.000175    1.209396  357.858890  354.508383    3.350507
    2   -6.021220    0.000191    0.610246  357.287478  353.964710    3.322768
    3   -6.021290    0.000189    0.033286  356.721613  353.409941    3.311672
    4   -6.020989    0.000239    2.773844  359.434334  356.094824    3.339510
    5   -6.022341    0.000201    2.074835  358.761214  355.447594    3.313621
    6   -6.022263    0.000176    1.486780  358.108536  354.730291    3.378244
    7   -6.022440    0.000208    0.765581  357.465004  354.164427    3.300577
    8   -6.022087    0.000181    0.166431  356.821472  353.476513    3.344959
    9   -6.022802    0.000191    2.840416  359.530494  356.220572    3.309922
   10   -6.023232    0.000174    2.185789  358.857374  355.528960    3.328415
   11   -6.022353    0.000210    1.542257  358.158465  354.774673    3.383792
   12   -6.022299    0.000165    0.932012  357.575958  354.219904    3.356054
   13   -6.020709    0.000211    0.288480  356.954616  353.620753    3.333864
   14   -6.022443    0.000182    3.017942  359.678432  356.338922    3.339510
   15   -6.023027    0.000200    2.330029  358.990519  355.651009    3.339510
   16   -6.022326    0.000208    1.675402  358.263871  354.852340    3.411531
   17   -6.022265    0.000220    0.965298  357.636983  354.308667    3.328316
   18   -6.021648    0.000275    0.366147  357.010093  353.654039    3.356054
   19   -6.022594    0.000201    3.006847  359.674734  356.342621    3.332113
   20   -6.023080    0.000190    2.330029  358.994217  355.658406    3.335812
   21   -6.022385    0.000209    1.642116  358.241681  354.841245    3.400435
   22   -6.022862    0.000183    0.987489  357.636983  354.286476    3.350506
   23   -6.022362    0.000214    0.366147  357.060023  353.753898    3.306125
   24   -6.022409    0.000198    3.095610  359.770894  356.446177    3.324716
   25   -6.022542    0.000177    2.429888  359.112569  355.795249    3.317319
   26   -6.022804    0.000202    1.708688  358.286062  354.863436    3.422626
   27   -6.021387    0.000213    1.020775  357.681364  354.341953    3.339411
   28   -6.023555    0.000222    0.321766  357.010093  353.698421    3.311673
   29   -6.023902    0.000213    3.062324  359.719115  356.375907    3.343209
   30   -6.022544    0.000223    2.385506  359.057091  355.728677    3.328415
   31   -6.023348    0.000186    1.686497  358.302705  354.918912    3.383793
   32   -6.021106    0.000255    0.998584  357.670269  354.341953    3.328316
   33   -6.023040    0.000203    0.299575  356.998998  353.698421    3.300577
   34   -6.023042    0.000202    2.995752  359.682131  356.368510    3.313621
   35   -6.022612    0.000190    2.307838  358.994217  355.680597    3.313621
   36   -6.023137    0.000223    1.586639  358.191751  354.796863    3.394888
   37   -6.022464    0.000221    0.976393  357.620339  354.264285    3.356054
   38   -6.023023    0.000176    0.244098  356.932426  353.620753    3.311673
   39   -6.023367    0.000210    2.929179  359.611860  356.294541    3.317319
   40   -6.022785    0.000193    2.263457  358.935042  355.606628    3.328415
   41   -6.022064    0.000177    1.564448  358.164013  354.763577    3.400435
   42   -6.022618    0.000197    0.887630  357.542671  354.197713    3.344958
   43   -6.023074    0.000208    0.244098  356.904687  353.565276    3.339411
   44   -6.022948    0.000220    2.918084  359.604463  356.290843    3.313621
   45   -6.022549    0.000204    2.196885  358.886962  355.577040    3.309923
   46   -6.020973    0.000257    1.542257  358.169560  354.796863    3.372697
   47   -6.022623    0.000202    0.854344  357.531576  354.208808    3.322768
   48   -6.022331    0.000177    0.188621  356.860305  353.531990    3.328316
   49   -6.022842    0.000166    2.929179  359.589669  356.250159    3.339510
   50   -6.022668    0.000165    2.307838  358.968328  355.628818    3.339510
   51   -6.022477    0.000202    1.553353  358.180656  354.807959    3.372697
   52   -6.022949    0.000175    0.887630  357.542671  354.197713    3.344958
   53   -6.022908    0.000159    0.188621  356.871401  353.554181    3.317220
   54   -6.023301    0.000205    2.818226  359.515700  356.213174    3.302526
   55   -6.022582    0.000240    2.108122  358.809295  355.510468    3.298827
   56   -6.023694    0.000183    1.442399  358.047511  354.652623    3.394888
   57   -6.022929    0.000170    0.710104  357.381788  354.053473    3.328316
   58   -6.024098    0.000176    0.011095  356.660589  353.310083    3.350506
   59   -6.023838    0.000183    2.629604  359.286396  355.943187    3.343208
   60   -6.022144    0.000231    1.886214  358.397016  354.907817    3.489198
   61   -6.023543    0.000180    1.187205  357.847794  354.508383    3.339411
   62   -6.023499    0.000211    0.421624  357.093309  353.764993    3.328316
   63   -6.022918    0.000193    3.151087  359.796783  356.442479    3.354304
   64   -6.023719    0.000191    2.429888  359.094076  355.758265    3.335812
   65   -6.023271    0.000200    1.686497  358.252775  354.819054    3.433722
   66   -6.023161    0.000215    0.920916  357.559315  354.197713    3.361601
   67   -6.023785    0.000186    0.188621  356.854758  353.520895    3.333863
   68   -6.022861    0.000226    2.829321  359.515700  356.202079    3.313621
   69   -6.022301    0.000184    2.152503  358.827787  355.503070    3.324716
   70   -6.023056    0.000214    1.431304  358.075250  354.719196    3.356054
   71   -6.023191    0.000194    0.743390  357.420623  354.097855    3.322767
   72   -6.022902    0.000208    0.022191  356.727161  353.432132    3.295029
   73   -6.023107    0.000199    2.729463  359.412144  356.094824    3.317319
   74   -6.021209    0.000231    2.085931  358.750119  355.414308    3.335812
   75   -6.023319    0.000218    1.420208  358.030868  354.641528    3.389340
   76   -6.023174    0.000208    0.665723  357.331860  353.997996    3.333864
   77   -6.023914    0.000225    3.206564  359.900340  356.594116    3.306224
   78   -6.023884    0.000204    2.585223  359.245713  355.906203    3.339510
   79   -6.023544    0.000177    1.797451  358.363729  354.930008    3.433722
   80   -6.024097    0.000182    0.998584  357.675816  354.353048    3.322768
   81   -6.023929    0.000166    0.266289  356.960164  353.654039    3.306125
   82   -6.024044    0.000188    2.951370  359.611860  356.272350    3.339510
   83   -6.024220    0.000204    2.152503  358.842581  355.532659    3.309922
   84   -6.024022    0.000197    1.464590  358.075250  354.685910    3.389340
   85   -6.023630    0.000220    0.687913  357.354050  354.020187    3.333863
   86   -6.023985    0.000175   -0.022191  356.682780  353.387750    3.295029
   87   -6.024190    0.000176    2.563032  359.264205  355.965378    3.298827
   88   -6.022255    0.000221    1.864023  358.397016  354.930008    3.467007
   89   -6.023649    0.000183    1.109538  357.775674  354.441811    3.333864
   90   -6.024368    0.000196    0.399434  357.087761  353.776089    3.311672
   91   -6.024534    0.000218    3.017942  359.700623  356.383304    3.317319
   92   -6.024362    0.000174    2.285648  358.975725  355.665803    3.309923
   93   -6.022290    0.000190    1.597734  358.197298  354.796863    3.400436
   94   -6.023766    0.000202    0.821058  357.492742  354.164427    3.328316
   95   -6.023674    0.000202    0.099858  356.782638  353.465418    3.317220
   96   -6.024132    0.000203    2.662890  359.360365  356.057839    3.302525
   97   -6.023706    0.000196    1.997168  358.672452  355.347735    3.324716
   98   -6.023692    0.000222    1.220491  357.892176  354.563860    3.328316
   99   -6.024145    0.000211    0.477101  357.165428  353.853756    3.311673
  100   -6.023925    0.000203    3.106705  359.774592  356.442479    3.332113
  101   -6.024076    0.000186    2.385506  359.045996  355.706486    3.339510
  102   -6.022100    0.000217    1.653211  358.247228  354.841245    3.405983
  103   -6.024408    0.000211    0.832153  357.509386  354.186618    3.322767
  104   -6.024741    0.000214    0.122049  356.793734  353.465418    3.328316
  105   -6.024583    0.000204    2.651795  359.334476  356.017156    3.317319
  106   -6.024131    0.000216    1.897309  358.424754  354.952199    3.472555
  107   -6.023069    0.000270    1.131728  357.786769  354.441811    3.344959
  108   -6.024341    0.000187    0.343957  357.037832  353.731707    3.306125
  109   -6.024492    0.000201    2.962466  359.645147  356.327827    3.317319
  110   -6.024385    0.000192    2.207980  358.894359  355.580738    3.313621
  111   -6.024341    0.000319    1.375827  358.014225  354.652623    3.361602
  112   -6.024652    0.000270    0.599150  357.287478  353.975805    3.311673
  113   -6.024567    0.000195    3.206564  359.863355  356.520147    3.343209
  114   -6.024530    0.000188    2.452078  359.119965  355.787852    3.332113
  115   -6.024497    0.000181    1.619925  358.247228  354.874531    3.372697
  116   -6.023813    0.000178    0.932012  357.564863  354.197713    3.367149
  117   -6.024836    0.000198    0.055477  356.777090  353.498704    3.278387
  118   -6.024755    0.000218    2.685081  359.360365  356.035648    3.324716
  119   -6.024278    0.000205    1.875119  358.572593  355.270067    3.302526
  120   -6.024635    0.000204    1.076252  357.742389  354.408525    3.333864
  121   -6.023200    0.000258    0.355052  357.015641  353.676230    3.339411
  122   -6.024791    0.000215    2.929179  359.604463  356.279747    3.324716
  123   -6.024909    0.000174    2.130312  358.809294  355.488277    3.321018
  124   -6.025249    0.000195    1.364731  357.992034  354.619337    3.372697
  125   -6.025502    0.000208    0.488197  357.187619  353.887042    3.300578
  126   -6.024915    0.000180    3.151087  359.818974  356.486861    3.332113
  127   -6.025353    0.000203    2.307838  359.001614  355.695391    3.306224
  128   -6.025744    0.000178    1.553353  358.169560  354.785768    3.383792
  129   -6.025997    0.000204    0.732295  357.403979  354.075664    3.328316
  130   -6.023250    0.000496    0.754486  357.026736  353.298987    3.727749
  131   -6.024954    0.000181    2.507555  359.201331  355.895107    3.306224
  132   -6.026067    0.000205    1.631020  358.225037  354.819054    3.405983
  133   -6.025730    0.000225    0.843249  357.514933  354.186618    3.328316
  134   -6.025173    0.000202    0.033286  356.716066  353.398846    3.317220
  135   -6.023806    0.000264    2.607414  359.271602  355.935791    3.335812
  136   -6.025336    0.000196    1.786356  358.341539  354.896722    3.444817
  137   -6.025534    0.000190    0.965298  357.598148  354.230999    3.367150
  138   -6.025327    0.000170    0.133145  356.799282  353.465418    3.333864
  139   -6.025619    0.000208    2.696177  359.360365  356.024554    3.335812
  140   -6.024902    0.000240    1.852928  358.402563  354.952199    3.450365
  141   -6.025113    0.000180    1.009679  357.681363  354.353048    3.328316
  142   -6.025106    0.000199    0.255194  356.937973  353.620753    3.317221
  143   -6.025452    0.000174    2.840416  359.526795  356.213175    3.313621
  144   -6.024158    0.000176    2.041549  358.713134  355.384720    3.328415
  145   -6.025734    0.000163    1.220491  357.853342  354.486193    3.367149
  146   -6.025502    0.000171    0.366147  357.048927  353.731707    3.317220
  147   -6.025970    0.000187    2.884798  359.567479  356.250159    3.317319
  148   -6.025587    0.000154    2.074835  358.742722  355.410609    3.332113
  149   -6.025362    0.000224    1.087347  357.759031  354.430716    3.328316
  150   -6.026485    0.000184    0.277384  356.949069  353.620753    3.328316
  151   -6.025571    0.000205    2.829321  359.482414  356.135507    3.346907
  152   -6.024870    0.000208    1.997168  358.463588  354.930008    3.533580
  153   -6.025242    0.000199    1.165015  357.820056  354.475097    3.344959
  154   -6.024089    0.000217    0.332861  356.993450  353.654039    3.339411
