    1   -6.016122    0.000214    0.621341  357.243096  353.864852    3.378244
    2   -6.016494    0.000196    0.244098  356.882497  353.520895    3.361602
    3   -6.015742    0.000186    3.217659  359.874451  356.531242    3.343208
    4   -6.016317    0.000198    2.895893  359.541589  356.187286    3.354304
    5   -6.016111    0.000196    2.507555  359.153251  355.798947    3.354304
    6   -6.016789    0.000216    2.152503  358.790802  355.429101    3.361701
    7   -6.016953    0.000205    1.730879  358.274967  354.819054    3.455912
    8   -6.015743    0.000239    1.209396  357.814508  354.419620    3.394888
    9   -6.017582    0.000189    0.865439  357.470551  354.075664    3.394887
   10   -6.017719    0.000195    0.399434  357.032285  353.665135    3.367149
   11   -6.013906    0.001888    3.284232  358.274967  353.265701    5.009265
   12   -6.017209    0.000215    2.840416  359.500906  356.161396    3.339510
   13   -6.016029    0.000235    2.507555  359.149553  355.791550    3.358002
   14   -6.016236    0.000210    2.130312  358.776008  355.421705    3.354304
   15   -6.016672    0.000205    1.730879  358.286062  354.841245    3.444817
   16   -6.016780    0.000196    1.353636  357.969844  354.586051    3.383792
   17   -6.015757    0.000206    0.998584  357.620339  354.242094    3.378245
   18   -6.016526    0.000195    0.621341  357.259740  353.898138    3.361601
   19   -6.016806    0.000206    0.221908  356.882497  353.543086    3.339411
   20   -6.016662    0.000185    3.206564  359.867054  356.527544    3.339510
   21   -6.016344    0.000187    2.796035  359.456525  356.117015    3.339510
   22   -6.014361    0.000235    2.474269  359.123664  355.773059    3.350605
   23   -6.016355    0.000178    2.097026  358.546803  354.996580    3.550223
   24   -6.016288    0.000160    1.741974  358.291609  354.841245    3.450365
   25   -6.016082    0.000202    1.420208  358.003130  354.586051    3.417079
   26   -6.016236    0.000201    1.009679  357.609243  354.208808    3.400436
   27   -6.015502    0.000222    0.610246  357.254192  353.898138    3.356054
   28   -6.016214    0.000193    0.210812  356.871401  353.531990    3.339411
   29   -6.016858    0.000198    3.239850  359.874451  356.509051    3.365399
   30   -6.016804    0.000170    2.807130  359.471318  356.135507    3.335812
   31   -6.016745    0.000185    2.429888  359.090378  355.750867    3.339510
   32   -6.016701    0.000194    2.019359  358.496874  354.974389    3.522485
   33   -6.016562    0.000185    1.631020  358.191751  354.752482    3.439269
   34   -6.016379    0.000188    1.309254  357.897723  354.486193    3.411530
   35   -6.016196    0.000200    0.920916  357.553767  354.186618    3.367149
   36   -6.015269    0.000193    0.532578  357.159881  353.787184    3.372697
   37   -6.016233    0.000197    0.110954  356.815924  353.520895    3.295029
   38   -6.016572    0.000195    3.162182  359.811577  356.460972    3.350605
   39   -6.016315    0.000208    2.773844  359.441731  356.109618    3.332113
   40   -6.017040    0.000197    2.385506  359.049694  355.713883    3.335812
   41   -6.015663    0.000226    1.963882  358.463588  354.963294    3.500294
   42   -6.017158    0.000199    1.553353  358.136275  354.719196    3.417079
   43   -6.017033    0.000205    1.109538  357.714650  354.319762    3.394888
   44   -6.016680    0.000206    0.721199  357.331859  353.942519    3.389340
   45   -6.016692    0.000200    0.310671  356.954617  353.598563    3.356054
   46   -6.016963    0.000201    3.273136  359.922531  356.571926    3.350605
   47   -6.017630    0.000187    2.818226  359.463922  356.109618    3.354304
   48   -6.017335    0.000205    2.396601  359.045996  355.695391    3.350605
   49   -6.017636    0.000229    1.919500  358.435850  354.952199    3.483650
   50   -6.016382    0.000206    1.464590  358.058606  354.652623    3.405983
   51   -6.018296    0.000201    0.976393  357.598148  354.219904    3.378244
   52   -6.017136    0.000192    0.565864  357.215358  353.864852    3.350506
   53   -6.017230    0.000204    0.099858  356.777090  353.454323    3.322767
   54   -6.017773    0.000192    3.040133  359.689528  356.338923    3.350605
   55   -6.016505    0.000275    2.596318  359.242014  355.887710    3.354304
   56   -6.017375    0.000204    2.108122  358.787104  355.466086    3.321018
   57   -6.017055    0.000205    1.708688  358.263871  354.819054    3.444817
   58   -6.016804    0.000197    1.342541  357.931010  354.519479    3.411531
   59   -6.016696    0.000217    0.876535  357.509386  354.142236    3.367149
   60   -6.017091    0.000207    0.543673  357.165429  353.787184    3.378244
   61   -6.017692    0.000183    0.066572  356.693875  353.321178    3.372697
   62   -6.017551    0.000204    2.995752  359.648845  356.301938    3.346907
   63   -6.018071    0.000188    2.496460  359.156950  355.817440    3.339510
   64   -6.016586    0.000174    2.041549  358.485778  354.930008    3.555771
   65   -6.017317    0.000215    1.631020  358.158465  354.685910    3.472555
   66   -6.017440    0.000200    1.131728  357.720198  354.308667    3.411530
   67   -6.017213    0.000198    0.732295  357.354050  353.975805    3.378245
   68   -6.018134    0.000190    0.266289  356.888044  353.509800    3.378244
   69   -6.016819    0.000254    3.184373  359.826371  356.468368    3.358002
   70   -6.018460    0.000177    2.629604  359.290094  355.950584    3.339510
   71   -6.018491    0.000207    2.130312  358.809294  355.488277    3.321018
   72   -6.018132    0.000206    1.664307  358.241681  354.819054    3.422627
   73   -6.018505    0.000191    1.198301  357.836699  354.475097    3.361602
   74   -6.017951    0.000229    0.743390  357.409527  354.075664    3.333863
   75   -6.018124    0.000200    0.299575  356.976807  353.654039    3.322768
   76   -6.018293    0.000192    3.273136  359.926229  356.579322    3.346907
   77   -6.018205    0.000181    2.773844  359.452826  356.131809    3.321018
   78   -6.017053    0.000199    2.440983  359.097774  355.754566    3.343209
   79   -6.018775    0.000212    1.908405  358.430302  354.952199    3.478103
   80   -6.018982    0.000196    1.453494  358.058606  354.663719    3.394887
   81   -6.019376    0.000185    0.932012  357.564863  354.197713    3.367149
   82   -6.019776    0.000217    0.355052  357.004546  353.654039    3.350506
   83   -6.019104    0.000251    3.206564  359.863355  356.520147    3.343209
   84   -6.019716    0.000194    2.629604  359.304888  355.980172    3.324716
   85   -6.019354    0.000194    2.130312  358.790802  355.451292    3.339510
   86   -6.019250    0.000195    1.675402  358.247228  354.819054    3.428174
   87   -6.019272    0.000212    1.142824  357.770127  354.397430    3.372697
   88   -6.018917    0.000248    0.599150  357.248644  353.898138    3.350506
   89   -6.019796    0.000197    0.088763  356.721613  353.354464    3.367149
   90   -6.018947    0.000233    2.951370  359.611860  356.272350    3.339510
   91   -6.019380    0.000207    2.452078  359.119965  355.787852    3.332113
   92   -6.018087    0.000170    1.986072  358.469135  354.952199    3.516937
   93   -6.019514    0.000198    1.453494  358.086345  354.719196    3.367149
   94   -6.019212    0.000195    0.954202  357.598148  354.242094    3.356054
   95   -6.019574    0.000190    0.432720  357.109952  353.787184    3.322768
   96   -6.017158    0.001250    2.141408  357.714650  353.287892    4.426758
   97   -6.018204    0.000246    2.751653  359.419540  356.087427    3.332113
   98   -6.019632    0.000178    2.263457  358.935042  355.606628    3.328415
   99   -6.019278    0.000201    1.764165  358.358182  354.952199    3.405983
  100   -6.019700    0.000188    1.187205  357.814508  354.441811    3.372697
  101   -6.019613    0.000214    0.654627  357.315216  353.975805    3.339411
  102   -6.019382    0.000231    0.088763  356.777090  353.465418    3.311672
  103   -6.019410    0.000186    2.995752  359.645146  356.294541    3.350606
  104   -6.019400    0.000186    2.496460  359.145854  355.795249    3.350606
  105   -6.019116    0.000199    1.974977  358.491326  355.007675    3.483651
  106   -6.018359    0.000175    1.497876  358.102988  354.708100    3.394888
  107   -6.019592    0.000191    0.976393  357.625887  354.275381    3.350506
  108   -6.019744    0.000190    0.432720  357.098857  353.764993    3.333864
  109   -6.019589    0.000190    3.262041  359.929928  356.597814    3.332113
  110   -6.019540    0.000176    2.718367  359.397349  356.076332    3.321018
  111   -6.017734    0.000232    2.252361  358.935042  355.617723    3.317319
  112   -6.019578    0.000199    1.741974  358.297157  354.852340    3.444817
  113   -6.019535    0.000199    1.176110  357.797865  354.419620    3.378245
  114   -6.019940    0.000185    0.632436  357.298573  353.964710    3.333863
  115   -6.019779    0.000187    0.144240  356.804829  353.465418    3.339411
  116   -6.018870    0.000224    2.962466  359.626654  356.290843    3.335812
  117   -6.020169    0.000189    2.463174  359.134759  355.806345    3.328415
  118   -6.019976    0.000205    1.908405  358.469135  355.029866    3.439269
  119   -6.019886    0.000186    1.342541  357.980939  354.619337    3.361602
  120   -6.019238    0.000177    0.809963  357.476100  354.142236    3.333863
  121   -6.020270    0.000171    0.244098  356.910235  353.576372    3.333863
  122   -6.020166    0.000210    3.106705  359.789386  356.472067    3.317319
  123   -6.020056    0.000198    2.563032  359.230919  355.898806    3.332113
  124   -6.019870    0.000197    1.986072  358.502421  355.018771    3.483651
  125   -6.018783    0.000225    1.464590  358.058606  354.652623    3.405983
  126   -6.019611    0.000211    0.920916  357.564862  354.208808    3.356054
  127   -6.019820    0.000209    0.388338  357.071118  353.753898    3.317220
  128   -6.019495    0.000198    3.217659  359.889244  356.560830    3.328415
  129   -6.019848    0.000203    2.729463  359.401048  356.072634    3.328415
  130   -6.019103    0.000220    2.152503  358.824088  355.495674    3.328415
  131   -6.020202    0.000182    1.653211  358.252775  354.852340    3.400435
  132   -6.020814    0.000207    1.054061  357.714650  354.375239    3.339411
  133   -6.020784    0.000204    0.510387  357.187619  353.864852    3.322767
  134   -6.020073    0.000189    0.022191  356.666137  353.310083    3.356054
  135   -6.020605    0.000197    2.807130  359.463922  356.120713    3.343208
  136   -6.020888    0.000186    2.185789  358.868470  355.551150    3.317319
  137   -6.020784    0.000206    1.619925  358.241681  354.863436    3.378244
  138   -6.021743    0.000207    1.054061  357.714650  354.375239    3.339411
  139   -6.019517    0.000218    0.510387  357.182072  353.853756    3.328316
  140   -6.021779    0.000221    3.184373  359.874451  356.564529    3.309922
  141   -6.022020    0.000226    2.563032  359.249411  355.935790    3.313621
  142   -6.021572    0.000187    2.041549  358.519065  354.996580    3.522485
  143   -6.021199    0.000203    1.420208  358.053059  354.685910    3.367149
  144   -6.019341    0.000257    0.843249  357.498290  354.153331    3.344959
  145   -6.020694    0.000184    0.310671  356.993450  353.676230    3.317221
  146   -6.021019    0.000181    3.106705  359.789386  356.472067    3.317319
  147   -6.021342    0.000175    2.518651  359.205030  355.891409    3.313621
  148   -6.021409    0.000203    1.941691  358.469135  354.996580    3.472555
  149   -6.021400    0.000208    1.342541  357.980939  354.619337    3.361602
  150   -6.021119    0.000177    0.754486  357.437265  354.120045    3.317220
  151   -6.021170    0.000178    0.166431  356.865853  353.565276    3.300578
  152   -6.020970    0.000179    2.940275  359.630353  356.320431    3.309922
  153   -6.019798    0.000196    2.396601  359.075583  355.754566    3.321018
