   57.940058
   54.555968
   51.182973
   47.754502
   44.414793
   41.041799
   37.657709
   34.351287
   30.867338
   27.594202
   24.187921
   20.803831
   17.508505
   14.068938
   10.718134
    7.322949
    3.949954
    0.610246
  357.270835
  353.931424
  350.680479
  347.285293
  344.001062
  340.550400
  337.210691
  333.848792
  330.453607
  327.124994
  323.707618
  320.379005
  317.006010
  313.588634
  310.271116
  306.898122
  303.491841
  300.185419
  296.723661
  293.395048
  289.977672
  286.626868
  283.287160
  279.891975
  276.485694
  273.157081
  269.728610
  266.388901
  263.004811
  259.665103
  256.314299
  252.896923
  249.535024
  246.173125
  242.789035
  239.471517
  236.020855
  232.670051
  229.285961
  225.868585
  222.539972
  219.122596
  215.771792
  212.365512
  208.859373
  205.597332
  202.146670
  198.784770
  195.500539
  192.183021
  188.754550
  185.392651
  182.041847
  178.713234
  175.240381
  171.933959
  168.538773
  165.154683
  161.781689
  158.375408
  155.024604
  151.651610
  148.289711
  144.927812
  141.577008
  138.170727
  134.775542
  131.402547
  128.085030
  124.689844
  121.327945
  117.943855
  114.515384
  111.220057
  107.791585
  104.474068
  101.067787
   97.672602
   94.310703
   90.948803
   87.575809
   84.236101
   80.807629
   77.479016
   74.050545
   70.733027
   67.348937
   63.920466
   60.647329
   57.218858
   53.879150
   50.483964
   47.088779
   43.749071
   40.342790
   36.980891
   33.607896
   30.201616
   26.895193
   23.477817
   20.115918
   16.787305
   13.336643
   10.052411
    6.635035
    3.306422
  359.966912
  356.627402
  353.287892
  350.025851
  346.652857
  343.235481
  339.851391
  336.533873
  333.138688
  329.810075
  326.425985
  323.030800
  319.713282
  316.307001
  312.967293
  309.538821
  306.199113
  302.826118
  299.430933
  296.046843
  292.696039
  289.278663
  285.927860
  282.554865
  279.192966
  275.842162
  272.402595
  269.096173
  265.689892
  262.361279
  258.999380
  255.559813
  252.209010
  248.836015
  245.463021
  242.145503
  238.705936
  235.355132
  231.971042
  228.598048
  225.258339
  221.818773
  218.479064
  215.094974
  211.721980
  208.371176
  204.964895
  201.602996
  198.218906
  194.868102
  191.517299
  188.088827
  184.749119
  181.387220
  177.958748
  174.652326
  171.212759
  167.861955
  164.477865
  161.082680
  157.765162
  154.347786
  150.985887
  147.579607
  144.195517
  140.922380
  137.482814
  134.143105
  130.770111
  127.363830
  124.046312
  120.606746
  117.289228
  113.882947
  110.465571
  107.148054
  103.752868
  100.368778
   97.073451
   93.600599
   90.305272
   86.932277
   83.514901
   80.186288
   76.757817
   73.440299
   70.078400
   66.683214
   63.354601
   59.926130
   56.553135
   53.202332
   49.773860
   46.456343
   43.061157
   39.688163
   36.304073
   32.908888
   29.602465
   26.162898
   22.845381
   19.472386
   16.099392
   12.715302
    9.364498
    6.002599
    2.640700
  359.312285
  355.983871
  352.655456
  349.315747
  345.998230
  342.569758
  339.241145
  335.823769
  332.484061
  329.144352
  325.726976
  322.365077
  319.047559
  315.619088
  312.301570
  308.873099
  305.555581
  302.171491
  298.743020
  295.458788
  292.008126
  288.646227
  285.273232
  281.900238
  278.538339
  275.154249
  271.792350
  268.430450
  265.057456
  261.684461
  258.289276
  254.960663
  251.554382
  248.159197
  244.886061
  241.368826
  238.062404
  234.656124
  231.316415
  227.965611
  224.526045
  221.130859
  217.813342
  214.362679
  211.078448
  207.672167
  204.299173
  200.937273
  197.519897
  194.202380
  190.807194
  187.434200
  184.061205
  180.688211
  177.326312
  173.942222
  170.535941
  167.218423
  163.767761
  160.450244
  157.032868
  153.670968
  150.320165
  146.891693
  143.596366
  140.190086
  136.794900
  133.433001
  130.060007
  126.698107
  123.336208
  119.896641
  116.601315
  113.161748
  109.822039
  106.426854
  103.020573
   99.714151
   96.296775
   92.923781
   89.595167
   86.166696
   82.838083
   79.453993
   76.103189
   72.708004
   69.335009
   66.006396
   62.577925
   59.238217
   55.865222
   52.392369
   49.163615
   45.690762
   42.362149
   38.955868
   35.582873
   32.265356
   28.836884
   25.497176
   22.135277
   18.728996
   15.389288
   12.016293
    8.632203
    5.281399
    1.875119
  358.408111
  354.941103
  351.956447
  348.627834
  345.254839
  341.915131
  338.531041
  335.180237
  331.751766
  328.389867
  325.050158
  321.666068
  318.281978
  314.964461
  311.502703
  308.218472
  304.790000
  301.428101
  298.077297
  294.659921
  291.298022
  287.947218
  284.574224
  281.190134
  277.806044
  274.433049
  271.104436
  267.720346
  264.336256
  260.918880
  257.601363
  254.239464
  250.866469
  247.471284
  244.098289
  240.758581
  237.374491
  233.979306
  230.639597
  227.200030
  223.860322
  220.498423
  217.092142
  213.730243
  210.323962
  207.006445
  203.644545
  200.193883
  196.909652
  193.503371
  190.163663
  186.779573
  183.395483
  180.011393
  176.638398
  173.254308
  169.914600
  166.519415
  163.124229
  159.817807
  156.378240
  153.016341
  149.621156
  146.303638
  142.875167
  139.513268
  136.173559
  132.789469
  129.416475
  126.076766
  122.637200
  119.319682
  115.946687
  112.540407
  109.189603
  105.783322
  102.432518
   99.048429
   95.653243
   92.280249
   88.918350
   85.534260
   82.183456
   78.754984
   75.459657
   72.053377
   68.691478
   65.318483
   61.890012
   58.583589
   55.155118
   51.848696
   48.431320
   45.036134
   41.652044
   38.345622
   34.861674
   31.566347
   28.160066
   24.831453
   21.458459
   18.029987
   14.712470
   11.295094
    7.988671
    4.615677
    1.242682
  357.892176
  354.541670
  351.224152
  347.951016
  344.578021
  341.182836
  337.909700
  334.447942
  331.097138
  327.690858
  324.340054
  321.000346
  317.627351
  314.221070
  310.903553
  307.486177
  304.135373
  300.740188
  297.345002
  293.983103
  290.599013
  287.248209
  283.897406
  280.491125
  277.095940
  273.789517
  270.349951
  267.054624
  263.626152
  260.275349
  256.869068
  253.518264
  250.200746
  246.750084
  243.443662
  240.037381
  236.653291
  233.291392
  229.907302
  226.512117
  223.216790
  219.743937
  216.415324
  213.009043
  209.636049
  206.307436
  202.901155
  199.539256
  196.177357
  192.782172
  189.453559
  186.080564
  182.696474
  179.390052
  175.906103
  172.588586
  169.204496
  165.787120
  162.436316
  159.063322
  155.701422
  152.350619
  148.977624
  145.582439
  142.198349
  138.814259
  135.507837
  132.068270
  128.739657
  125.388853
  121.971477
  118.620673
  115.236583
  111.830303
  108.479499
  105.095409
  101.700224
   98.371611
   94.943139
   91.581240
   88.197150
   84.824155
   81.528829
   78.100357
   74.738458
   71.365463
   67.981374
   64.608379
   61.257575
   57.851295
   54.522681
   51.049829
   47.765597
   44.348221
   40.975226
   37.613327
   34.207047
   30.845147
   27.483248
   24.121349
   20.726164
   17.364265
   13.980175
   10.651562
    7.211995
    3.938859
    0.499292
  357.187619
  353.875947
  350.547334
  347.263102
  343.834631
  340.494923
  337.188500
  333.748934
  330.375939
  327.069517
  323.607759
  320.323528
  316.895056
  313.510966
  310.193449
  306.798263
  303.414173
  300.052274
  296.668184
  293.317381
  289.922195
  286.549201
  283.209492
  279.758830
  276.463503
  273.023936
  269.684228
  266.333424
  262.927144
  259.598531
  256.192250
  252.797065
  249.490642
  246.084362
  242.678081
  239.382754
  235.932092
  232.581288
  229.186103
  225.835299
  222.473400
  219.056024
  215.705220
  212.354416
  208.925945
  205.619522
  202.213242
  198.818057
  195.556016
  192.094258
  188.743454
  185.348269
  181.997465
  178.646662
  175.273667
  171.878482
  168.494392
  165.077016
  161.726212
  158.364313
  154.969127
  151.662705
  148.212043
  144.916716
  141.477149
  138.148536
  134.797733
  131.391452
  128.029553
  124.634367
  121.272468
  117.899474
  114.537575
  111.131294
  107.769395
  104.363114
  101.012310
   97.594934
   94.266321
   90.893327
   87.509237
   84.147337
   80.729961
   77.423539
   74.072735
   70.666455
   67.293460
   63.909370
   60.514185
   57.163381
   53.768196
   50.406297
   47.044398
   43.615926
   40.298408
   36.858842
   33.552419
   30.179425
   26.773144
   23.422340
   20.060441
   16.643065
   13.325548
    9.930362
    6.546272
    3.228755
  359.885546
  356.542338
  353.199129
  349.870516
  346.552998
  343.168908
  339.784819
  336.445110
  333.038829
  329.732407
  326.337222
  322.919846
  319.591233
  316.196047
  312.834148
  309.472249
  306.077064
  302.726260
  299.353266
  295.924794
  292.618372
  289.178805
  285.850192
  282.443911
  279.082012
  275.720113
  272.336023
  268.974124
  265.578939
  262.217039
  258.877331
  255.471050
  252.098056
  248.813824
  245.363162
  242.001263
  238.628268
  235.221988
  231.893375
  228.464903
  225.136290
  221.730010
  218.345920
  215.006211
  211.599931
  208.226936
  204.920514
  201.447661
  198.141239
  194.779339
  191.395249
  188.055541
  184.649260
  181.309552
  177.903271
  174.519181
  171.157282
  167.773192
  164.411293
  161.016108
  157.620923
  154.292310
  150.886029
  147.546320
  144.184421
  140.755950
  137.460623
  134.032152
  130.736825
  127.352735
  123.968645
  120.584555
  117.200465
  113.827470
  110.487762
  107.037100
  103.664105
  100.335492
   96.873735
   93.578408
   90.149936
   86.821323
   83.459424
   80.042048
   76.691244
   73.296059
   69.945255
   66.594451
   63.154885
   59.815176
   56.453277
   53.058092
   49.751669
   46.289912
   42.950204
   39.566114
   36.170928
   32.864506
   29.447130
   26.074135
   22.734427
   19.317051
   16.010629
   12.615443
    9.220258
    5.869454
    2.429888
  359.131061
  355.832233
  352.533406
  349.204793
  345.842894
  342.469900
  339.074714
  335.746101
  332.373107
  329.000112
  325.616022
  322.276314
  318.858938
  315.563611
  312.135140
  308.751050
  305.422437
  302.005061
  298.643161
  295.247976
  291.897172
  288.490892
  285.128992
  281.755998
  278.394099
  274.943437
  271.692491
  268.230734
  264.913216
  261.540221
  258.089559
  254.794232
  251.410142
  248.048243
  244.641963
  241.224587
  237.884878
  234.522979
  231.116698
  227.776990
  224.326328
  220.986619
  217.624720
  214.251726
  210.912017
  207.439164
  204.143837
  200.781938
  197.375658
  194.058140
  190.618573
  187.323246
  183.939156
  180.499589
  177.182072
  173.786887
  170.380606
  167.051993
  163.634617
  160.317099
  156.866437
  153.526729
  150.164829
  146.780739
  143.407745
  140.056941
  136.661756
  133.344238
  129.971244
  126.553868
  123.236350
  119.774592
  116.468170
  113.061889
  109.688895
  106.349186
  102.942906
   99.569911
   96.163631
   92.812827
   89.462023
   86.077933
   82.693843
   79.320849
   75.947854
   72.630336
   69.224056
   65.851061
   62.444781
   59.049595
   55.765364
   52.303606
   48.963898
   45.568712
   42.195718
   38.867105
   35.449729
   32.087830
   28.725930
   25.308554
   21.968846
   18.562565
   15.211762
   11.872053
    8.432486
    5.148255
    1.708688
  358.313800
  354.918912
  351.790016
  348.461403
  345.099504
  341.748700
  338.431183
  334.991616
  331.640812
  328.267817
  324.828251
  321.510733
  318.093357
  314.786935
  311.369559
  308.018755
  304.667951
  301.272766
  297.899771
  294.548967
  291.109401
  287.747501
  284.418888
  280.957131
  277.672899
  274.266619
  270.915815
  267.520630
  264.125444
  260.774640
  257.401646
  254.050842
  250.700038
  247.282662
  243.898572
  240.581055
  237.119297
  233.801780
  230.417690
  227.066886
  223.671701
  220.265420
  216.947902
  213.519431
  210.135341
  206.784537
  203.433733
  200.016357
  196.765412
  193.348036
  189.963946
  186.579856
  183.195766
  179.833867
  176.449777
  173.087878
  169.703788
  166.308603
  162.957799
  159.595900
  156.189619
  152.861006
  149.454725
  146.070635
  142.719832
  139.335742
  135.984938
  132.589753
  129.205663
  125.877050
  122.470769
  119.108870
  115.746971
  112.307404
  108.978791
  105.561415
  102.232802
   98.859807
   95.464622
   92.091627
   88.707537
   85.356734
   82.028121
   78.599649
   75.226655
   71.886946
   68.502856
   65.140957
   61.756867
   58.372777
   55.021973
   51.593502
   48.231603
   44.847513
   41.419042
   38.079333
   34.706339
   31.344439
   28.038017
   24.576260
   21.214360
   17.874652
   14.457276
   11.173044
    7.766764
    4.393769
    1.031870
  357.675816
  354.319762
  351.091007
  347.695822
  344.411591
  340.960928
  337.621220
  334.259321
  330.886326
  327.502236
  324.151433
  320.778438
  317.372157
  314.010258
  310.637264
  307.308651
  303.880179
  300.551566
  297.145286
  293.750100
  290.399296
  287.015207
  283.642212
  280.291408
  276.885128
  273.512133
  270.161329
  266.721762
  263.415340
  260.020155
  256.691542
  253.329643
  249.901171
  246.550367
  243.166278
  239.826569
  236.442479
  233.036199
  229.652109
  226.301305
  222.883929
  219.544220
  216.160130
  212.742754
  209.447427
  206.018956
  202.679248
  199.317348
  195.933259
  192.571359
  189.187269
  185.780989
  182.485662
  179.079381
  175.706387
  172.366678
  168.927111
  165.620689
  162.170027
  158.819223
  155.457324
  152.084330
  148.722430
  145.338340
  141.954251
  138.592351
  135.263738
  131.824172
  128.517749
  125.111469
  121.705188
  118.354384
  115.003580
  111.586204
  108.246496
  104.829120
  101.467221
   98.149703
   94.665755
   91.381523
   87.975242
   84.568962
   81.218158
   77.878450
   74.483264
   71.143556
   67.726180
   64.386471
   60.991286
   57.596101
   54.245297
   50.839016
   47.510403
   44.115218
   40.708937
   37.347038
   34.018425
   30.578858
   27.261341
   23.866155
   20.482066
   17.120166
   13.713886
   10.429654
    7.034469
    3.639284
    0.299575
  356.976807
  353.654039
  350.380903
  346.974623
  343.657105
  340.239729
  336.877830
  333.571408
  330.120745
  326.792132
  323.430233
  320.023952
  316.684244
  313.300154
  309.927160
  306.531974
  303.136789
  299.741604
  296.490658
  293.006710
  289.678097
  286.294007
  282.876631
  279.581304
  276.175023
  272.768743
  269.429034
  266.044944
  262.671950
  259.365528
  255.948152
  252.564062
  249.191067
  245.818073
  242.456173
  239.094274
  235.710184
  232.359381
  228.975291
  225.580105
  222.207111
  218.778639
  215.461122
  212.054841
  208.681846
  205.364329
  201.913667
  198.607244
  195.200964
  191.883446
  188.532642
  185.070885
  181.753367
  178.380372
  174.951901
  171.634383
  168.217007
  164.877299
  161.526495
  158.086928
  154.769411
  151.307653
  148.012326
  144.628236
  141.210860
  137.871152
  134.509253
  131.125163
  127.807645
  124.356983
  121.017275
  117.644280
  114.271285
  110.920482
  107.492010
  104.152302
  100.746021
   97.339740
   94.033318
   90.593751
   87.287329
   83.892144
   80.508054
   77.168346
   73.773160
   70.422356
   67.049362
   63.631986
   60.303373
   56.919283
   53.513002
   50.184389
   46.755918
   43.382923
   39.998833
   36.648030
   33.275035
   29.879850
   26.529046
   23.167147
   19.783057
   16.398967
   13.081449
    9.664073
    6.313269
    2.951370
  359.619257
  356.287144
  352.955031
  349.670799
  346.275614
  342.947001
  339.551816
  336.156630
  332.761445
  329.455023
  326.070933
  322.720129
  319.313848
  316.007426
  312.612241
  309.161579
  305.855156
  302.471066
  299.098072
  295.758363
  292.352083
  288.967993
  285.583903
  282.199813
  278.849009
  275.476015
  272.080829
  268.774407
  265.334840
  261.984037
  258.611042
  255.249143
  251.909434
  248.503154
  245.152350
  241.757165
  238.384170
  234.988985
  231.638181
  228.254091
  224.858906
  221.441530
  218.124012
  214.773208
  211.389118
  208.016124
  204.587652
  201.259039
  197.863854
  194.535241
  191.239914
  187.767061
  184.405162
  181.076549
  177.614791
  174.286178
  170.935375
  167.506903
  164.222672
  160.738723
  157.410110
  154.059307
  150.619740
  147.268936
  143.884846
  140.522947
  137.194334
  133.776958
  130.403963
  127.097541
  123.624688
  120.307170
  116.934176
  113.527895
  110.165996
  106.804097
  103.420007
  100.047012
   96.651827
   93.278833
   89.950220
   86.488462
   83.226421
   79.797950
   76.424955
   73.051961
   69.634585
   66.328162
   62.921882
   59.582173
   56.220274
   52.802898
   49.418808
   46.068004
   42.606247
   39.288729
   35.893544
   32.542740
   29.214127
   25.785656
   22.457043
   19.028571
   15.688863
   12.349154
    8.976160
    5.592070
    2.252361
  358.935042
  355.617723
  352.300404
  348.916314
  345.620987
  342.159229
  338.874998
  335.468717
  332.040246
  328.733823
  325.327543
  322.010025
  318.670316
  315.252940
  311.879946
  308.529142
  305.100671
  301.783153
  298.365777
  295.014973
  291.664169
  288.246793
  284.907085
  281.500804
  278.127810
  274.732624
  271.381821
  268.031017
  264.646927
  261.240646
  257.912033
  254.516848
  251.154949
  247.848527
  244.375674
  241.069251
  237.685161
  234.256690
  230.916982
  227.532892
  224.137706
  220.775807
  217.380622
  214.052009
  210.679014
  207.217257
  203.944121
  200.526745
  197.175941
  193.836232
  190.407761
  187.079148
  183.683963
  180.333159
  176.949069
  173.564979
  170.180889
  166.818990
  163.423805
  160.117382
  156.677816
  153.293726
  149.954017
  146.525546
  143.252410
  139.801747
  136.484230
  133.077949
  129.693859
  126.354151
  122.981156
  119.574876
  116.235167
  112.851077
  109.422606
  106.105088
  102.676617
   99.359099
   95.941723
   92.590919
   89.240115
   85.800549
   82.505222
   79.076750
   75.714851
   72.386238
   68.979957
   65.618058
   62.267254
   58.860974
   55.487979
   52.126080
   48.741990
   45.413377
   41.951620
   38.623007
   35.238917
   31.854827
   28.515118
   25.119933
   21.746938
   18.407230
   15.012045
   11.650146
    8.266056
    4.826489
    1.553353
  358.158465
  354.763577
  351.590299
  348.184019
  344.899787
  341.493507
  338.175989
  334.780804
  331.407809
  328.034815
  324.650725
  321.322112
  317.938022
  314.553932
  311.192033
  307.807943
  304.423853
  301.095240
  297.644578
  294.349251
  290.920779
  287.536689
  284.219172
  280.801796
  277.450992
  274.044711
  270.671717
  267.320913
  263.914632
  260.552733
  257.246311
  253.862221
  250.467035
  247.105136
  243.676665
  240.370243
  236.963962
  233.590967
  230.240164
  226.844978
  223.471984
  220.076798
  216.637232
  213.297523
  209.957815
  206.584820
  203.278398
  199.849927
  196.476932
  193.103937
  189.719848
  186.413425
  182.973858
  179.623055
  176.250060
  172.877066
  169.515166
  166.108886
  162.746987
  159.396183
  156.000998
  152.639098
  149.277199
  145.837632
  142.542305
  139.136025
  135.774126
  132.434417
  128.994850
  125.677333
  122.271052
  118.964630
  115.547254
  112.174259
  108.779074
  105.428270
  101.977608
   98.682281
   95.264905
   91.914101
   88.530011
   85.145921
   81.839499
   78.399932
   75.082415
   71.698325
   68.258758
   64.941240
   61.534960
   58.195251
   54.800066
   51.404881
   48.042981
   44.681082
   41.296992
   37.979475
   34.495526
   31.178009
   27.793919
   24.498592
   21.114502
   17.641649
   14.357418
   10.962232
    7.567047
    4.216243
    0.821058
  357.481647
  354.142236
  350.891291
  347.562678
  344.222969
  340.838879
  337.465885
  334.070699
  330.753182
  327.324710
  323.973907
  320.623103
  317.227918
  313.888209
  310.481928
  307.131125
  303.758130
  300.374040
  297.001046
  293.628051
  290.255057
  286.859871
  283.475781
  280.124978
  276.751983
  273.356798
  270.028185
  266.577523
  263.260005
  259.875915
  256.514016
  253.196498
  249.756931
  246.417223
  243.055324
  239.626852
  236.298239
  232.914149
  229.530059
  226.157065
  222.784070
  219.388885
  216.015891
  212.609610
  209.314283
  205.885812
  202.557198
  199.184204
  195.789019
  192.460406
  189.054125
  185.703321
  182.352517
  178.946237
  175.584338
  172.189152
  168.793967
  165.454259
  162.070169
  158.686079
  155.368561
  151.884613
  148.633667
  145.194101
  141.821106
  138.514684
  135.097308
  131.724313
  128.362414
  124.989419
  121.605330
  118.243430
  114.826054
  111.530727
  108.091161
  104.729261
  101.334076
   97.961082
   94.621373
   91.203997
   87.886479
   84.458008
   81.107204
   77.723114
   74.372311
   70.988221
   67.659608
   64.242232
   60.858142
   57.518433
   54.112153
   50.783540
   47.321782
   43.993169
   40.631270
   37.191703
   33.918567
   30.456809
   27.139292
   23.744106
   20.337826
   16.998117
   13.647313
   10.263224
    6.912420
    3.517234
    0.166431
  356.838115
  353.509800
  350.281045
  346.863669
  343.546151
  340.139871
  336.711399
  333.404977
  330.031982
  326.670083
  323.308184
  319.890808
  316.562195
  313.178105
  309.782920
  306.476497
  303.059121
  299.675031
  296.313132
  292.895756
  289.578239
  286.149767
  282.832249
  279.448160
  276.064070
  272.713266
  269.284794
  265.922895
  262.583187
  259.210192
  255.803912
  252.453108
  249.046827
  245.740405
  242.334124
  238.961130
  235.577040
  232.159664
  228.864337
  225.424770
  222.085062
  218.700972
  215.283596
  211.932792
  208.548702
  205.208994
  201.835999
  198.451909
  195.090010
  191.717015
  188.388402
  185.004312
  181.542555
  178.258323
  174.863138
  171.456857
  168.128244
  164.666487
  161.382255
  157.964879
  154.625171
  151.252176
  147.845896
  144.517283
  141.122097
  137.782389
  134.409394
  131.025304
  127.663405
  124.290411
  120.873035
  117.566612
  114.138141
  110.765146
  107.381056
  103.974776
  100.690544
   97.250977
   93.922364
   90.527179
   87.120898
   83.814476
   80.386005
   77.057392
   73.651111
   70.278117
   66.960599
   63.521032
   60.192419
   56.819424
   53.390953
   50.073435
   46.667155
   43.283065
   39.954452
   36.492694
   33.208463
   29.779991
   26.473569
   23.011811
   19.649912
   16.332395
   12.937209
    9.575310
    6.235602
    2.829321
  359.500906
  356.172492
  352.844077
  349.559845
  346.197946
  342.824952
  339.496339
  336.012390
  332.717064
  329.310783
  325.982170
  322.642461
  319.236181
  315.885377
  312.456906
  309.095006
  305.755298
  302.360113
  299.020404
  295.614124
  292.207843
  288.901421
  285.484045
  282.122145
  278.726960
  275.342870
  272.003162
  268.619072
  265.257173
  261.873083
  258.466802
  255.182571
  251.765195
  248.414391
  245.019205
  241.624020
  238.273216
  234.878031
  231.505037
  228.176423
  224.725761
  221.363862
  218.024154
  214.628968
  211.311451
  207.849693
  204.532176
  201.136990
  197.786186
  194.479764
  191.040197
  187.700489
  184.294208
  180.965595
  177.592601
  174.175225
  170.835516
  167.440331
  164.078432
  160.716533
  157.299157
  153.948353
  150.575358
  147.180173
  143.873751
  140.445279
  137.127762
  133.743672
  130.304105
  126.997683
  123.591402
  120.251694
  116.889794
  113.450228
  110.088328
  106.726429
  103.320149
   99.980440
   96.607446
   93.212260
   89.861457
   86.421890
   83.115467
   79.731378
   76.369478
   73.040865
   69.601299
   66.261590
   62.877500
   59.482315
   56.164797
   52.714135
   49.352236
   46.001432
   42.595151
   39.233252
   35.860258
   32.476168
   29.147555
   25.674702
   22.379375
   18.973094
   15.633386
   12.282582
    8.865206
    5.547688
    2.130312
  358.812993
  355.495673
  352.178354
  348.883027
  345.487842
  342.103752
  338.775139
  335.368859
  331.995864
  328.656156
  325.249875
  321.954548
  318.526077
  315.175273
  311.780088
  308.407093
  305.089575
  301.661104
  298.310300
  294.904019
  291.531025
  288.213507
  284.762845
  281.434232
  278.005761
  274.654957
  271.304153
  267.908968
  264.558164
  261.174074
  257.767793
  254.472466
  251.066186
  247.693191
  244.309101
  240.902821
  237.574208
  234.123545
  230.717265
  227.322079
  224.015657
  220.631567
  217.225287
  213.918864
  210.468202
  207.117398
  203.777690
  200.415791
  197.053892
  193.714183
  190.296807
  186.957099
  183.595200
  180.177824
  176.882497
  173.409644
  170.103221
  166.719131
  163.312851
  159.984238
  156.555766
  153.227153
  149.831968
  146.481164
  143.141456
  139.735175
  136.362181
  133.000281
  129.605096
  126.287579
  122.914584
  119.519399
  116.157500
  112.729028
  109.444797
  106.027421
  102.654426
   99.270336
   95.886246
   92.557633
   89.129162
   85.811644
   82.394268
   79.021273
   75.703756
   72.297475
   68.935576
   65.540391
   62.145205
   58.816592
   55.443598
   52.026222
   48.675418
   45.246947
   41.962715
   38.534244
   35.161249
   31.810445
   28.370878
   25.097742
   21.635985
   18.329562
   14.923282
   11.572478
    8.254960
    4.815394
    1.486780
  358.097440
  354.708100
  351.545918
  348.161828
  344.799929
  341.493507
  338.031749
  334.736422
  331.352332
  327.968242
  324.639629
  321.177872
  317.904736
  314.454073
  311.125460
  307.796847
  304.335090
  301.028667
  297.600196
  294.271583
  290.887493
  287.492308
  284.119313
  280.746319
  277.362229
  274.066902
  270.649526
  267.232150
  263.903537
  260.463970
  257.168643
  253.795648
  250.422654
  247.016373
  243.632283
  240.325861
  236.875199
  233.535490
  230.140305
  226.756215
  223.416507
  220.043512
  216.670518
  213.286428
  209.880147
  206.562630
  203.211826
  199.794450
  196.465837
  193.026270
  189.708752
  186.335758
  182.973858
  179.656341
  176.183488
  172.877066
  169.437499
  166.075600
  162.780273
  159.307420
  155.967711
  152.616908
  149.188436
  145.882014
  142.497924
  139.147120
  135.785221
  132.334559
  129.061423
  125.632951
  122.282147
  118.898058
  115.480682
  112.174259
  108.723597
  105.439366
  102.010894
   98.549137
   95.298191
   91.836434
   88.530011
   85.123731
   81.750736
   78.377742
   75.060224
   71.665039
   68.303139
   64.885763
   61.546055
   58.150870
   54.777875
   51.438167
   47.954218
   44.636701
   41.274802
   37.912902
   34.539908
   31.111436
   27.805014
   24.376543
   21.047930
   17.686031
   14.257559
   10.906755
    7.555952
    4.149671
    0.798867
  357.453909
  354.108950
  350.891291
  347.485010
  344.189683
  340.772307
  337.421503
  334.037413
  330.631133
  327.313615
  323.885144
  320.567626
  317.194631
  313.788351
  310.437547
  307.064552
  303.680462
  300.318563
  296.923378
  293.583670
  290.221770
  286.826585
  283.453591
  280.036215
  276.729792
  273.301321
  269.950517
  266.555332
  263.160146
  259.887010
  256.458539
  253.118830
  249.712550
  246.328460
  243.033133
  239.615757
  236.253858
  232.847577
  229.452392
  226.112683
  222.739689
  219.333408
  215.982604
  212.565228
  209.247711
  205.863621
  202.501722
  199.150918
  195.722446
  192.404929
  189.020839
  185.670035
  182.308136
  178.879664
  175.539956
  172.166961
  168.782872
  165.432068
  162.003596
  158.663888
  155.268703
  151.884613
  148.533809
  145.183005
  141.765629
  138.414825
  135.041831
  131.713218
  128.295842
  124.922847
  121.572043
  118.165763
  114.848245
  111.419774
  108.035684
  104.673785
  101.256408
   97.916700
   94.532610
   91.203997
   87.808812
   84.424722
   81.085014
   77.678733
   74.327929
   70.988221
   67.537558
   64.186755
   60.824856
   57.451861
   54.112153
   50.639300
   47.366163
   43.948787
   40.542507
   37.213894
   33.796518
   30.456809
   27.072719
   23.710820
   20.337826
   16.920450
   13.614027
   10.229937
    6.856943
    3.483948
    0.099858
  356.804829
  353.509800
  350.136805
  346.808192
  343.424102
  340.084394
  336.766876
  333.271832
  329.987601
  326.625702
  323.274898
  319.890808
  316.517813
  313.144819
  309.771824
  306.409925
  303.048026
  299.641745
  296.257655
  292.884661
  289.511666
  286.160863
  282.732391
  279.403778
  276.041879
  272.591217
  269.340271
  265.878514
  262.572091
  259.165811
  255.759530
  252.464203
  249.046827
  245.696023
  242.311933
  238.905653
  235.577040
  232.170759
  228.819955
  225.469152
  222.051775
  218.678781
  215.305786
  211.910601
  208.604179
  205.186803
  201.813808
  198.463004
  195.067819
  191.761397
  188.332925
  185.004312
  181.598032
  178.191751
  174.852043
  171.479048
  168.128244
  164.755250
  161.326778
  157.975975
  154.591885
  151.252176
  147.901372
  144.483996
  141.111002
  137.738007
  134.365013
  131.036400
  127.619024
  124.301506
  120.861939
  117.522231
  114.160332
  110.754051
  107.392152
  103.952585
  100.612877
   97.262073
   93.855792
   90.516084
   87.131994
   83.747904
   80.397100
   76.990819
   73.673302
   70.322498
   66.827454
   63.543223
   60.136942
   56.763948
   53.446430
   49.995768
   46.656059
   43.260874
   39.876784
   36.537076
   33.119700
   29.746705
   26.395901
   22.989621
   19.638817
   16.299108
   12.881732
    9.564215
    6.146839
    2.773844
  359.471319
  356.168793
  352.866268
  349.493273
  346.142469
  342.824952
  339.396480
  336.045677
  332.683777
  329.255306
  325.915598
  322.553698
  319.180704
  315.874282
  312.434715
  309.072816
  305.688726
  302.271350
  298.976023
  295.569742
  292.119080
  288.823753
  285.450758
  282.055573
  278.660388
  275.298489
  271.936590
  268.563595
  265.201696
  261.861987
  258.433516
  255.104903
  251.743004
  248.314532
  244.997015
  241.546353
  238.228835
  234.866936
  231.438464
  228.098756
  224.681380
  221.341671
  217.979772
  214.595682
  211.233783
  207.849693
  204.465603
  201.159181
  197.719614
  194.379906
  191.006911
  187.589535
  184.338590
  180.876832
  177.537124
  174.164129
  170.746753
  167.395949
  164.000764
  160.672151
  157.254775
  153.881781
  150.542072
  147.146887
  143.784988
  140.411993
  137.016808
  133.654909
  130.293010
  126.908920
  123.602497
  120.140740
  116.801031
  113.394751
  110.021756
  106.670952
  103.264672
   99.947154
   96.574159
   93.145688
   89.817075
   86.421890
   83.004514
   79.664805
   76.325097
   72.941007
   69.601299
   66.150636
   62.844214
   59.437933
   56.042748
   52.703040
   49.285664
   45.901574
   42.539675
   39.133394
   35.793685
   32.409596
   29.036601
   25.719083
   22.312803
   18.939808
   15.566814
   12.171628
    8.887397
    5.458925
    2.063740
  358.764913
  355.466086
  352.167259
  348.738788
  345.432365
  342.048275
  338.730758
  335.346668
  331.918196
  328.567393
  325.205493
  321.854690
  318.548267
  315.108701
  311.768992
  308.362711
  305.011908
  301.650009
  298.232632
  294.859638
  291.508834
  288.080363
  284.740654
  281.367660
  277.983570
  274.677148
  271.193199
  267.897872
  264.491592
  261.151883
  257.801079
  254.394799
  251.088377
  247.659905
  244.264720
  240.925011
  237.518731
  234.156832
  230.772742
  227.377556
  223.993466
  220.664853
  217.269668
  213.952150
  210.490393
  207.183971
  203.777690
  200.415791
  197.131559
  193.691992
  190.363379
  186.957099
  183.606295
  180.244396
  176.804829
  173.476216
  170.092126
  166.685845
  163.368328
  159.939856
  156.600148
  153.227153
  149.820873
  146.503355
  143.119265
  139.712984
  136.395467
  132.966995
  129.616192
  126.254292
  122.881298
  119.574876
  116.079832
  112.751219
  109.378224
  105.983039
  102.643331
   99.214859
   95.864055
   92.491061
   89.095876
   85.733976
   82.360982
   79.021273
   75.659374
   72.208712
   68.902290
   65.540391
   62.123015
   58.827688
   55.377026
   52.004031
   48.631036
   45.235851
   41.918333
   38.478767
   35.161249
   31.754968
   28.337592
   25.064456
   21.624889
   18.262990
   14.889996
   11.517001
    8.177293
    4.759917
    1.409113
  358.019773
  354.630433
  351.479346
  348.128542
  344.777738
  341.438030
  337.965177
  334.647659
  331.252474
  327.934956
  324.584152
  321.144586
  317.827068
  314.409692
  311.047793
  307.741370
  304.312899
  300.939904
  297.555814
  294.149534
  290.854207
  287.447926
  284.063836
  280.690842
  277.251275
  273.944853
  270.594049
  267.165577
  263.859155
  260.419588
  257.090975
  253.684695
  250.344986
  246.983087
  243.543520
  240.237098
  236.853008
  233.480014
  230.129210
  226.700738
  223.327744
  219.999131
  216.603945
  213.242046
  209.835766
  206.484962
  203.134158
  199.694591
  196.421455
  193.004079
  189.631085
  186.246995
  182.840714
  179.567578
  176.105820
  172.777207
  169.359831
  165.953550
  162.636033
  159.218657
  155.867853
  152.517049
  149.088578
  145.748869
  142.353684
  139.013976
  135.652077
  132.256891
  128.917183
  125.544188
  122.171194
  118.787104
  115.347537
  112.018924
  108.668120
  105.272935
  101.933226
   98.482564
   95.165047
   91.747671
   88.374676
   85.079349
   81.639782
   78.322265
   74.871603
   71.487513
   68.158900
   64.797000
   61.401815
   58.039916
   54.666921
   51.260641
   47.887646
   44.492461
   41.130562
   37.779758
   34.395668
   31.067055
   27.638584
   24.287780
   20.892594
   17.508505
   14.157701
   10.817992
    7.433902
    4.094194
    0.676818
  357.359598
  354.042378
  350.702669
  347.407342
  344.023252
  340.661353
  337.366026
  333.870983
  330.564560
  327.136089
  323.785285
  320.467768
  317.050391
  313.688492
  310.326593
  306.931408
  303.602795
  300.196514
  296.845710
  293.483811
  290.022054
  286.693441
  283.320446
  279.903070
  276.596648
  273.168176
  269.839563
  266.422187
  263.104670
  259.731675
  256.292108
  252.985686
  249.601596
  246.250792
  242.899988
  239.482612
  236.131809
  232.703337
  229.341438
  226.023920
  222.606544
  219.222454
  215.827269
  212.409893
  209.103471
  205.719381
  202.357482
  199.017773
  195.600397
  192.271784
  188.843313
  185.503604
  182.163896
  178.724329
  175.417907
  172.000531
  168.594250
  165.265637
  161.837166
  158.530743
  155.124463
  151.729277
  148.389569
  145.005479
  141.643580
  138.303872
  134.875400
  131.524596
  128.184888
  124.756417
  121.483280
  117.999332
  114.648528
  111.253343
  107.869253
  104.562831
  101.123264
   97.783556
   94.377275
   91.015376
   87.642381
   84.280482
   80.918583
   77.545588
   74.172594
   70.799599
   67.393319
   63.998133
   60.702806
   57.263240
   53.934627
   50.606013
   47.133161
   43.804548
   40.409362
   37.014177
   33.685564
   30.257092
   26.917384
   23.533294
   20.149204
   16.809496
   13.403215
   10.063507
    6.734894
    3.317518
   -0.022191
  356.621755
  353.265701
  350.036947
  346.641761
  343.313148
  339.973440
  336.522778
  333.216355
  329.821170
  326.459271
  323.108467
  319.713282
  316.362478
  312.967293
  309.572108
  306.254590
  302.837214
  299.464219
  296.124511
  292.707135
  289.334140
  285.972241
  282.577056
  279.237347
  275.853258
  272.458072
  269.129459
  265.678797
  262.383470
  258.966094
  255.648576
  252.253391
  248.880397
  245.529593
  242.123312
  238.717031
  235.377323
  231.993233
  228.642429
  225.247244
  221.796582
  218.467969
  215.117165
  211.733075
  208.393367
  204.953800
  201.669568
  198.263288
  194.912484
  191.550585
  188.122113
  184.826786
  181.409410
  178.036416
  174.707803
  171.290427
  167.917432
  164.522247
  161.149252
  157.776258
  154.403263
  151.063555
  147.679465
  144.284280
  140.933476
  137.582672
  134.165296
  130.892160
  127.441498
  124.079599
  120.717699
  117.300323
  113.949520
  110.532143
  107.192435
  103.819441
  100.413160
   97.040165
   93.689362
   90.349653
   86.965563
   83.570378
   80.197383
   76.824389
   73.440299
   70.133877
   66.705405
   63.354601
   59.959416
   56.530945
   53.246713
   49.818242
   46.478533
   43.138825
   39.688163
   36.348454
   32.953269
   29.558084
   26.218375
   22.845381
   19.472386
   16.143773
   12.737493
    9.375593
    6.013694
    2.607414
  359.301190
  355.994966
  352.688741
  349.349033
  345.953848
  342.625235
  339.218954
  335.879246
  332.528442
  329.111066
  325.749167
  322.376172
  319.036464
  315.663469
  312.279379
  308.917480
  305.511200
  302.127110
  298.798497
  295.414407
  292.052508
  288.657322
  285.251042
  281.944619
  278.505053
  275.154249
  271.825636
  268.386069
  265.068551
  261.662271
  258.311467
  254.960663
  251.543287
  248.192483
  244.797298
  241.435399
  238.051309
  234.678314
  231.327510
  227.976707
  224.537140
  221.153050
  217.813342
  214.418156
  211.111734
  207.705453
  204.321363
  200.959464
  197.553184
  194.257857
  190.829385
  187.489677
  184.094492
  180.721497
  177.370693
  173.975508
  170.624704
  167.207328
  163.801047
  160.472434
  157.099440
  153.715350
  150.386737
  146.958265
  143.618557
  140.256658
  136.894759
  133.532860
  130.093293
  126.786870
  123.402781
  119.996500
  116.690078
  113.217225
  109.877516
  106.493426
  103.087146
   99.758533
   96.352252
   92.990353
   89.672835
   86.266554
   82.893560
   79.542756
   76.103189
   72.752386
   69.423773
   66.006396
   62.666688
   59.271503
   55.898508
   52.503323
   49.074851
   45.768429
   42.362149
   39.011345
   35.671636
   32.232070
   28.870170
   25.474985
   22.113086
   18.751187
   15.378192
   12.038484
    8.720966
    5.248113
    1.897309
  358.594784
  355.292258
  351.989733
  348.616738
  345.265935
  341.904035
  338.475564
  335.213523
  331.773956
  328.412057
  325.027967
  321.621687
  318.337455
  314.897888
  311.569275
  308.140804
  304.790000
  301.450292
  298.044011
  294.704303
  291.275831
  287.880646
  284.596414
  281.167943
  277.794948
  274.399763
  271.026769
  267.698156
  264.336256
  260.896690
  257.579172
  254.150701
  250.844278
  247.471284
  244.065003
  240.703104
  237.296823
  234.001496
  230.539739
  227.211126
  223.838131
  220.409660
  217.069951
  213.674766
  210.312867
  206.962063
  203.611259
  200.216074
  196.854175
  193.414608
  190.108186
  186.724096
  183.362197
  179.989202
  176.527445
  173.243213
  169.859123
  166.430652
  163.113134
  159.662472
  156.333859
  152.916483
  149.598965
  146.270352
  142.819690
  139.502172
  136.084796
  132.711802
  129.360998
  125.988003
  122.603913
  119.208728
  115.824638
  112.451644
  109.111935
  105.716750
  102.354851
   98.937475
   95.597766
   92.213676
   88.840682
   85.545355
   82.094693
   78.754984
   75.370894
   71.975709
   68.658192
   65.207529
   61.867821
   58.539208
   55.077450
   51.726647
   48.353652
   45.002848
   41.607663
   38.223573
   34.861674
   31.466489
   28.082399
   24.731595
   21.347505
   17.996701
   14.656993
   11.228521
    7.888813
    4.504723
    1.142824
  357.781222
  354.419620
  351.235247
  347.851157
  344.467068
  341.193931
  337.754365
  334.392465
  331.019471
  327.624286
  324.284577
  320.889392
  317.549683
  314.165594
  310.759313
  307.430700
  304.046610
  300.662520
  297.322812
  293.894340
  290.554632
  287.170542
  283.742070
  280.457839
  276.996081
  273.667468
  270.327760
  266.910384
  263.581771
  260.164395
  256.813591
  253.484978
  250.089793
  246.716798
  243.310517
  239.893141
  236.597814
  233.180438
  229.829635
  226.489926
  222.972692
  219.677365
  216.282180
  212.931376
  209.602763
  206.152101
  202.845678
  199.417207
  196.110785
  192.726695
  189.320414
  185.980706
  182.574425
  179.234717
  175.828436
  172.444346
  169.093542
  165.709452
  162.325362
  158.985654
  155.601564
  152.206379
  148.888861
  145.427103
  142.076300
  138.714401
  135.352501
  132.023888
  128.573226
  125.255708
  121.860523
  118.454243
  115.158916
  111.697158
  108.357450
  104.962264
  101.600365
   98.260657
   94.854376
   91.514668
   88.141673
   84.757583
   81.406779
   78.067071
   74.594218
   71.254510
   67.881515
   64.475234
   61.191003
   57.729245
   54.422823
   50.994352
   47.632453
   44.314935
   40.853177
   37.524564
   34.107188
   30.734194
   27.372295
   23.999300
   20.670687
   17.275502
   13.880316
   10.551703
    7.167613
    3.816810
    0.477101
  357.126595
  353.776089
  350.502952
  347.129958
  343.801345
  340.406160
  337.044260
  333.682361
  330.253890
  326.947468
  323.530092
  320.212574
  316.795198
  313.388917
  310.093590
  306.665119
  303.347601
  299.963511
  296.568326
  293.206427
  289.811241
  286.416056
  283.087443
  279.681162
  276.308168
  272.946269
  269.528893
  266.166994
  262.849476
  259.443195
  256.125678
  252.663920
  249.346402
  245.995599
  242.578223
  239.205228
  235.810043
  232.448144
  229.086244
  225.724345
  222.306969
  218.945070
  215.538789
  212.199081
  208.848277
  205.464187
  202.124479
  198.684912
  195.356299
  191.961114
  188.588119
  185.292792
  181.831035
  178.524612
  175.107236
  171.723146
  168.394533
  164.977157
  161.637449
  158.197882
  154.824888
  151.507370
  148.089994
  144.750285
  141.388386
  137.982106
  134.620206
  131.269403
  127.907504
  124.523414
  121.072751
  117.777425
  114.393335
  110.998149
  107.625155
  104.218874
  100.890261
   97.517267
   94.133177
   90.804564
   87.353901
   84.025288
   80.619008
   77.246013
   73.928495
   70.488929
   67.193602
   63.765130
   60.414327
   57.063523
   53.646147
   50.306438
   46.889062
   43.538258
   40.154169
   36.758983
   33.363798
   30.012994
   26.651095
   23.278100
   19.905106
   16.532111
   13.170212
    9.763932
    6.446414
    3.017942
  359.693226
  356.368510
  353.043794
  349.792848
  346.364377
  343.057955
  339.651674
  336.256489
  332.950066
  329.532690
  326.192982
  322.775606
  319.424802
  316.073998
  312.689908
  309.339105
  305.943919
  302.548734
  299.220121
  295.836031
  292.440846
  289.090042
  285.661571
  282.310767
  278.948868
  275.575873
  272.236165
  268.763312
  265.479080
  262.061704
  258.699805
  255.371192
  251.942721
  248.636298
  245.218922
  241.845928
  238.506219
  235.077748
  231.760230
  228.342854
  224.969860
  221.630151
  218.179489
  214.873067
  211.455691
  208.093792
  204.720797
  201.369993
  198.008094
  194.601813
  191.239914
  187.866920
  184.505020
  181.132026
  177.803413
  174.363846
  171.013042
  167.628952
  164.200481
  160.916249
  157.498873
  154.114783
  150.775075
  147.379890
  144.017991
  140.644996
  137.294192
  133.899007
  130.503822
  127.164113
  123.757833
  120.384838
  117.045130
  113.649944
  110.276950
  106.937241
  103.497675
  100.157966
   96.784972
   93.356500
   90.061173
   86.632702
   83.259707
   79.875617
   76.535909
   73.162914
   69.778825
   66.428021
   63.055026
   59.670936
   56.297942
   52.913852
   49.540857
   46.178958
   42.772677
   39.399683
   36.026688
   32.642598
   29.302890
   25.885514
   22.534710
   19.150620
   15.733244
   12.437917
    9.031637
    5.669738
    2.341125
  359.009012
  355.676898
  352.344785
  349.027267
  345.687559
  342.303469
  338.941570
  335.546385
  332.140104
  328.822586
  325.460687
  322.065502
  318.714698
  315.297322
  311.968709
  308.606810
  305.211624
  301.883011
  298.465635
  295.103736
  291.730742
  288.302270
  285.006943
  281.578472
  278.216573
  274.832483
  271.448393
  268.130875
  264.713499
  261.373791
  257.989701
  254.572325
  251.243712
  247.848527
  244.508818
  241.080347
  237.707352
  234.345453
  230.972458
  227.599464
  224.226469
  220.809093
  217.469385
  214.096390
  210.701205
  207.350401
  203.955216
  200.604412
  197.242513
  193.847328
  190.485429
  187.068053
  183.783821
  180.355350
  177.015641
  173.653742
  170.225271
  166.941039
  163.490377
  160.139573
  156.766579
  153.371393
  150.064971
  146.625404
  143.296791
  139.901606
  136.550802
  133.211094
  129.760431
  126.465105
  123.025538
  119.652543
  116.301739
  112.917649
  109.544655
  106.171660
  102.787570
   99.447862
   96.052677
   92.679682
   89.317783
   85.900407
   82.549603
   79.198799
   75.792519
   72.486097
   69.057625
   65.695726
   62.300541
   58.905355
   55.610028
   52.192652
   48.819658
   45.468854
   42.062573
   38.667388
   35.294394
   31.921399
   28.570595
   25.219791
   21.835702
   18.440516
   15.045331
   11.683432
    8.343723
    4.937443
    1.608830
  358.236133
  354.863436
  351.645776
  348.317163
  344.999646
  341.560079
  338.242561
  334.825185
  331.463286
  328.156864
  324.717297
  321.366493
  317.971308
  314.609409
  311.258605
  307.863420
  304.523711
  301.084144
  297.755531
  294.349251
  290.987351
  287.636548
  284.274648
  280.846177
  277.495373
  274.133474
  270.771575
  267.387485
  263.970109
  260.630401
  257.279597
  253.862221
  250.555798
  247.127327
  243.787619
  240.392433
  237.030534
  233.713016
  230.273450
  226.911551
  223.538556
  220.143371
  216.803662
  213.375191
  210.068769
  206.640297
  203.278398
  199.905403
  196.532409
  193.181605
  189.797515
  186.391235
  183.073717
  179.678532
  176.327728
  172.943638
  169.537357
  166.208744
  162.813559
  159.429469
  156.056474
  152.639098
  149.343771
  145.981872
  142.575592
  139.191502
  135.785221
  132.456608
  129.072518
  125.710619
  122.337624
  118.920248
  115.624921
  112.185355
  108.845646
  105.450461
  102.044180
   98.737758
   95.309287
   91.991769
   88.596584
   85.179208
   81.883881
   78.466505
   75.126796
   71.742706
   68.336426
   64.996717
   61.612627
   58.217442
   54.855543
   51.471453
   48.087363
   44.725464
   41.341374
   38.001665
   34.562099
   31.189104
   27.849396
   24.454210
   21.147788
   17.708221
   14.390704
   10.995518
    7.622524
    4.282815
    0.832153
  357.520480
  354.208808
  350.957863
  347.640345
  344.178588
  340.883261
  337.488076
  334.126176
  330.775373
  327.335806
  324.029383
  320.634198
  317.316681
  313.921495
  310.526310
  307.175506
  303.769225
  300.418422
  297.023236
  293.650242
  290.310533
  286.893157
  283.531258
  280.124978
  276.729792
  273.390084
  270.039280
  266.621904
  263.271100
  259.909201
  256.558397
  253.163212
  249.801313
  246.428318
  243.010942
  239.682329
  236.298239
  232.869768
  229.585536
  226.123779
  222.795166
  219.388885
  215.982604
  212.676182
  209.236615
  205.919098
  202.535008
  199.117632
  195.800114
  192.404929
  189.076316
  185.670035
  182.263754
  178.935141
  175.562147
  172.189152
  168.805062
  165.398782
  162.081264
  158.652793
  155.313084
  151.928994
  148.567095
  145.216291
  141.832201
  138.481398
  135.086212
  131.691027
  128.373509
  124.956133
  121.583139
  118.243430
  114.826054
  111.497441
  108.091161
  104.718166
  101.322981
   97.916700
   94.621373
   91.192902
   87.864289
   84.480199
   81.073918
   77.767496
   74.361215
   71.021507
   67.626321
   64.186755
   60.880332
   57.462956
   54.156534
   50.750253
   47.355068
   43.982074
   40.597984
   37.269371
   33.896376
   30.467905
   27.106005
   23.777392
   20.360016
   17.075785
   13.625123
   10.229937
    6.879134
    3.472853
    0.188621
  356.860305
  353.531990
  350.247759
  346.830383
  343.546151
  340.150966
  336.800162
  333.382786
  330.043078
  326.703369
  323.263802
  319.957380
  316.573290
  313.211391
  309.860587
  306.398830
  303.114598
  299.652841
  296.302037
  292.929042
  289.522762
  286.194149
  282.810059
  279.448160
  276.041879
  272.646694
  269.306985
  265.933991
  262.549901
  259.165811
  255.815007
  252.464203
  249.102304
  245.729310
  242.323029
  238.916748
  235.588135
  232.181854
  228.842146
  225.480247
  222.018489
  218.723162
  215.327977
  211.921696
  208.593083
  205.197898
  201.869285
  198.474100
  195.112201
  191.761397
  188.344021
  185.004312
  181.586936
  178.225037
  174.896424
  171.434667
  168.117149
  164.699773
  161.337874
  157.975975
  154.558599
  151.218890
  147.768228
  144.483996
  141.133193
  137.704721
  134.353917
  130.969828
  127.641214
  124.268220
  120.839749
  117.477849
  114.093759
  110.731860
  107.369961
  103.941490
  100.612877
   97.228787
   93.822506
   90.482798
   87.098708
   83.725713
   80.374909
   77.001915
   73.617825
   70.200449
   66.894027
   63.509937
   60.103656
   56.775043
   53.313285
   50.006863
   46.589487
   43.227588
   39.898975
   36.448313
   33.130795
   29.724514
   26.373711
   23.034002
   19.583340
   16.276918
   12.915019
    9.530929
    6.191220
    2.773844
  359.463922
  356.154000
  352.844077
  349.537655
  346.131374
  342.813856
  339.440862
  336.090058
  332.705968
  329.321878
  325.982170
  322.586985
  319.280562
  315.840995
  312.434715
  309.117197
  305.722012
  302.360113
  298.987118
  295.603028
  292.230034
  288.845944
  285.461854
  282.122145
  278.671483
  275.331775
  271.992066
  268.619072
  265.279363
  261.839797
  258.500088
  255.160380
  251.720813
  248.425486
  244.997015
  241.646211
  238.284312
  234.844745
  231.527227
  228.109851
  224.770143
  221.374958
  217.968677
  214.640064
  211.244879
  207.882979
  204.532176
  201.148086
  197.741805
  194.413192
  190.962530
  187.645012
  184.283113
  180.899023
  177.559315
  174.108652
  170.780039
  167.407045
  163.989669
  160.683247
  157.232584
  153.903971
  150.530977
  147.113601
  143.829369
  140.378707
  137.027903
  133.643813
  130.281914
  126.920015
  123.502639
  120.196217
  116.812127
  113.383655
  110.021756
  106.626571
  103.286862
   99.880582
   96.529778
   93.167879
   89.794884
   86.399699
   83.059991
   79.642615
   76.291811
   72.941007
   69.568012
   66.217209
   62.777642
   59.404647
   56.053843
   52.680849
   49.296759
   45.912669
   42.572961
   39.166680
   35.804781
   32.409596
   29.003315
   25.707988
   22.312803
   18.928713
   15.622291
   12.149438
    8.876301
    5.447830
    2.108122
  358.798199
  355.488277
  352.178354
  348.772074
  345.443461
  342.059371
  338.708567
  335.402145
  331.984769
  328.611774
  325.238780
  321.843594
  318.537172
  315.097605
  311.757897
  308.351616
  304.967526
  301.638913
  298.221537
  294.881829
  291.519930
  288.113649
  284.762845
  281.378755
  277.994665
  274.643861
  271.248676
  267.864586
  264.513782
  261.129693
  257.789984
  254.383703
  251.021804
  247.648810
  244.220338
  240.891725
  237.496540
  234.156832
  230.794932
  227.310984
  224.026753
  220.609377
  217.247477
  213.874483
  210.468202
  207.139589
  203.733308
  200.382505
  197.053892
  193.625420
  190.318998
  186.901622
  183.573009
  180.188919
  176.749352
  173.409644
  170.036649
  166.685845
  163.246279
  159.906570
  156.555766
  153.171676
  149.787587
  146.381306
  143.074884
  139.690794
  136.273418
  132.933709
  129.549619
  126.187720
  122.814726
  119.430636
  116.079832
  112.673551
  109.311652
  105.927562
  102.521281
   99.148287
   95.830769
   92.435584
   89.129162
   85.689595
   82.294410
   78.954701
   75.515134
   72.241998
   68.813527
   65.440532
   62.134110
   58.694543
   55.354835
   51.948554
   48.553369
   45.246947
   41.829570
   38.489862
   35.105772
   31.688396
   28.337592
   24.964598
   21.602699
   18.251895
   14.856710
   11.494810
    8.121816
    4.782107
    1.398017
  358.036416
  354.674814
  351.479346
  348.117446
  344.766643
  341.371457
  338.020654
  334.647659
  331.241378
  327.912765
  324.506485
  321.166776
  317.771591
  314.442978
  311.081079
  307.652607
  304.346185
  300.917714
  297.566910
  294.227201
  290.765444
  287.470117
  284.030550
  280.679746
  277.295656
  273.900471
  270.582954
  267.176673
  263.836964
  260.475065
  257.124262
  253.751267
  250.344986
  246.949801
  243.610093
  240.226003
  236.841913
  233.480014
  230.040447
  226.711834
  223.338839
  219.976940
  216.637232
  213.197665
  209.835766
  206.473866
  203.067586
  199.750068
  196.332692
  192.992984
  189.619989
  186.202613
  182.896191
  179.478815
  176.105820
  172.755016
  169.326545
  166.009027
  162.547270
  159.251943
  155.845662
  152.439382
  149.099673
  145.693392
  142.386970
  139.036166
  135.618790
  132.256891
  128.861706
  125.533093
  122.171194
  118.753818
  115.369728
  111.996733
  108.612643
  105.261840
  101.888845
   98.471469
   95.120665
   91.736575
   88.396867
   84.979491
   81.639782
   78.255692
   74.871603
   71.587371
   68.125613
   64.774810
   61.412910
   57.973344
   54.689112
   51.271736
   47.898742
   44.514652
   41.086180
   37.779758
   34.340191
   31.011578
   27.660774
   24.232303
   20.903690
   17.519600
   14.179892
   10.806897
    7.422807
    4.060908
    0.676818
  357.365145
  354.053473
  350.747051
  347.385152
  344.056539
  340.628067
  337.310549
  333.915364
  330.553465
  327.224852
  323.796381
  320.445577
  317.061487
  313.688492
  310.370975
  306.920312
  303.580604
  300.185419
  296.845710
  293.528193
  290.066435
  286.748918
  283.320446
  279.969642
  276.618839
  273.190367
  269.861754
  266.444378
  263.104670
  259.753866
  256.358681
  252.963495
  249.590501
  246.206411
  242.855607
  239.493708
  236.109618
  232.747719
  229.308152
  225.979539
  222.617640
  219.222454
  215.860555
  212.432084
  209.125662
  205.697190
  202.290909
  199.017773
  195.600397
  192.249593
  188.887694
  185.425937
  182.119514
  178.702138
  175.362430
  172.011626
  168.572059
  165.254542
  161.814975
  158.464171
  155.124463
  151.718182
  148.389569
  144.972193
  141.632485
  138.270585
  134.864305
  131.502406
  128.118316
  124.723130
  121.372327
  118.032618
  114.648528
  111.253343
  107.869253
  104.496259
  101.112169
   97.716983
   94.366180
   90.959899
   87.664572
   84.291577
   80.863106
   77.545588
   74.117117
   70.799599
   67.404414
   64.064706
   60.680616
   57.252144
   53.912436
   50.517250
   47.144256
   43.793452
   40.364981
   37.058558
   33.641182
   30.268188
   26.950670
   23.522199
   20.193586
   16.809496
   13.403215
   10.085697
    6.668321
    3.317518
   -0.055477
  356.660589
  353.376655
  350.036947
  346.663952
  343.268767
  339.895772
  336.544968
  333.194165
  329.832266
  326.459271
  323.064086
  319.735473
  316.340287
  312.978388
  309.594298
  306.188018
  302.848309
  299.497505
  296.113416
  292.762612
  289.334140
  285.994432
  282.610342
  279.192966
  275.875448
  272.458072
  269.118364
  265.745369
  262.316898
  259.021571
  255.626386
  252.253391
  248.902587
  245.463021
  242.101121
  238.761413
  235.355132
  231.959947
  228.620239
  225.191767
  221.852059
  218.379206
  214.984020
  211.666503
  208.215841
  204.876132
  201.458756
  198.085762
  194.779339
  191.350868
  188.000064
  184.582688
  181.220789
  177.936557
  174.496991
  171.146187
  167.751002
  164.344721
  161.038299
  157.620923
  154.270119
  150.874933
  147.468653
  144.117849
  140.733759
  137.371860
  133.965579
  130.603680
  127.263972
  123.879882
  120.573459
  117.222656
  113.827470
  110.465571
  107.081481
  103.675201
  100.324397
   96.940307
   93.545122
   90.216509
   86.799133
   83.448329
   80.053143
   76.691244
   73.340441
   69.911969
   66.649928
   63.165980
   59.837367
   56.475468
   53.058092
   49.740574
   46.289912
   42.939108
   39.543923
   36.159833
   32.875601
   29.413844
   26.074135
   22.734427
   19.317051
   15.999533
   12.593253
    9.242449
    5.869454
    2.474269
  359.168045
  355.861821
  352.555596
  349.249175
  345.876180
  342.480995
  339.130191
  335.735006
  332.406393
  329.033398
  325.649308
  322.243028
  318.870033
  315.519229
  312.146235
  308.751050
  305.455723
  302.016156
  298.632066
  295.270167
  291.874982
  288.546369
  285.128992
  281.755998
  278.383003
  274.954532
  271.670300
  268.252924
  264.913216
  261.540221
  258.100655
  254.805328
  251.410142
  248.092625
  244.719630
  241.268968
  237.951450
  234.567361
  231.161080
  227.810276
  224.403995
  221.019905
  217.691292
  214.285012
  210.923113
  207.539023
  204.143837
  200.837415
  197.420039
  194.069235
  190.751718
  187.278865
  183.950252
  180.555066
  177.159881
  173.853459
  170.413892
  167.074184
  163.690094
  160.283813
  156.933009
  153.526729
  150.198115
  146.847312
  143.396650
  140.090227
  136.706137
  133.322047
  129.971244
  126.564963
  123.225255
  119.841165
  116.423789
  113.084080
  109.722181
  106.304805
  102.954001
   99.525530
   96.185821
   92.801731
   89.428737
   86.089028
   82.671652
   79.365230
   75.936759
   72.552669
   69.279533
   65.773394
   62.478067
   59.060691
   55.709887
   52.359083
   48.919516
   45.601999
   42.206813
   38.844914
   35.460824
   32.032353
   28.759217
   25.319650
   21.968846
   18.629138
   15.222857
   11.872053
    8.476868
    5.126064
    1.775260
  358.363729
  354.952199
  351.767825
  348.472499
  345.132790
  341.737605
  338.386801
  334.969425
  331.640812
  328.234531
  324.894823
  321.544019
  318.148834
  314.786935
  311.447226
  308.063136
  304.679046
  301.294956
  297.877580
  294.560063
  291.187068
  287.791883
  284.429984
  281.001512
  277.661804
  274.288809
  270.904719
  267.609393
  264.180921
  260.819022
  257.434932
  254.028651
  250.766611
  247.327044
  243.942954
  240.569959
  237.174774
  233.868352
  230.406594
  227.089077
  223.693891
  220.298706
  216.981188
  213.519431
  210.213008
  206.817823
  203.433733
  200.082929
  196.698840
  193.359131
  189.975041
  186.568761
  183.251243
  179.822771
  176.427586
  173.076782
  169.670502
  166.286412
  162.891227
  159.473850
  156.167428
  152.716766
  149.388153
  146.048445
  142.642164
  139.302455
  135.862889
  132.489894
  129.116900
  125.710619
  122.415292
  118.986821
  115.669303
  112.318499
  108.912218
  105.594701
  102.132943
   98.771044
   95.386954
   92.002864
   88.674251
   85.279066
   81.917167
   78.544172
   75.148987
   71.842565
   68.436284
   65.052194
   61.723581
   58.250728
   54.955401
   51.549121
   48.198317
   44.825322
   41.407946
   38.079333
   34.673052
   31.277867
   27.938159
   24.565164
   21.192170
   17.830270
   14.435085
   11.095377
    7.689096
    4.382674
    1.009679
  357.670268
  354.330857
  351.091007
  347.718013
  344.367209
  340.960928
  337.587934
  334.248225
  330.853040
  327.502236
  324.129242
  320.756247
  317.394348
  314.032449
  310.659454
  307.253174
  303.935656
  300.529375
  297.156381
  293.805577
  290.366010
  287.037397
  283.653307
  280.291408
  276.918414
  273.523228
  270.205711
  266.821621
  263.426436
  260.086727
  256.636065
  253.340738
  249.923362
  246.550367
  243.188468
  239.771092
  236.475765
  233.080580
  229.685395
  226.356782
  222.906120
  219.588602
  216.182321
  212.798231
  209.480714
  206.074433
  202.690343
  199.339539
  195.944354
  192.571359
  189.231651
  185.758798
  182.385804
  178.990618
  175.595433
  172.255725
  168.805062
  165.443163
  162.114550
  158.719365
  155.379656
  151.951185
  148.589286
  145.238482
  141.821106
  138.525779
  135.141689
  131.801981
  128.417891
  125.044896
  121.716283
  118.276716
  114.959199
  111.564014
  108.102256
  104.818024
  101.389553
   98.083131
   94.732327
   91.281665
   87.953052
   84.546771
   81.207063
   77.834068
   74.416692
   71.099174
   67.670703
   64.319899
   60.946905
   57.507338
   54.189820
   50.783540
   47.421640
   44.048646
   40.653461
   37.291561
   33.940758
   30.545572
   27.228055
   23.843965
   20.482066
   17.120166
   13.669504
   10.363082
    6.978992
    3.594902
    0.266289
  356.937973
  353.609658
  350.303236
  346.941337
  343.634914
  340.195347
  336.844544
  333.482645
  330.087459
  326.825418
  323.363661
  320.012857
  316.639863
  313.222487
  309.893873
  306.498688
  303.136789
  299.819271
  296.379705
  293.017805
  289.655906
  286.238530
  282.876631
  279.481446
  276.163928
  272.735457
  269.384653
  266.044944
  262.683045
  259.276765
  255.937056
  252.497489
  249.179972
  245.784786
  242.422887
  239.072083
  235.599231
  232.270618
  228.942004
  225.513533
  222.162729
  218.767544
  215.416740
  212.065936
  208.681846
  205.364329
  201.902571
  198.585054
  195.212059
  191.816874
  188.477165
  185.026503
  181.697890
  178.291609
  174.907520
  171.578907
  168.139340
  164.799631
  161.426637
  158.009261
  154.702838
  151.263272
  147.923563
  144.550569
  141.166479
  137.826770
  134.365013
  131.091877
  127.674501
  124.301506
  120.950702
  117.511135
  114.204713
  110.798433
  107.414343
  104.074634
  100.679449
   97.328645
   93.889078
   90.527179
   87.187471
   83.770095
   80.452577
   77.068487
   73.662206
   70.344689
   66.905122
   63.532127
   60.181324
   56.797234
   53.424239
   50.073435
   46.656059
   43.349637
   39.910070
   36.514885
   33.186272
   29.724514
   26.429187
   23.034002
   19.672103
   16.332395
   12.870637
    9.575310
    6.157934
    2.818226
  359.508303
  356.198381
  352.888458
  349.537655
  346.220137
  342.824952
  339.451957
  336.078963
  332.683777
  329.344069
  325.982170
  322.575889
  319.236181
  315.840995
  312.501287
  309.117197
  305.688726
  302.393399
  298.976023
  295.647410
  292.230034
  288.823753
  285.517331
  282.088859
  278.738055
  275.353966
  271.969876
  268.641263
  265.234982
  261.884178
  258.500088
  255.115998
  251.798481
  248.381105
  245.008110
  241.635116
  238.251026
  234.922413
  231.482846
  228.143137
  224.736857
  221.352767
  218.024154
  214.617873
  211.278165
  207.871884
  204.487794
  201.170276
  197.752900
  194.379906
  191.040197
  187.633917
  184.294208
  180.876832
  177.426170
  174.108652
  170.657990
  167.351568
  163.967478
  160.539007
  157.299157
  153.837399
  150.497691
  147.124696
  143.729511
  140.400898
  136.983522
  133.621623
  130.259723
  126.842347
  123.513734
  120.085263
  116.734459
  113.394751
  109.988470
  106.626571
  103.220290
   99.891677
   96.529778
   93.123497
   89.772694
   86.377508
   82.982323
   79.609328
   76.280715
   72.896625
   69.512536
   66.106255
   62.744356
   59.426838
   56.031653
   52.703040
   49.252378
   45.890478
   42.528579
   39.089012
   35.815876
   32.365214
   29.047696
   25.652511
   22.257326
   18.961999
   15.500241
   12.182724
    8.809729
    5.458925
    2.097026
  358.764913
  355.432800
  352.100687
  348.760978
  345.454556
  342.003894
  338.686376
  335.280096
  331.962578
  328.589583
  325.150017
  321.910167
  318.459504
  315.097605
  311.757897
  308.307235
  305.011908
  301.572341
  298.221537
  294.870733
  291.464453
  288.091458
  284.696273
  281.367660
  277.983570
  274.610575
  271.259772
  267.875682
  264.502687
  261.118597
  257.723412
  254.383703
  250.999614
  247.604428
  244.231434
  240.880630
  237.485445
  234.145736
  230.695074
  227.344270
  223.971276
  220.576090
  217.269668
  213.819006
  210.434916
  207.084112
  203.733308
  200.393600
  196.954033
  193.547753
  190.141472
  186.768477
  183.473150
  179.989202
  176.738257
  173.320881
  169.870219
  166.663655
  163.124229
  159.773426
  156.467003
  153.005246
  149.743205
  146.325829
  142.997216
  139.590935
  136.240131
  132.878232
  129.438666
  126.132243
  122.770344
  119.364063
  116.002164
  112.606979
  109.267271
  105.905371
  102.510186
   99.115001
   95.719815
   92.391202
   89.018208
   85.623023
   82.238933
   78.877034
   75.470753
   72.153235
   68.780241
   65.373960
   61.989870
   58.605780
   55.277167
   51.881982
   48.508987
   45.102707
   41.729712
   38.378908
   34.994818
   31.610728
   28.271020
   24.853644
   21.558317
   18.174227
   14.790137
   11.428238
    8.033053
    4.682249
    1.275968
  357.942105
  354.608242
  351.346201
  348.061970
  344.622403
  341.293790
  337.965177
  334.514515
  331.185902
  327.801812
  324.439912
  321.122395
  317.627351
  314.332024
  310.959030
  307.574940
  304.235231
  300.806760
  297.489242
  294.082962
  290.698872
  287.359163
  283.952883
  280.590983
  277.195798
  273.811708
  270.472000
  267.065719
  263.692725
  260.330825
  256.957831
  253.607027
  250.211842
  246.838847
  243.454757
  240.070667
  236.708768
  233.313583
  229.929493
  226.556498
  223.161313
  219.821605
  216.448610
  213.053425
  209.669335
  206.285245
  202.923346
  199.539256
  196.210643
  192.815458
  189.442463
  186.124945
  182.707569
  179.334575
  175.939390
  172.510918
  169.215591
  165.787120
  162.425221
  159.096608
  155.645945
  152.328428
  148.933243
  145.526962
  142.242730
  138.825354
  135.463455
  132.090461
  128.695275
  125.355567
  121.938191
  118.576292
  115.236583
  111.808112
  108.446213
  105.073218
  101.666937
   98.327229
   94.920948
   91.581240
   88.186055
   84.790869
   81.484447
   78.100357
   74.705172
   71.398750
   67.981374
   64.586188
   61.224289
   57.873485
   54.522681
   51.072019
   47.721216
   44.348221
   40.953036
   37.624423
   34.207047
   30.856243
   27.505439
   24.121349
   20.759450
   17.342074
   14.002365
   10.629371
    7.200900
    3.916668
    0.510387
  357.193167
  353.875947
  350.525143
  347.229816
  343.856822
  340.483827
  337.144119
  333.726743
  330.387034
  327.002944
  323.618855
  320.301337
  316.906152
  313.566443
  310.171258
  306.753882
  303.380887
  300.030084
  296.645994
  293.295190
  289.877814
  286.527010
  283.165111
  279.781021
  276.441312
  273.035032
  269.628751
  266.289043
  262.893857
  259.531958
  256.170059
  252.797065
  249.435165
  246.028885
  242.700272
  239.249610
  235.909901
  232.470334
  229.030767
  225.724345
  222.295874
  218.900688
  215.549885
  212.121413
  208.848277
  205.397615
  202.024620
  198.673817
  195.300822
  191.961114
  188.499356
  185.170743
  181.786653
  178.435849
  175.184904
  171.689860
  168.383438
  164.954967
  161.604163
  158.308836
  154.791601
  151.507370
  148.101089
  144.750285
  141.454959
  137.982106
  134.686779
  131.247212
  127.896408
  124.567795
  121.128228
  117.799615
  114.404430
  110.998149
  107.669536
  104.252160
  100.934643
   97.550553
   94.144272
   90.804564
   87.398283
   84.036384
   80.707771
   77.312585
   73.939591
   70.555501
   67.149220
   63.820607
   60.414327
   57.063523
   53.690528
   50.284248
   46.922348
   43.549354
   40.187455
   36.814460
   33.430370
   30.090662
   26.695477
   23.289196
   19.938392
   16.543207
   13.258975
    9.808313
    6.468605
    3.117801
  359.778291
  356.438781
  353.099271
  349.815039
  346.442045
  343.013573
  339.707151
  336.311966
  332.983353
  329.665835
  326.204077
  322.864369
  319.502470
  316.118380
  312.767576
  309.361295
  306.010492
  302.615306
  299.209026
  295.880413
  292.485227
  289.167710
  285.772524
  282.355148
  278.993249
  275.620255
  272.269451
  268.885361
  265.490176
  262.183753
  258.755282
  255.360097
  252.020388
  248.658489
  245.241113
  241.890309
  238.495124
  235.166511
  231.771326
  228.376140
  225.003146
  221.574674
  218.279347
  214.873067
  211.455691
  208.104887
  204.687511
  201.403279
  197.985903
  194.612909
  191.295391
  187.778157
  184.438448
  181.120931
  177.725745
  174.386037
  170.935375
  167.573476
  164.189386
  160.871868
  157.521064
  154.092593
  150.752884
  147.368794
  143.973609
  140.611710
  137.238715
  133.921198
  130.526012
  127.130827
  123.780023
  120.340457
  117.000748
  113.616658
  110.221473
  106.903955
  103.486579
  100.102489
   96.751686
   93.356500
   89.983506
   86.621607
   83.237517
   79.919999
   76.524814
   73.151819
   69.778825
   66.372544
   63.021740
   59.648746
   56.253560
   52.936043
   49.485380
   46.145672
   42.761582
   39.377492
   36.071070
   32.598217
   29.302890
   25.896609
   22.534710
   19.217193
   15.733244
   12.460108
    9.053827
    5.703024
    2.374411
  359.042298
  355.710184
  352.378071
  349.005077
  345.698654
  342.281278
  338.952665
  335.546385
  332.173390
  328.822586
  325.460687
  322.120979
  318.725793
  315.319513
  311.968709
  308.595714
  305.267101
  301.827535
  298.454540
  295.092641
  291.697456
  288.379938
  284.984753
  281.600663
  278.216573
  274.821387
  271.492774
  268.108685
  264.757881
  261.351600
  257.989701
  254.616706
  251.299189
  247.881813
  244.497723
  241.146919
  237.773924
  234.445311
  231.005745
  227.599464
  224.248660
  220.853475
  217.502671
  214.096390
  210.756682
  207.405878
  203.977407
  200.670984
  197.253608
  193.902805
  190.540905
  187.134625
  183.817107
  180.366445
  177.037832
  173.653742
  170.258557
  166.963230
  163.501472
  160.139573
  156.755483
  153.327012
  150.042780
  146.647595
  143.296791
  139.934892
  136.539707
  133.188903
  129.771527
  126.398532
  123.069919
  119.652543
  116.323930
  112.906554
  109.522464
  106.149470
  102.743189
   99.359099
   96.030486
   92.679682
   89.273402
   85.944789
   82.494126
   79.198799
   75.792519
   72.386238
   69.079816
   65.651344
   62.322731
   58.949737
   55.521265
   52.203748
   48.797467
   45.446663
   42.029287
   38.600816
   35.316584
   31.910304
   28.559500
   25.208696
   21.769129
   18.462707
   15.056426
   11.727813
    8.354819
    4.926347
    1.597734
  358.208394
  354.819054
  351.690158
  348.317163
  344.977455
  341.560079
  338.220370
  334.891757
  331.496572
  328.123578
  324.717297
  321.322112
  318.026785
  314.631599
  311.269700
  307.885610
  304.534806
  301.150717
  297.788817
  294.382537
  291.020638
  287.592166
  284.263553
  280.912749
  277.462087
  274.177856
  270.760480
  267.409676
  264.036681
  260.630401
  257.312883
  253.917698
  250.500322
  247.204995
  243.732142
  240.459006
  237.063820
  233.646444
  230.328927
  226.889360
  223.582937
  220.165561
  216.748185
  213.397382
  210.013292
  206.673583
  203.322779
  199.927594
  196.565695
  193.203796
  189.819706
  186.468902
  183.084812
  179.667436
  176.316632
  172.932542
  169.537357
  166.197649
  162.791368
  159.440564
  156.089761
  152.661289
  149.343771
  145.915300
  142.564496
  139.202597
  135.818507
  132.512085
  129.072518
  125.732810
  122.348720
  118.931344
  115.658208
  112.174259
  108.845646
  105.450461
  102.066371
   98.771044
   95.320382
   91.980674
   88.574393
   85.201398
   81.872785
   78.455409
   75.137892
   71.720516
   68.358616
   64.996717
   61.590437
   58.272919
   54.899924
   51.493644
   48.131744
   44.758750
   41.363565
   38.001665
   34.606480
   31.255676
   27.893777
   24.476401
   21.136693
   17.763698
   14.379608
   11.084281
    7.622524
    4.249529
    0.909821
  357.587053
  354.264285
  350.991149
  347.651441
  344.322828
  340.894356
  337.532457
  334.148367
  330.742086
  327.446760
  324.007193
  320.700770
  317.327776
  313.943686
  310.615073
  307.186602
  303.791416
  300.462803
  297.034332
  293.694623
  290.321629
  286.937539
  283.553449
  280.169359
  276.840746
  273.501038
  270.083662
  266.699572
  263.304386
  259.953583
  256.624970
  253.174307
  249.812408
  246.494891
  243.099705
  239.771092
  236.342621
  232.969626
  229.563346
  226.168160
  222.850643
  219.422171
  216.071367
  212.709468
  209.325378
  206.007861
  202.557198
  199.184204
  195.811209
  192.438215
  189.142888
  185.692226
  182.341422
  178.979523
  175.528861
  172.244629
  168.816158
  165.465354
  162.047978
  158.674983
  155.379656
  151.940090
  148.578190
  145.282864
  141.843297
  138.525779
  135.108403
  131.724313
  128.384605
  124.978324
  121.649711
  118.232335
  114.881531
  111.541823
  108.113351
  104.740357
  101.378458
   98.049845
   94.599182
   91.259474
   87.864289
   84.546771
   81.129395
   77.767496
   74.383406
   70.966030
   67.648512
   64.275518
   60.891428
   57.573910
   54.123248
   50.783540
   47.399450
   43.970978
   40.686747
   37.258275
   33.896376
   30.534477
   27.117101
   23.821774
   20.404398
   17.053594
   13.736076
   10.263224
    6.967897
    3.550521
    0.188621
  356.876949
  353.565276
  350.314331
  346.885860
  343.557247
  340.228634
  336.800162
  333.449358
  330.065268
  326.692274
  323.363661
  319.979571
  316.628767
  313.255773
  309.871683
  306.498688
  303.114598
  299.708318
  296.379705
  292.973424
  289.655906
  286.260721
  282.843345
  279.492541
  276.108451
  272.746552
  269.373557
  265.989468
  262.649759
  259.287860
  255.859389
  252.564062
  249.113399
  245.773691
  242.433983
  238.983320
  235.676898
  232.281713
  228.908718
  225.580105
  222.118348
  218.778639
  215.383454
  212.010460
  208.692942
  205.264470
  201.935857
  198.518481
  195.112201
  191.839065
  188.399498
  185.059789
  181.664604
  178.269419
  174.940806
  171.534525
  168.172626
  164.810727
  161.426637
  158.042547
  154.680648
  151.296558
  147.956849
  144.528378
  141.221956
  137.815675
  134.409394
  131.102972
  127.674501
  124.334792
  120.917416
  117.555517
  114.182522
  110.798433
  107.425438
  104.107920
  100.657258
   97.306454
   93.955651
   90.560465
   87.254043
   83.814476
   80.441482
   77.101773
   73.640016
   70.333593
   66.927313
   63.609795
   60.281182
   56.819424
   53.457525
   50.062340
   46.678250
   43.338542
   39.921166
   36.581457
   33.230653
   29.791087
   26.462474
   23.078384
   19.683198
   16.376776
   12.959400
    9.608596
    6.235602
    2.818226
  359.508303
  356.198381
  352.888458
  349.615322
  346.209042
  342.824952
  339.485243
  336.034581
  332.739254
  329.366260
  325.959979
  322.642461
  319.258371
  315.874282
  312.501287
  309.072816
  305.766393
  302.349017
  299.020404
  295.614124
  292.196748
  288.879230
  285.472949
  282.133241
  278.760246
  275.342870
  272.025353
  268.574690
  265.246077
  261.895274
  258.477897
  255.138189
  251.754099
  248.370009
  245.030301
  241.624020
  238.239930
  234.855840
  231.438464
  228.098756
  224.747952
  221.363862
  218.024154
  214.595682
  211.233783
  207.882979
  204.465603
  201.159181
  197.775091
  194.391001
  191.062388
  187.600631
  184.283113
  180.887928
  177.526028
  174.208511
  170.768944
  167.418140
  164.011860
  160.616674
  157.299157
  153.881781
  150.553168
  147.213459
  143.773892
  140.434184
  137.061189
  133.643813
  130.337391
  126.931110
  123.602497
  120.196217
  116.801031
  113.450228
  110.055042
  106.682048
  103.397816
   99.913868
   96.574159
   93.167879
   89.783789
   86.444080
   83.093277
   79.720282
   76.358383
   72.929912
   69.590203
   66.183922
   62.810928
   59.449029
   56.053843
   52.725230
   49.296759
   45.957051
   42.595151
   39.133394
   35.826972
   32.409596
   29.069887
   25.752370
   22.301707
   18.961999
   15.600100
   12.193819
    8.909588
    5.458925
    2.130312
  358.812993
  355.495673
  352.178354
  348.827551
  345.476747
  342.103752
  338.752948
  335.357763
  331.995864
  328.578488
  325.238780
  321.876880
  318.503886
  315.153082
  311.757897
  308.395998
  305.011908
  301.627818
  298.288109
  294.881829
  291.508834
  288.158030
  284.740654
  281.412041
  278.016856
  274.621671
  271.337439
  267.886777
  264.535973
  261.174074
  257.690126
  254.428085
  251.043995
  247.659905
  244.320197
  240.880630
  237.563112
  234.156832
  230.783837
  227.466319
  223.993466
  220.664853
  217.247477
  213.863387
  210.523679
  207.150684
  203.810976
  200.449077
  197.020605
  193.680897
  190.307903
  186.934908
  183.595200
  180.200014
  176.804829
  173.442930
  170.069935
  166.730227
  163.312851
  159.939856
  156.611243
  153.149486
  149.843063
  146.447878
  143.074884
  139.779557
  136.328894
  133.000281
  129.582905
  126.187720
  122.903489
  119.497208
  116.102023
  112.762314
  109.311652
  106.016325
  102.576758
   99.203764
   95.864055
   92.479965
   89.151352
   85.733976
   82.327696
   79.032369
   75.614993
   72.264189
   68.880099
   65.496009
   62.134110
   58.783306
   55.343739
   51.970745
   48.631036
   45.224756
   41.873952
   38.467671
   35.105772
   31.766064
   28.348688
   25.042265
   21.635985
   18.240799
   14.934377
   11.472620
    8.166197
    4.793203
    1.342541
  357.997582
  354.652623
  351.479346
  348.128542
  344.744452
  341.382553
  338.009558
  334.647659
  331.307951
  327.868384
  324.528675
  321.133490
  317.782686
  314.442978
  311.025602
  307.696989
  304.301804
  300.884428
  297.533624
  294.149534
  290.809825
  287.414640
  284.041646
  280.635365
  277.284561
  273.944853
  270.605144
  267.154482
  263.748201
  260.441779
  257.035498
  253.717981
  250.300605
  246.916515
  243.543520
  240.148335
  236.830817
  233.402346
  230.040447
  226.678548
  223.216790
  219.921463
  216.492992
  213.153283
  209.813575
  206.407294
  203.089777
  199.683496
  196.343787
  192.959698
  189.509035
  186.235899
  182.840714
  179.501006
  176.139106
  172.677349
  169.359831
  165.942455
  162.569461
  159.251943
  155.812376
  152.505954
  149.099673
  145.704488
  142.375875
  138.991785
  135.640981
  132.212510
  128.861706
  125.510902
  122.126812
  118.753818
  115.336442
  111.963447
  108.601548
  105.239649
  101.855559
   98.493660
   95.120665
   91.725480
   88.363581
   84.968395
   81.661973
   78.233502
   74.871603
   71.520799
   68.092327
   64.752619
   61.390720
   57.995534
   54.678017
   51.227355
   47.887646
   44.492461
   41.075085
   37.757567
   34.318000
   31.022673
   27.660774
   24.221208
   20.936976
   17.464123
   14.113319
   10.817992
    7.389521
    4.027622
    0.643532
  357.315217
  353.986901
  350.713765
  347.385152
  344.023252
  340.672449
  337.243977
  333.915364
  330.497988
  327.202661
  323.785285
  320.434481
  317.028201
  313.633015
  310.315498
  306.920312
  303.547318
  300.218705
  296.756947
  293.439430
  290.022054
  286.649059
  283.342637
  279.880879
  276.574457
  273.145986
  269.806277
  266.466569
  263.049193
  259.731675
  256.325394
  252.974591
  249.623787
  246.173125
  242.844512
  239.471517
  236.076332
  232.747719
  229.308152
  225.968444
  222.562163
  219.189168
  215.838365
  212.420988
  209.114566
  205.730476
  202.324196
  198.962296
  195.600397
  192.227403
  188.909885
  185.481414
  182.119514
  178.757615
  175.340239
  171.978340
  168.594250
  165.221256
  161.870452
  158.453076
  155.102272
  151.751468
  148.334092
  145.005479
  141.599198
  138.248395
  134.919782
  131.524596
  128.173793
  124.734226
  121.383422
  118.032618
  114.626338
  111.297724
  107.869253
  104.485163
  101.145455
   97.750269
   94.443847
   91.026471
   87.642381
   84.247196
   80.829820
   77.556684
   74.128212
   70.777408
   67.415509
   64.020324
   60.702806
   57.241049
   53.901340
   50.561632
   47.110970
   43.771261
   40.342790
   37.014177
   33.630087
   30.201616
   26.917384
   23.488913
   20.171395
   16.776210
   13.369929
   10.041316
    6.635035
    3.317518
   -0.054164
  358.075249
  353.287892
  349.992565
  346.652857
  343.279862
  339.873582
  336.544968
  333.138688
  329.798979
  326.425985
  323.052990
  319.679996
  316.284810
  312.934007
  309.583203
  306.176922
  302.815023
  299.442029
  296.024652
  292.673849
  289.311950
  285.905669
  282.588151
  279.181871
  275.819971
  272.491358
  269.018505
  265.712083
  262.316898
  258.977189
  255.604195
  252.186819
  248.880397
  245.485211
  242.101121
  238.750318
  235.332942
  232.015424
  228.586952
  225.202863
  221.840963
  218.434683
  215.094974
  211.744170
  208.304604
  204.998181
  201.569710
  198.241097
  194.879198
  191.484012
  188.122113
  184.760214
  181.387220
  178.036416
  174.652326
  171.268236
  167.850860
  164.488961
  161.138157
  157.765162
  154.392168
  151.019173
  147.612893
  144.273184
  140.911285
  137.560481
  134.132010
  130.725729
  127.408212
  124.046312
  120.662222
  117.289228
  113.882947
  110.532143
  107.148054
  103.752868
  100.402064
   96.995784
   93.633885
   90.283081
   86.843514
   83.559283
   80.164097
   76.791103
   73.440299
   69.989637
   66.683214
   63.276934
   59.903939
   56.564231
   53.135759
   49.796051
   46.389770
   43.027871
   39.654877
   36.259691
   32.919983
   29.480416
   26.151803
   22.800999
   19.383623
   16.088296
   12.659825
    9.275735
    5.947122
    2.540841
  359.219823
  355.898806
  352.577788
  349.293556
  345.876180
  342.536472
  339.163477
  335.768292
  332.395298
  329.055589
  325.671499
  322.320695
  318.947701
  315.563611
  312.179521
  308.806527
  305.489009
  302.082728
  298.731924
  295.347835
  291.919363
  288.579655
  285.217756
  281.811475
  278.482862
  275.043295
  271.736873
  268.341687
  264.968693
  261.640080
  258.222704
  254.871900
  251.487810
  248.125911
  244.764012
  241.346636
  238.029118
  234.645028
  231.227652
  227.899039
  224.448377
  221.119764
  217.746769
  214.351584
  211.011876
  207.561213
  204.265887
  200.892892
  197.497707
  194.191284
  190.762813
  187.389818
  184.050110
  180.677115
  177.304121
  173.908936
  170.558132
  167.185137
  163.767761
  160.439148
  157.032868
  153.670968
  150.297974
  146.913884
  143.563080
  140.178990
  136.817091
  133.455192
  130.026720
  126.675917
  123.325113
  119.929928
  116.590219
  113.195034
  109.788753
  106.415759
  103.020573
   99.703056
   96.285680
   92.923781
   89.528595
   86.166696
   82.826988
   79.431802
   76.047712
   72.708004
   69.268437
   65.950920
   62.577925
   59.160549
   55.831936
   52.425655
   49.052661
   45.679666
   42.262290
   38.978059
   35.527396
   32.176593
   28.759217
   25.386222
   22.101991
   18.684614
   15.333811
   11.938625
    8.532345
    5.225922
    1.786356
  358.363729
  354.941103
  351.823302
  348.539071
  345.177172
  341.837463
  338.453373
  335.024902
  331.707384
  328.290008
  324.983586
  321.621687
  318.182120
  314.853507
  311.447226
  308.118613
  304.723428
  301.306052
  297.988534
  294.560063
  291.231450
  287.847360
  284.463270
  281.123561
  277.672899
  274.355382
  270.949101
  267.565011
  264.247493
  260.841213
  257.479314
  254.106319
  250.722229
  247.415807
  243.987335
  240.658722
  237.219156
  233.835066
  230.506453
  227.122363
  223.782654
  220.309801
  216.914616
  213.619289
  210.224104
  206.884395
  203.489210
  200.116216
  196.732126
  193.359131
  190.052709
  186.635333
  183.262338
  179.889344
  176.505254
  173.176641
  169.770360
  166.397366
  163.046562
  159.629186
  156.278382
  152.916483
  149.532393
  146.192684
  142.808595
  139.424505
  136.018224
  132.645229
  129.349903
  125.921431
  122.570627
  119.186537
  115.791352
  112.451644
  109.045363
  105.683464
  102.310469
   98.881998
   95.553385
   92.180390
   88.807396
   85.445497
   82.005930
   78.666221
   75.293227
   71.931328
   68.580524
   65.129862
   61.812344
   58.450445
   55.055260
   51.726647
   48.264889
   44.902990
   41.552186
   38.057142
   34.817292
   31.388821
   28.015826
   24.709404
   21.247647
   17.919033
   14.568230
   11.173044
    7.822241
    4.415960
    1.076252
  357.725746
  354.375239
  351.135389
  347.740204
  344.444877
  341.094073
  337.654506
  334.325893
  330.886326
  327.613190
  324.229100
  320.811724
  317.494207
  314.054640
  310.759313
  307.330841
  303.957847
  300.629234
  297.189667
  293.849959
  290.454773
  287.048493
  283.719880
  280.324694
  276.984986
  273.567610
  270.205711
  266.877098
  263.493008
  260.131109
  256.702637
  253.329643
  250.001030
  246.628035
  243.255041
  239.870951
  236.464670
  233.147152
  229.751967
  226.356782
  222.961596
  219.599697
  216.237798
  212.853708
  209.491809
  206.152101
  202.723629
  199.383921
  196.010926
  192.649027
  189.364796
  185.925229
  182.518948
  179.145953
  175.761864
  172.422155
  169.026970
  165.631785
  162.325362
  158.863605
  155.546087
  152.128711
  148.755716
  145.438199
  142.009727
  138.692210
  135.274834
  131.890744
  128.562131
  125.144755
  121.793951
  118.420956
  115.014676
  111.708253
  108.224305
  104.906787
  101.533793
   98.138608
   94.798899
   91.370428
   88.052910
   84.691011
   81.262540
   77.945022
   74.527646
   71.187937
   67.814943
   64.386471
   61.068954
   57.651578
   54.311869
   50.905589
   47.499308
   44.159600
   40.742224
   37.402515
   33.996234
   30.634335
   27.305722
   23.910537
   20.548638
   17.164548
   13.802649
   10.474036
    7.056660
    3.728047
    0.310671
  357.004546
  353.698421
  350.380903
  347.052290
  343.657105
  340.317397
  336.944402
  333.571408
  330.220604
  326.836514
  323.463519
  320.079429
  316.695339
  313.355631
  309.949350
  306.587451
  303.236647
  299.830367
  296.490658
  293.128759
  289.689192
  286.349484
  282.932108
  279.592399
  276.219405
  272.846410
  269.484511
  266.089326
  262.749618
  259.376623
  256.003628
  252.608443
  249.224353
  245.873549
  242.489460
  239.138656
  235.765661
  232.337190
  229.008577
  225.624487
  222.240397
  218.867402
  215.461122
  212.099223
  208.737323
  205.386520
  202.013525
  198.607244
  195.300822
  191.883446
  188.532642
  185.170743
  181.775558
  178.424754
  175.018473
  171.634383
  168.283580
  164.844013
  161.537591
  158.131310
  154.769411
  151.418607
  148.012326
  144.694809
  141.288528
  137.893343
  134.564730
  131.158449
  127.852027
  124.401364
  121.050561
  117.677566
  114.282381
  110.953768
  107.536392
  104.152302
  100.779307
   97.361931
   94.099890
   90.660324
   87.287329
   83.903239
   80.496959
   77.201632
   73.773160
   70.433452
   67.060457
   63.609795
   60.336659
   56.885997
   53.535193
   50.162198
   46.755918
   43.416209
   40.032119
   36.670220
   33.297226
   29.835468
   26.562332
   23.144956
   19.827438
   16.421158
   13.037068
    9.730645
    6.302174
    2.984656
  359.667337
  356.350017
  353.032698
  349.615322
  346.319995
  342.880429
  339.562911
  336.167726
  332.728159
  329.510500
  326.037647
  322.731224
  319.324944
  315.974140
  312.634432
  309.183769
  305.844061
  302.459971
  299.098072
  295.758363
  292.296606
  288.979088
  285.572808
  282.222004
  278.860105
  275.431633
  272.114116
  268.696739
  265.357031
  262.006227
  258.599947
  255.249143
  251.842862
  248.492058
  245.174541
  241.712783
  238.417456
  234.988985
  231.627086
  228.265186
  224.858906
  221.463721
  218.101821
  214.739922
  211.411309
  207.993933
  204.620939
  201.259039
  197.886045
  194.546336
  191.162247
  187.767061
  184.405162
  181.032168
  177.692459
  174.263988
  170.924279
  167.506903
  164.167195
  160.794200
  157.399015
  154.048211
  150.653026
  147.302222
  143.951418
  140.511852
  137.183239
  133.810244
  130.459440
  127.053160
  123.691260
  120.340457
  116.911985
  113.594467
  110.132710
  106.815192
  103.453293
  100.024822
   96.696209
   93.267737
   89.950220
   86.566130
   83.170944
   79.820141
   76.380574
   73.074151
   69.678966
   66.305972
   62.977359
   59.548887
   56.209179
   52.769612
   49.429904
   46.045814
   42.617342
   39.322015
   35.882449
   32.542740
   29.158650
   25.796751
   22.434852
   19.028571
   15.711054
   12.293677
    8.931778
    5.580975
    2.163598
  358.857374
  355.551151
  352.244927
  348.905218
  345.498938
  342.181420
  338.797330
  335.402145
  332.051341
  328.678346
  325.338638
  321.932357
  318.592649
  315.208559
  311.768992
  308.462570
  305.089575
  301.738772
  298.321395
  294.926210
  291.597597
  288.202412
  284.851608
  281.478614
  278.061237
  274.721529
  271.337439
  268.019921
  264.624736
  261.185169
  257.889842
  254.483562
  251.166044
  247.759763
  244.364578
  241.035965
  237.618589
  234.278881
  230.861505
  227.466319
  224.170992
  220.731426
  217.380622
  214.018723
  210.612442
  207.283829
  203.899739
  200.548935
  197.153750
  193.802946
  190.474333
  187.045862
  183.728344
  180.288777
  176.937974
  173.576074
  170.169794
  166.841181
  163.412709
  160.050810
  156.700006
  153.282630
  149.931826
  146.547737
  143.196933
  139.846129
  136.439848
  133.100140
  129.671668
  126.331960
  122.981156
  119.563780
  116.224072
  112.806696
  109.455892
  106.082897
  102.643331
   99.314718
   95.941723
   92.568728
   89.173543
   85.811644
   82.494126
   79.087846
   75.737042
   72.308570
   68.968862
   65.606963
   62.189587
   58.827688
   55.432502
   52.081699
   48.686513
   45.280233
   41.962715
   38.523148
   35.227821
   31.777159
   28.459641
   25.119933
   21.680366
   18.351753
   14.945473
   11.594669
    8.232770
    4.826489
    1.464590
  358.114083
  354.763577
  351.523727
  348.161828
  344.844310
  341.460220
  338.120512
  334.714231
  331.341237
  328.012624
  324.628534
  321.266635
  317.849259
  314.509550
  311.180937
  307.752466
  304.401662
  300.973191
  297.655673
  294.271583
  290.843112
  287.525594
  284.097122
  280.768509
