    1   -6.016507    0.000186    2.707272  359.367762  356.028252    3.339510
    2   -6.016595    0.000176    2.352220  359.012710  355.673200    3.339510
    3   -6.016976    0.000186    1.974977  358.469135  354.963294    3.505841
    4   -6.017166    0.000195    1.508971  358.125179  354.741386    3.383792
    5   -6.017057    0.000194    1.198301  357.803413  354.408525    3.394888
    6   -6.016468    0.000189    0.832153  357.459456  354.086759    3.372697
    7   -6.016956    0.000199    0.432720  357.060023  353.687326    3.372697
    8   -6.017191    0.000179    0.033286  356.660589  353.287892    3.372697
    9   -6.015999    0.000177    2.962466  359.626654  356.290843    3.335812
   10   -6.017821    0.000189    2.540841  359.205029  355.869218    3.335812
   11   -6.018139    0.000164    2.074835  358.735325  355.395815    3.339510
   12   -6.017323    0.000169    1.719783  358.291609  354.863436    3.428174
   13   -6.016644    0.000182    1.342541  357.942106  354.541670    3.400435
   14   -6.016591    0.000234    0.876535  357.514933  354.153331    3.361602
   15   -6.016834    0.000170    0.510387  357.154333  353.798279    3.356054
   16   -6.017346    0.000180    0.155335  356.793734  353.432132    3.361601
   17   -6.017735    0.000182    3.095610  359.741306  356.387002    3.354304
   18   -6.017220    0.000160    2.673986  359.334476  355.994966    3.339510
   19   -6.016894    0.000159    2.374411  359.027504  355.680597    3.346907
   20   -6.016299    0.000174    2.019359  358.513517  355.007675    3.505842
   21   -6.016237    0.000193    1.686497  358.269419  354.852340    3.417079
   22   -6.016757    0.000183    1.353636  357.964296  354.574956    3.389340
   23   -6.015683    0.000185    0.954202  357.587053  354.219904    3.367149
   24   -6.016793    0.000167    0.576960  357.215358  353.853756    3.361602
   25   -6.016714    0.000161    0.277384  356.910235  353.543086    3.367149
   26   -6.016746    0.000152    3.273136  359.915134  356.557131    3.358002
   27   -6.016814    0.000163    2.862607  359.519399  356.176190    3.343208
   28   -6.015321    0.000179    2.518651  359.175442  355.832234    3.343209
   29   -6.016818    0.000166    2.152503  358.809294  355.466086    3.343209
   30   -6.016624    0.000182    1.741974  358.313800  354.885626    3.428174
   31   -6.017362    0.000168    1.364731  357.997582  354.630433    3.367149
   32   -6.016753    0.000163    1.031870  357.670269  354.308667    3.361602
   33   -6.016758    0.000154    0.654627  357.304121  353.953615    3.350506
   34   -6.016892    0.000160    0.343957  356.971260  353.598563    3.372697
   35   -6.014639    0.001685    2.895893  358.091892  353.287892    4.804001
   36   -6.017386    0.000168    2.906989  359.545288  356.183587    3.361701
   37   -6.016083    0.000171    2.563032  359.201331  355.839630    3.361701
   38   -6.017025    0.000185    2.152503  358.805596  355.458689    3.346907
   39   -6.017621    0.000178    1.719783  358.308252  354.896722    3.411530
   40   -6.017475    0.000158    1.342541  357.947653  354.552765    3.394888
   41   -6.017360    0.000172    0.920916  357.548219  354.175522    3.372697
   42   -6.015999    0.000223    0.532578  357.176524  353.820470    3.356054
   43   -6.017216    0.000173    0.166431  356.804829  353.443227    3.361602
   44   -6.016744    0.000184    3.139992  359.781990  356.423987    3.358002
   45   -6.016658    0.000152    2.796035  359.467620  356.139206    3.328415
   46   -6.017098    0.000191    2.463174  359.105172  355.747169    3.358002
   47   -6.017121    0.000181    2.030454  358.513517  354.996580    3.516937
   48   -6.017410    0.000162    1.686497  358.263871  354.841245    3.422626
   49   -6.017088    0.000168    1.320350  357.914367  354.508383    3.405984
   50   -6.016555    0.000174    0.920916  357.542671  354.164427    3.378244
   51   -6.015468    0.000179    0.588055  357.243096  353.898138    3.344958
   52   -6.016823    0.000187    0.233003  356.876949  353.520895    3.356054
   53   -6.016720    0.000179    3.250945  359.907737  356.564528    3.343208
   54   -6.016945    0.000171    2.884798  359.567479  356.250159    3.317319
   55   -6.017045    0.000176    2.563032  359.219823  355.876615    3.343209
   56   -6.014977    0.000220    2.241266  358.883264  355.525261    3.358002
   57   -6.016523    0.000189    1.864023  358.397016  354.930008    3.467007
   58   -6.016634    0.000183    1.475685  358.086345  354.697005    3.389340
   59   -6.016365    0.000194    1.131728  357.764579  354.397430    3.367149
   60   -6.016244    0.000174    0.798867  357.431717  354.064568    3.367149
   61   -6.015949    0.000206    0.421624  357.054475  353.687326    3.367149
   62   -6.016728    0.000170    0.044382  356.710519  353.376655    3.333863
   63   -6.016582    0.000192    3.117801  359.770894  356.423987    3.346907
   64   -6.016380    0.000191    2.707272  359.371460  356.035649    3.335812
   65   -6.015391    0.000159    2.374411  359.031202  355.687994    3.343209
   66   -6.016077    0.000189    2.085931  358.546803  355.007675    3.539128
   67   -6.016352    0.000187    1.653211  358.225037  354.796863    3.428174
   68   -6.016520    0.000184    1.309254  357.919914  354.530574    3.389340
   69   -6.016687    0.000187    0.943107  357.575957  354.208808    3.367150
   70   -6.015189    0.000226    0.610246  357.237549  353.864852    3.372697
   71   -6.016958    0.000178    0.266289  356.899139  353.531990    3.367149
   72   -6.016658    0.000182    3.250945  359.889244  356.527543    3.361701
   73   -6.016962    0.000178    2.884798  359.537891  356.190984    3.346907
   74   -6.016673    0.000173    2.551937  359.201331  355.850726    3.350606
   75   -6.015862    0.000207    2.174694  358.861073  355.547452    3.313621
   76   -6.016460    0.000167    1.875119  358.430302  354.985485    3.444817
   77   -6.016290    0.000196    1.575544  358.147370  354.719196    3.428174
   78   -6.015838    0.000176    1.231587  357.864438  354.497288    3.367149
   79   -6.014721    0.000181    0.920916  357.564862  354.208808    3.356054
   80   -6.015479    0.000187    0.665723  357.293026  353.920329    3.372697
   81   -6.015857    0.000165    0.366147  357.004546  353.642944    3.361602
   82   -6.016321    0.000163    0.011095  356.649494  353.287892    3.361602
   83   -6.016169    0.000176    3.073419  359.733909  356.394399    3.339510
   84   -6.014602    0.000218    2.762749  359.430636  356.098522    3.332113
   85   -6.015817    0.000182    2.507555  359.145854  355.784153    3.361701
   86   -6.015863    0.000171    2.174694  358.820390  355.466086    3.354304
   87   -6.015516    0.000172    1.852928  358.385920  354.918912    3.467008
   88   -6.015927    0.000177    1.553353  358.147369  354.741386    3.405984
   89   -6.014931    0.000221    1.309254  357.931010  354.552765    3.378244
   90   -6.015952    0.000174    0.976393  357.609243  354.242094    3.367149
   91   -6.017212    0.000189    0.565864  357.232001  353.898138    3.333863
   92   -6.016975    0.000190    0.221908  356.882497  353.543086    3.339411
   93   -6.015997    0.000182    3.228755  359.885546  356.542338    3.343209
   94   -6.017102    0.000170    2.929179  359.574875  356.220572    3.354304
   95   -6.016619    0.000169    2.518651  359.164347  355.810043    3.354304
   96   -6.016998    0.000175    2.174694  358.842581  355.510467    3.332113
   97   -6.016613    0.000195    1.819642  358.391468  354.963294    3.428174
   98   -6.015098    0.000193    1.442399  358.064154  354.685910    3.378245
   99   -6.016471    0.000187    1.109538  357.725746  354.341953    3.383792
  100   -6.016253    0.000191    0.854344  357.470551  354.086759    3.383793
  101   -6.015924    0.000189    0.454910  357.121047  353.787184    3.333863
  102   -6.015535    0.000174    0.177526  356.843663  353.509800    3.333863
  103   -6.014971    0.000212    3.273136  359.929928  356.586719    3.343208
  104   -6.015798    0.000190    3.040133  359.682131  356.324128    3.358002
  105   -6.015769    0.000191    2.718367  359.364063  356.009760    3.354304
  106   -6.015688    0.000187    2.407697  359.068187  355.728677    3.339510
  107   -6.014862    0.000150    2.097026  358.768611  355.440197    3.328415
  108   -6.015171    0.000190    1.797451  358.363729  354.930008    3.433722
  109   -6.015505    0.000189    1.508971  358.097441  354.685910    3.411530
  110   -6.015802    0.000174    1.209396  357.808961  354.408525    3.400436
  111   -6.016098    0.000181    0.843249  357.470552  354.097855    3.372697
  112   -6.014281    0.000210    0.599150  357.220906  353.842661    3.378244
  113   -6.016038    0.000173    0.210812  356.871401  353.531990    3.339411
  114   -6.015474    0.000229    0.233003  356.749352  353.265701    3.483651
  115   -6.015666    0.000174    3.051229  359.715417  356.379606    3.335812
  116   -6.015456    0.000172    2.751653  359.397349  356.043046    3.354304
  117   -6.014231    0.000223    2.485364  359.145854  355.806344    3.339510
  118   -6.016180    0.000174    2.152503  358.816691  355.480880    3.335812
  119   -6.015465    0.000162    1.864023  358.402563  354.941103    3.461460
  120   -6.015126    0.000173    1.564448  358.186204  354.807959    3.378244
  121   -6.014650    0.000157    1.287064  357.903271  354.519479    3.383792
  122   -6.015426    0.000167    1.009679  357.648077  354.286476    3.361602
  123   -6.015142    0.000174    0.754486  357.398432  354.042378    3.356054
  124   -6.015320    0.000175    0.488197  357.121048  353.753898    3.367150
  125   -6.015294    0.000181    0.210812  356.843662  353.476513    3.367149
  126   -6.013860    0.000198    3.239850  359.892943  356.546036    3.346907
  127   -6.015569    0.000177    2.962466  359.604463  356.246461    3.358003
  128   -6.015619    0.000164    2.662890  359.323380  355.983870    3.339510
  129   -6.015717    0.000163    2.363315  359.009011  355.654708    3.354304
  130   -6.015371    0.000171    2.085931  358.750119  355.414308    3.335812
  131   -6.014608    0.000203    1.808546  358.385920  354.963294    3.422626
  132   -6.015359    0.000177    1.508971  358.108536  354.708100    3.400435
  133   -6.016073    0.000163    1.198301  357.820056  354.441811    3.378245
  134   -6.015665    0.000171    0.909821  357.553767  354.197713    3.356054
  135   -6.015321    0.000179    0.554769  357.237549  353.920329    3.317220
  136   -6.015496    0.000179    0.310671  356.949069  353.587467    3.361602
  137   -6.015511    0.000183    0.077668  356.721614  353.365560    3.356054
  138   -6.015619    0.000166    3.128896  359.781989  356.435082    3.346907
  139   -6.015950    0.000176    2.773844  359.441731  356.109618    3.332113
  140   -6.014540    0.000196    2.463174  359.142156  355.821138    3.321018
  141   -6.015631    0.000186    2.185789  358.842581  355.499372    3.343208
  142   -6.015854    0.000193    1.886214  358.391468  354.896722    3.494746
  143   -6.015881    0.000185    1.608830  358.197299  354.785768    3.411531
  144   -6.016157    0.000187    1.275968  357.875532  354.475097    3.400435
  145   -6.015468    0.000220    0.943107  357.564863  354.186618    3.378244
  146   -6.015929    0.000175    0.643532  357.276382  353.909233    3.367150
  147   -6.016127    0.000165    0.366147  356.993450  353.620753    3.372697
  148   -6.015899    0.000186    0.055477  356.688328  353.321178    3.367150
  149   -6.015077    0.000168    3.106705  359.759798  356.412892    3.346907
  150   -6.015912    0.000196    2.751653  359.423238  356.094824    3.328415
  151   -6.015698    0.000160    2.529746  359.175442  355.821138    3.354304
  152   -6.015787    0.000161    2.196885  358.853676  355.510468    3.343209
  153   -6.015478    0.000170    1.919500  358.458040  354.996580    3.461460
