  198.085762
  194.690576
  191.373059
  187.955683
  184.660356
  181.276266
  177.869985
  174.485895
  171.146187
  167.773192
  164.433484
  160.982822
  157.698590
  154.247928
  150.952601
  147.579607
  144.162231
  140.833617
  137.460623
  134.098724
  130.759015
  127.319449
  124.001931
  120.606746
  117.244846
  113.882947
  110.465571
  107.092577
  103.708487
  100.357683
   97.006879
   93.556217
   90.260890
   86.854609
   83.492710
   80.119716
   76.702340
   73.407013
   70.034018
   66.661024
   63.288029
   59.892844
   56.553135
   53.146855
   49.784956
   46.367580
   42.994585
   39.632686
   36.248596
   32.875601
   29.502607
   26.140708
   22.800999
   19.405814
   16.099392
   12.659825
    9.342307
    5.913836
    2.596318
  359.256808
  355.917298
  352.577788
