  339.041428
  335.668434
  332.362011
  328.955731
  325.616022
  322.220837
  318.925510
  315.530325
  312.135140
  308.773240
  305.378055
  302.038347
  298.665352
  295.247976
  291.919363
  288.513082
  285.151183
  281.833666
  278.394099
  275.054390
  271.670300
  268.286211
  264.913216
  261.529126
  258.167227
  254.794232
  251.354666
  247.970576
  244.630867
  241.202396
  237.829401
  234.478597
  231.083412
  227.721513
  224.348518
  220.964429
  217.702388
  214.285012
  210.900922
  207.516832
  204.132742
  200.837415
  197.431134
  194.091426
  190.729527
  187.301055
  183.961347
  180.599448
  177.182072
  173.797982
  170.458273
  167.096374
  163.656808
  160.294908
  156.988486
  153.582205
  150.220306
  146.858407
  143.496508
  140.112418
  136.750519
  133.399715
  130.037816
  126.675917
  123.280731
  119.941023
  116.590219
  113.161748
  109.855325
  106.482331
  103.098241
   99.725246
   96.352252
   93.001448
   89.606263
   86.277650
   82.904655
   79.520565
   76.158666
   72.774576
   69.423773
   66.028587
   62.688879
   59.304789
   55.909604
   52.592086
   49.174710
   45.823906
   42.450912
   39.055726
   35.738209
   32.343023
   28.981124
   25.619225
   22.201849
   18.873236
   15.533527
   12.160533
    8.765348
    5.370162
    1.974977
  358.605879
  355.236782
  351.867684
  348.583452
  345.110599
  341.826368
  338.431183
  335.058188
  331.807243
  328.434248
  325.039063
  321.710450
  318.315264
  315.019938
  311.624752
  308.229567
  304.912049
  301.494673
  298.143869
  294.770875
  291.353499
  287.991600
  284.607510
  281.234515
  277.861521
  274.477431
  271.082245
  267.642679
  264.280780
  260.852308
  257.523695
  254.139605
  250.810992
  247.404711
  243.987335
  240.636532
  237.252442
  233.857256
  230.528643
  227.100172
  223.716082
  220.365278
  217.003379
  213.619289
  210.201913
  206.840014
  203.489210
  200.105120
  196.743221
  193.359131
  189.986137
  186.646428
  183.273434
  179.922630
  176.549635
  173.132259
  169.792551
  166.386270
  163.002180
  159.651376
  156.278382
  152.938674
  149.532393
  146.214875
  142.852976
  139.546554
  136.162464
  132.800565
  129.494142
  126.087862
  122.703772
  119.352968
  115.957783
  112.606979
  109.211794
  105.838799
  102.465805
   99.092810
   95.730911
   92.391202
   89.029303
   85.678499
   82.272219
   78.954701
   75.581707
   72.197617
   68.824622
   65.451628
   62.123015
   58.727829
   55.332644
   51.970745
   48.631036
   45.224756
   41.862857
   38.534244
   35.094677
   31.754968
   28.370878
   24.997884
   21.680366
   18.262990
   14.934377
   11.539192
    8.155102
    4.815394
    1.431304
  357.908819
  354.386334
  351.312915
  347.995397
  344.677880
  341.282694
  337.942986
  334.614373
  331.185902
  327.857288
  324.495389
  321.111299
  317.782686
  314.354215
  311.047793
  307.663703
  304.279613
  300.917714
  297.533624
  294.171725
  290.776539
  287.425735
  284.041646
  280.668651
  277.262370
  273.878280
  270.560763
  267.154482
  263.792583
  260.441779
  257.024403
  253.740172
  250.267319
  246.805561
  243.499139
  240.148335
  236.753150
  233.402346
  230.073733
  226.667452
  223.205695
  219.888177
  216.559564
  213.175474
  209.835766
  206.429485
  203.089777
  199.705687
  196.332692
  192.981888
  189.597798
  186.213708
  182.885095
  179.489910
  176.128011
  172.743921
  169.359831
  165.942455
  162.602747
  159.218657
  155.856758
  152.483763
  149.110769
  145.793251
  142.386970
  138.991785
  135.640981
  132.267987
  128.928278
  125.566379
  122.160098
  118.809295
  115.447395
  112.063305
  108.701406
  105.317316
  101.966513
   98.626804
   95.231619
   91.869720
   88.463439
   85.145921
   81.761831
   78.399932
   75.049129
   71.698325
   68.314235
   64.930145
   61.568246
   58.173060
   54.822257
   51.449262
   48.065172
   44.681082
   41.296992
   37.946189
   34.584289
   31.189104
   27.827205
   24.443115
   21.103407
   17.752603
   14.346322
   10.940042
    7.644715
    4.249529
    0.887630
  357.415075
  353.942519
  350.780337
  347.473915
  344.112015
  340.750116
  337.377122
  334.026318
  330.631133
  327.324710
  323.951716
  320.578721
  317.205727
  313.832732
  310.504119
  307.097839
  303.758130
  300.385136
  296.989950
  293.639146
  290.221770
  286.859871
  283.531258
  280.091691
  276.774174
  273.367893
  269.994899
  266.655190
  263.248909
  259.942487
  256.525111
  253.152117
  249.768027
  246.306269
  242.977656
  239.549185
  236.231667
  232.814291
  229.441296
  226.068302
  222.662021
  219.300122
  215.916032
  212.543038
  209.136757
  205.808144
  202.468435
  199.062155
  195.666970
  192.316166
  188.920980
  185.581272
  182.186087
  178.868569
  175.551051
  172.133675
  168.793967
  165.409877
  162.103455
  158.674983
  155.290893
  151.940090
  148.589286
  145.227387
  141.865488
  138.492493
  135.141689
  131.768695
  128.417891
  125.000515
  121.649711
  118.254526
  114.925913
  111.575109
  108.179924
  104.784738
  101.433935
   98.038749
   94.710136
   91.303856
   87.964147
   84.624439
   81.262540
   77.867354
   74.527646
   71.143556
   67.803848
   64.397567
   61.035668
   57.695959
   54.267488
   50.938875
   47.543690
   44.181790
   40.830987
   37.469087
   34.084997
   30.712003
   27.350104
   23.977109
   20.648496
   17.275502
   13.913602
   10.551703
    7.145423
    3.794619
    0.410529
  356.993450
  353.576372
  350.325426
  347.063386
  343.657105
  340.295206
  336.911116
  333.538121
  330.187318
  326.858705
  323.452424
  320.112715
  316.761912
  313.355631
  309.993732
  306.642928
  303.258838
  299.896939
  296.512849
  293.128759
  289.755765
  286.382770
  282.998680
  279.636781
  276.263786
  272.946269
  269.528893
  266.166994
  262.793999
  259.387718
  256.070201
  252.608443
  249.179972
  245.818073
  242.422887
  239.105370
  235.687994
  232.292808
  228.953100
  225.546819
  222.151634
  218.767544
  215.372359
  212.032650
  208.681846
  205.275566
  201.869285
  198.529577
  195.189868
  191.783588
  188.454975
  185.048694
  181.742272
  178.358182
  175.029569
  171.656574
  168.272484
  164.921680
  161.515400
  158.142405
  154.813792
  151.429702
  148.078899
  144.694809
  141.332909
  137.971010
  134.598016
  131.236117
  127.874217
  124.534509
  121.139324
  117.744138
  114.404430
  111.009245
  107.658441
  104.241065
  100.923547
   97.550553
   94.133177
   90.815659
   87.409378
   84.036384
   80.707771
   77.301490
   73.972877
   70.633169
   67.182506
   63.831703
   60.458708
   57.107904
   53.734910
   50.373011
   47.011111
   43.615926
   40.265122
   36.869937
   33.496942
   30.101757
   26.750953
   23.377959
   19.993869
   16.643065
   13.258975
    9.897076
    6.557368
    3.139992
  359.748703
  356.357414
  352.966126
  349.726276
  346.331091
  342.991382
  339.662769
  336.256489
  332.961162
  329.543786
  326.204077
  322.819987
  319.435897
  316.129475
  312.734290
  309.372391
  305.988301
  302.626402
  299.242312
  295.935889
  292.518513
  289.123328
  285.739238
  282.399530
  278.982154
  275.664636
  272.247260
  268.896456
  265.545652
  262.183753
  258.799663
  255.382287
  252.042579
  248.691775
  245.307685
  241.979072
  238.550601
  235.177606
  231.815707
  228.398331
  224.958764
  221.596865
  218.190584
  214.828685
  211.455691
  208.038315
  204.742988
  201.392184
  198.052476
  194.679481
  191.284296
  187.889110
  184.460639
  181.132026
  177.836699
  174.430418
  171.024138
  167.684429
  164.267053
  160.938440
  157.565446
  154.203546
  150.830552
  147.457557
  144.106754
  140.700473
  137.371860
  134.032152
  130.625871
  127.241781
  123.924263
  120.517983
  117.156083
  113.760898
  110.376808
  107.014909
  103.653010
  100.280015
   96.907021
   93.589503
   90.194318
   86.843514
   83.470520
   80.086430
   76.746721
   73.362631
   70.000732
   66.649928
   63.254743
   59.903939
   56.519849
   53.135759
   49.818242
   46.367580
   43.005680
   39.632686
   36.292977
   32.942174
   29.558084
   26.173994
   22.845381
   19.461291
   16.066106
   12.704206
    9.342307
    5.947122
    2.629604
  359.242014
  355.854424
  352.466835
  349.160412
  345.865085
  342.469900
  339.085810
  335.768292
  332.373107
  329.044494
  325.638213
  322.287409
  318.936606
  315.530325
  312.201712
  308.839813
  305.444627
  302.082728
  298.698638
  295.314548
  291.963745
  288.557464
  285.206660
  281.833666
  278.427385
  275.076581
  271.714682
  268.297306
  264.846644
  261.518031
  258.111750
  254.760946
  251.376856
  248.026053
  244.641963
  241.235682
  237.940355
  234.567361
  231.127794
  227.843562
  224.426186
  221.141955
  217.713483
  214.273916
  210.912017
  207.472450
  204.121647
  200.748652
  197.397848
  194.035949
  190.662955
  187.334342
  184.016824
  180.654925
  177.304121
  173.908936
  170.513750
  167.151851
  163.789952
  160.350385
  157.066154
  153.682064
  150.309069
  146.936075
  143.518699
  140.223372
  136.861473
  133.477383
  130.126579
  126.764680
  123.380590
  120.018691
  116.623505
  113.261606
  109.888612
  106.526712
  103.164813
   99.780723
   96.418824
   93.045830
   89.672835
   86.310936
   82.960132
   79.598233
   76.225238
   72.885530
   69.490345
   66.128446
   62.744356
   59.360266
   56.031653
   52.614277
   49.296759
   45.879383
   42.495293
   39.144489
   35.693827
   32.331928
   29.014410
   25.585939
   22.279517
   18.939808
   15.555718
   12.216010
    8.831920
    5.425639
    2.052645
  358.665055
  355.277465
  351.889876
  348.638929
  345.277030
  341.948417
  338.597613
  335.224619
  331.818338
  328.500820
  325.094540
  321.765927
  318.381837
  315.042128
  311.635848
  308.307235
  304.934240
  301.516864
  298.210442
  294.781970
  291.408976
  288.091458
  284.618605
  281.334374
  277.928093
  274.544003
  271.215390
  267.720346
  264.336256
  260.929976
  257.545886
  254.183987
  250.833183
  247.460188
  244.076098
  240.725295
  237.341205
  233.957115
  230.584120
  227.211126
  223.827036
  220.442946
  217.092142
  213.674766
  210.279581
  206.973158
  203.566878
  200.216074
  196.843079
  193.403513
  190.097090
  186.735191
  183.340006
  180.044679
  176.649494
  173.320881
  169.947886
  166.563796
  163.246279
  159.828903
  156.455908
  153.127295
  149.754300
  146.370210
  142.986121
  139.624221
  136.284513
  132.911518
  129.527429
  126.176625
  122.803630
  119.441731
  116.068736
  112.673551
  109.311652
  105.938657
  102.565663
   99.214859
   95.808578
   92.435584
   89.095876
   85.745072
   82.349886
   79.021273
   75.614993
   72.275284
   68.880099
   65.518200
   62.178491
   58.772211
   55.432502
   52.026222
   48.664323
   45.291328
   41.929429
   38.556434
   35.161249
   31.810445
   28.393069
   25.108838
   21.680366
   18.318467
   14.945473
   11.583573
    8.221674
    4.815394
    1.442399
  357.931009
  354.419620
  351.401678
  348.039779
  344.722261
  341.382553
  337.976272
  334.592182
  331.252474
  327.879479
  324.495389
  321.155681
  317.804877
  314.431883
  311.058888
  307.674798
  304.312899
  300.973191
  297.589101
  294.216106
  290.820921
  287.459022
  284.052741
  280.679746
  277.351133
  273.922662
  270.582954
  267.209959
  263.836964
  260.486161
  257.068785
  253.740172
  250.367177
  246.983087
  243.621188
  240.226003
  236.886294
  233.491109
  230.051542
  226.700738
  223.327744
  219.921463
  216.526278
  213.164379
  209.724812
  206.429485
  203.111967
  199.628019
  196.277215
  192.926411
  189.531226
  186.180422
  182.774142
  179.423338
  176.072534
  172.677349
  169.304354
  165.909169
  162.502888
  159.185371
  155.779090
  152.395000
  149.022006
  145.671202
  142.320398
  139.080548
  135.663172
  132.279082
  128.939374
  125.577474
  122.193384
  118.798199
  115.447395
  112.096592
  108.712502
  105.350603
  101.966513
   98.582423
   95.231619
   91.803147
   88.474534
   85.101540
   81.728545
   78.399932
   75.015842
   71.665039
   68.280949
   64.907954
   61.546055
   58.173060
   54.800066
   51.438167
   48.087363
   44.725464
   41.363565
   37.979475
   34.584289
   31.233486
   27.816110
   24.454210
   21.158884
   17.719317
   14.379608
   11.028805
    7.589238
    4.260625
    0.843249
  357.420622
  353.997996
  350.791432
  347.485010
  344.134206
  340.783402
  337.465885
  334.004127
  330.675514
  327.346901
  323.940620
  320.623103
  317.205727
  313.854923
  310.504119
  307.108934
  303.758130
  300.296373
  296.967760
  293.650242
  290.221770
  286.848776
  283.475781
  280.113882
  276.696506
  273.268035
  269.883945
  266.522046
  263.160146
  259.787152
  256.436348
  253.030067
  249.645978
  246.317365
  242.911084
  239.582471
  236.231667
  232.769909
  229.452392
  226.057207
  222.662021
  219.289027
  215.860555
  212.498656
  209.114566
  205.797049
  202.424054
  199.017773
  195.666970
  192.316166
  188.943171
  185.559081
  182.163896
  178.824188
  175.429002
  172.111485
  168.771776
  165.398782
  162.070169
  158.674983
  155.335275
  151.917899
  148.544904
  145.216291
  141.832201
  138.525779
  135.119498
  131.779790
  128.406795
  125.022706
  121.671902
  118.276716
  114.914817
  111.575109
  108.191019
  104.829120
  101.467221
   98.072035
   94.699041
   91.326046
   87.975242
   84.624439
   81.262540
   77.889545
   74.494360
   71.132461
   67.770561
   64.430853
   61.046763
   57.707055
   54.300774
   50.894493
   47.576976
   44.181790
   40.797700
   37.457992
   34.029521
   30.756384
   27.350104
   23.932728
   20.593019
   17.197834
   13.880316
   10.496226
    7.101041
    3.750237
    0.366147
  356.982355
  353.598563
  350.314331
  346.996813
  343.612724
  340.250824
  336.911116
  333.515931
  330.187318
  326.825418
  323.419138
  320.101620
  316.706435
  313.355631
  309.982636
  306.598547
  303.225552
  299.863653
  296.501754
  293.117664
  289.744669
  286.338389
  282.921013
  279.536923
  276.163928
  272.824220
  269.362462
  266.000563
  262.705236
  259.243478
  255.859389
  252.519680
  249.124495
  245.773691
  242.356315
  239.049893
  235.632517
  232.270618
  228.897623
  225.491342
  222.118348
  218.723162
  215.372359
  211.988269
  208.692942
  205.375424
  201.946953
  198.662721
  195.245345
  191.883446
  188.543738
  185.126362
  181.797749
  178.446945
  175.007378
  171.723146
  168.272484
  164.910585
  161.559781
  158.153501
  154.802697
  151.396416
  148.056708
  144.672618
  141.310719
  137.959915
  134.620206
  131.213926
  127.863122
  124.490127
  121.106038
  117.766329
  114.371144
  110.964863
  107.602964
  104.241065
  100.856975
   97.495076
   94.133177
   90.782373
   87.409378
   84.003098
   80.674485
   77.301490
   73.983972
   70.588787
   67.193602
   63.853893
   60.458708
   57.096809
   53.712719
   50.339724
   46.977825
   43.604831
   40.209645
   36.836651
   33.463656
   30.112853
   26.750953
   23.322482
   19.993869
   16.654161
   13.270071
    9.897076
    6.501891
    3.151087
  359.767195
  356.383304
  352.999413
  349.737371
  346.364377
  343.057955
  339.662769
  336.300870
  332.938971
  329.554881
  326.181887
  322.831083
  319.458088
  316.118380
  312.745385
  309.350200
  305.999396
  302.604211
  299.253407
  295.880413
  292.507418
  289.078947
  285.739238
  282.388434
  279.015440
  275.586968
  272.236165
  268.896456
  265.490176
  262.172658
  258.777473
  255.371192
  252.042579
  248.669584
  245.274399
  241.934691
  238.495124
  235.155415
  231.793516
  228.398331
  225.091909
  221.630151
  218.279347
  214.928544
  211.533358
  208.171459
  204.831751
  201.458756
  198.107952
  194.734958
  191.361963
  187.988969
  184.615974
  181.242980
  177.869985
  174.463704
  171.135091
  167.762097
  164.322530
  160.993917
  157.620923
  154.247928
  150.985887
  147.479748
  144.151135
  140.789236
  137.416241
  134.076533
  130.659157
  127.330544
  123.968645
  120.584555
  117.233751
  113.849661
  110.476667
  107.125863
  103.730678
  100.368778
   96.995784
   93.622789
   90.260890
   86.898991
   83.503806
   80.153002
   76.813293
   73.451394
   70.100590
   66.727596
   63.343506
   60.014893
   56.608612
   53.224522
   49.884814
   46.467438
   43.149920
   39.765830
   36.403931
   33.019841
   29.646847
   26.307138
   22.867572
   19.416909
   16.143773
   12.748588
    9.431070
    6.046980
    2.651795
  359.282697
  355.913600
  352.544502
  349.238080
  345.898371
  342.558663
  339.185668
  335.834864
  332.495156
  329.133257
  325.749167
  322.376172
  319.014273
  315.652374
  312.323761
  308.906385
  305.444627
  302.071633
  298.665352
  295.381121
  291.941554
  288.679513
  285.228851
  281.800379
  278.449576
  275.021104
  271.637014
  268.286211
  264.924311
  261.540221
  258.145036
  254.805328
  251.443429
  248.070434
  244.686344
  241.302254
  237.962546
  234.578456
  231.172175
  227.810276
  224.370709
  221.031001
  217.658006
  214.318298
  210.945303
  207.627786
  204.310268
  200.892892
  197.553184
  194.213475
  190.829385
  187.478581
  184.083396
  180.732592
  177.326312
  173.964413
  170.591418
  167.229519
  163.856524
  160.527911
  157.121631
  153.770827
  150.375641
  147.013742
  143.607462
  140.256658
  136.928045
  133.555050
  130.182056
  126.809061
  123.447162
  120.074168
  116.690078
  113.361465
  109.955184
  106.548903
  103.198099
   99.814010
   96.496492
   93.090211
   89.728312
   86.388604
   82.993418
   79.698091
   76.291811
   72.918816
   69.612394
   66.195018
   62.855309
   59.426838
   56.076034
   52.703040
   49.318950
   45.968146
   42.628438
   39.188871
   35.838067
   32.465072
   29.125364
   25.730179
   22.379375
   19.006380
   15.644481
   12.260391
    8.854111
    5.547688
    2.152503
  358.776008
  355.399514
  352.023019
  348.749883
  345.376888
  342.048275
  338.697472
  335.269000
  331.973673
  328.589583
  325.205493
  321.865785
  318.481695
  315.141987
  311.780088
  308.395998
  305.034098
  301.627818
  298.277014
  294.881829
  291.508834
  288.124744
  284.807227
  281.412041
  277.994665
  274.688243
  271.293058
  267.886777
  264.569259
  261.007643
  257.767793
  254.317131
  250.921946
  247.593333
  244.164861
  240.825153
  237.452158
  234.045878
  230.706169
  227.299889
  223.949085
  220.531709
  217.136524
  213.796815
  210.423821
  207.084112
  203.700022
  200.360314
  197.031701
  193.680897
  190.341189
  186.912717
  183.573009
  180.211110
  176.849210
  173.487311
  170.081031
  166.719131
  163.357232
  159.984238
  156.655625
  153.216058
  149.876350
  146.514450
  143.141456
  139.801747
  136.406562
  133.055758
  129.682764
  126.343055
  122.992252
  119.608162
  116.235167
  112.862173
  109.511369
  106.138374
  102.776475
   99.381290
   96.019391
   92.701873
   89.284497
   85.933693
   82.582889
   79.220990
   75.859091
   72.475001
   69.179674
   65.784489
   62.400399
   59.038500
   55.621124
   52.270320
   48.897325
   45.513236
   42.173527
   38.789437
   35.349870
   32.010162
   28.670454
   25.286364
   21.935560
   18.540375
   15.145189
   11.816576
    8.443582
    5.092778
    1.675402
  358.147369
  354.619337
  351.612490
  348.261686
  344.933073
  341.582270
  338.253657
  334.880662
  331.485477
  328.145768
  324.739488
  321.421970
  318.015689
  314.631599
  311.291891
  307.907801
  304.579188
  301.184003
  297.799913
  294.404727
  291.031733
  287.680929
  284.296839
  280.946035
  277.550850
  274.188951
  270.827052
  267.420771
  264.081063
  260.652591
  257.335074
  253.962079
  250.555798
  247.227185
  243.843095
  240.470101
  237.086011
  233.701921
  230.328927
  226.967027
  223.605128
  220.187752
  216.825853
  213.463954
  210.102055
  206.695774
  203.356066
  200.016357
  196.621172
  193.259273
  189.875183
  186.491093
  183.184671
  179.745104
  176.394300
  173.010210
  169.637216
  166.308603
  162.880131
  159.529327
  156.156333
  152.783338
  149.432534
  146.048445
  142.686545
  139.313551
  135.929461
  132.589753
  129.205663
  125.832668
  122.470769
  119.119965
  115.746971
  112.340690
  108.978791
  105.561415
  102.243897
   98.881998
   95.464622
   92.102723
   88.729728
   85.401115
   82.050311
   78.644031
   75.337608
   71.953518
   68.558333
   65.240815
   61.823439
   58.494826
   55.110736
   51.726647
   48.386938
   44.947371
   41.607663
   38.279050
   34.861674
   31.510870
   28.093494
   24.775976
   21.402982
   18.007797
   14.656993
   11.295094
    7.944290
    4.549104
    1.187205
  357.747936
  354.308667
  351.168675
  347.817871
  344.511449
  341.116264
  337.743269
  334.370275
  330.975089
  327.668667
  324.284577
  320.922678
  317.538588
  314.176689
  310.859171
  307.486177
  304.057705
  300.706901
  297.322812
  293.960912
  290.587918
  287.192733
  283.819738
  280.457839
  277.073749
  273.734041
  270.338855
  266.954765
  263.548485
  260.153299
  256.735923
  253.351833
  250.001030
  246.616940
  243.255041
  239.848760
  236.509051
  233.080580
  229.696490
  226.367877
  222.961596
  219.610793
  216.204512
  212.809327
  209.480714
  206.041147
  202.723629
  199.272967
  195.922163
  192.604646
  189.209460
  185.847561
  182.485662
  179.090477
  175.717482
  172.366678
  168.982588
  165.587403
  162.225504
  158.907986
  155.501706
  152.161997
  148.822289
  145.482580
  142.065204
  138.747687
  135.385787
  132.001698
  128.684180
  125.266804
  121.904905
  118.531910
  115.114534
  111.797016
  108.435117
  105.062123
  101.689128
   98.282848
   94.965330
   91.581240
   88.230436
   84.846346
   81.473352
   78.144739
   74.782839
   71.409845
   68.047946
   64.697142
   61.335243
   57.973344
   54.578158
   51.171878
   47.821074
   44.436984
   41.063989
   37.735376
   34.329096
   31.000483
   27.627488
   24.243398
   20.859308
   17.475218
   14.091129
   10.795802
    7.378426
    4.049813
    0.654627
  357.243096
  353.831566
  350.602811
  347.252007
  343.923394
  340.494923
  337.166310
  333.826601
  330.442511
  327.124994
  323.674331
  320.323528
  316.983819
  313.577539
  310.237830
  306.864836
  303.469650
  300.152133
  296.745852
  293.395048
  289.977672
  286.626868
  283.264969
  279.869784
  276.496789
  273.168176
  269.761896
  266.399996
  263.049193
  259.642912
  256.158964
  252.841446
  249.412975
  246.062171
  242.678081
  239.327277
  235.965378
  232.536907
  229.152817
  225.802013
  222.384637
  219.033833
  215.638648
  212.287844
  208.903754
  205.541855
  202.179956
  198.806961
  195.422871
  192.105354
  188.699073
  185.303888
  181.941988
  178.580089
  175.195999
  171.823005
  168.461106
  165.043730
  161.726212
  158.430885
  155.035700
  151.662705
  148.289711
  144.950002
  141.565912
  138.192918
  134.842114
  131.435833
  128.096125
  124.767512
  121.372327
  118.021523
  114.581956
  111.286629
  107.869253
  104.507354
  101.178741
   97.772460
   94.399466
   91.037566
   87.642381
   84.291577
   80.929678
   77.556684
   74.216975
   70.877267
   67.504272
   64.142373
   60.758283
   57.374193
   54.001199
   50.594918
   47.266305
   43.871120
   40.520316
   37.169512
   33.741041
   30.412428
   27.017242
   23.666439
   20.315635
   16.920450
   13.602932
   10.207747
    6.845847
    3.450662
    0.122049
  356.732709
  353.343369
  350.070233
  346.708334
  343.379721
  339.962345
  336.522778
  333.194165
  329.765693
  326.525843
  323.064086
  319.768759
  316.440146
  313.056056
  309.694157
  306.354448
  302.925977
  299.608459
  296.191083
  292.840279
  289.445094
  286.072100
  282.710200
  279.315015
  275.953116
  272.569026
  269.196031
  265.845228
  262.461138
  259.099239
  255.648576
  252.253391
  248.935873
  245.485211
  242.167694
  238.816890
  235.488277
  232.070901
  228.664620
  225.302721
  221.951917
  218.556732
  215.194833
  211.844029
  208.548702
  205.142421
  201.736141
  198.385337
  195.012342
  191.672634
  188.299639
  184.893359
  181.531459
  178.136274
  174.829852
  171.434667
  168.028386
  164.688678
  161.293492
  157.931593
  154.536408
  151.163413
  147.812609
  144.450710
  141.066620
  137.749103
  134.342822
  130.947637
  127.619024
  124.223838
  120.861939
  117.511135
  114.127046
  110.776242
  107.358866
  103.985871
  100.635067
   97.228787
   93.866888
   90.516084
   87.165280
   83.781190
   80.419291
   77.024106
   73.728779
   70.311403
   66.993885
   63.587604
   60.225705
   56.852711
   53.479716
   50.095626
   46.733727
   43.360732
   39.987738
   36.625839
   33.230653
   29.857659
   26.529046
   23.133861
   19.760866
   16.376776
   13.037068
    9.719550
    6.279983
    2.940275
  359.571177
  356.202080
  352.832982
  349.515464
  346.153565
  342.858238
  339.440862
  336.078963
  332.717064
  329.355164
  325.993265
  322.631366
  319.247276
  315.896472
  312.523478
  309.194865
  305.810775
  302.404494
  299.020404
  295.691791
  292.296606
  288.934707
  285.517331
  282.177622
  278.815723
  275.420538
  272.058639
  268.696739
  265.301554
  261.972941
  258.588851
  255.171475
  251.809576
  248.425486
  245.119064
  241.757165
  238.328693
  234.878031
  231.516132
  228.165328
  224.747952
  221.319481
  218.013058
  214.595682
  211.233783
  207.827502
  204.476699
  201.114800
  197.752900
  194.346620
  190.995816
  187.656107
  184.227636
  180.865737
  177.514933
  174.141939
  170.813326
  167.351568
  164.045146
  160.727628
  157.254775
  153.892876
  150.530977
  147.124696
  143.773892
  140.478565
  137.116666
  133.743672
  130.415059
  127.030969
  123.635783
  120.251694
  116.900890
  113.538991
  110.177091
  106.826288
  103.386721
  100.024822
   96.651827
   93.267737
   89.950220
   86.566130
   83.248612
   79.864522
   76.502623
   73.174010
   69.756634
   66.405830
   63.032835
   59.648746
   56.286846
   52.902756
   49.574143
   46.190054
   42.817059
   39.432969
   36.059975
   32.675885
   29.325081
   25.963182
   22.601283
   19.239383
   15.855293
   12.504490
    9.131495
    5.780691
    2.407697
  359.042298
  355.676898
  352.311499
  349.005077
  345.632082
  342.303469
  338.930474
  335.568575
  332.206676
  328.756014
  325.505069
  322.098788
  318.714698
  315.408276
  311.990900
  308.629001
  305.256006
  301.871916
  298.543303
  295.114832
  291.775123
  288.391033
  285.006943
  281.633949
  278.260954
  274.899055
  271.514965
  268.108685
  264.724595
  261.407077
  257.989701
  254.505753
  251.243712
  247.804145
  244.442246
  241.080347
  237.696257
  234.312167
  230.883695
  227.566178
  224.204279
  220.797998
  217.425003
  214.018723
  210.679014
  207.272734
  203.899739
  200.537840
  197.187036
  193.814042
  190.429952
  187.079148
  183.695058
  180.377540
  177.037832
  173.664837
  170.258557
  166.896658
  163.534758
  160.172859
  156.799865
  153.426870
  150.042780
  146.714167
  143.363363
  139.945987
  136.606279
  133.199998
  129.882481
  126.520581
  123.136492
  119.741306
  116.379407
  113.039699
  109.622323
  106.238233
  102.898524
   99.503339
   96.163631
   92.757350
   89.373260
   86.044647
   82.682748
   79.343039
   75.903473
   72.597050
   69.179674
   65.828870
   62.466971
   59.071786
   55.754268
   52.359083
   48.974993
   45.613094
   42.206813
   38.833819
   35.483015
   32.121116
   28.770312
   25.341841
   21.991037
   18.629138
   15.211762
   11.894244
    8.510154
    5.159350
    1.808546
  358.439448
  355.070351
  351.701253
  348.394831
  345.032932
  341.693223
  338.286943
  334.936139
  331.596430
  328.179054
  324.850441
  321.444161
  318.115548
  314.764744
  311.380654
  308.029850
  304.612474
  301.250575
  297.910867
  294.493490
  291.142687
  287.769692
  284.407793
  281.034798
  277.639613
  274.288809
  270.904719
  267.553916
  264.158730
  260.796831
  257.423837
  254.073033
  250.733324
  247.327044
  243.965145
  240.569959
  237.196965
  233.857256
  230.473166
  227.089077
  223.704987
  220.298706
  216.970093
  213.574908
  210.201913
  206.840014
  203.455924
  200.105120
  196.732126
  193.314750
  189.963946
  186.535474
  183.173575
  179.800581
  176.460872
  173.132259
  169.681597
  166.297507
  162.957799
  159.529327
  156.211810
  152.883197
  149.476916
  146.159398
  142.753118
  139.413409
  136.018224
  132.634134
  129.305521
  125.899240
  122.548437
  119.142156
  115.802447
  112.418358
  109.078649
  105.661273
  102.288279
   98.937475
   95.553385
   92.180390
   88.807396
   85.434401
   82.116884
   78.699508
   75.359799
   72.008995
   68.624905
   65.296292
   61.856726
   58.494826
   55.121832
   51.737742
   48.375843
   44.980657
   41.607663
   38.234668
   34.850578
   31.488679
   28.126780
   24.775976
   21.369696
   18.041083
   14.645897
   11.295094
    7.911004
    4.538009
    1.231587
  357.742389
  354.253190
  351.102103
  347.762394
  344.433781
  341.060787
  337.698888
  334.348084
  330.919612
  327.579904
  324.229100
  320.867201
  317.505302
  314.121212
  310.781504
  307.386318
  303.980038
  300.662520
  297.278430
  293.916531
  290.510250
  287.159446
  283.753166
  280.391267
  277.029367
  273.645278
  270.283378
  266.910384
  263.548485
  260.175490
  256.769209
  253.462787
  250.067602
  246.694607
  243.332708
  239.904237
  236.575624
  233.213725
  229.818539
  226.456640
  223.050359
  219.666269
  216.315466
  212.920280
  209.569477
  206.218673
  202.834583
  199.350635
  195.999831
  192.626836
  189.276032
  185.869752
  182.552234
  179.157049
  175.817340
  172.377774
  169.038065
  165.665071
  162.280981
  158.874700
  155.501706
  152.128711
  148.755716
  145.482580
  142.098490
  138.670019
  135.363597
  131.990602
  128.628703
  125.277899
  121.893809
  118.554101
  115.158916
  111.752635
  108.412927
  104.995550
  101.678033
   98.293943
   94.943139
   91.570145
   88.174959
   84.879632
   81.506638
   78.111453
   74.793935
   71.376559
   68.036850
   64.652760
   61.313052
   57.951153
   54.544872
   51.194068
   47.821074
   44.448079
   41.097276
   37.746472
   34.373477
   30.956101
   27.638584
   24.254494
   20.903690
   17.530695
   14.179892
   10.873469
    7.422807
    4.072003
    0.687913
  357.276383
  353.864852
  350.613906
  347.296389
  343.945585
  340.594781
  337.199596
  333.804410
  330.497988
  327.080612
  323.729808
  320.345718
  316.972724
  313.644111
  310.171258
  306.931408
  303.469650
  300.141037
  296.823520
  293.406144
  290.044244
  286.660154
  283.242778
  279.880879
  276.518980
  273.046127
  269.706419
  266.266852
  262.904953
  259.554149
  256.147868
  252.830351
  249.401879
  246.028885
  242.689176
  239.282896
  235.943187
  232.525811
  229.163912
  225.790917
  222.384637
  219.011642
  215.638648
  212.276749
  208.859373
  205.541855
  202.135574
  198.773675
  195.400680
  192.005495
  188.676882
  185.270601
  181.919798
  178.580089
  175.262572
  171.911768
  168.494392
  165.143588
  161.814975
  158.375408
  155.068986
  151.673801
  148.322997
  144.927812
  141.554817
  138.215109
  134.875400
  131.513501
  128.107220
  124.778607
  121.394517
  118.010427
  114.626338
  111.275534
  107.969111
  104.551735
  101.167645
   97.805746
   94.410561
   91.093043
   87.731144
   84.324864
   80.974060
   77.612161
   74.250261
   70.877267
   67.526463
   64.175659
   60.769379
   57.451861
   54.045580
   50.661490
   47.332877
   43.915501
   40.553602
   37.158417
   33.840899
   30.479000
   27.072719
   23.721916
   20.304540
   16.964831
   13.625123
   10.252128
    6.934610
    3.495044
    0.177526
  356.777090
  353.376655
  350.158996
  346.752715
  343.457388
  340.017821
  336.678113
  333.338405
  329.976505
  326.592416
  323.230516
  319.813140
  316.517813
  313.100437
  309.727443
  306.343353
  302.959263
  299.597364
  296.224369
  292.818089
  289.411808
  286.072100
  282.732391
  279.259538
  275.942021
  272.624503
  269.162745
  265.767560
  262.494424
  259.065952
  255.648576
  252.297773
  248.913683
  245.518497
  242.178789
  238.794699
  235.399514
  232.059805
  228.620239
  225.313816
  221.896440
  218.578923
  215.261405
  211.855124
  208.526511
  205.164612
  201.758331
  198.407528
  195.023438
  191.694825
  188.321830
  184.904454
  181.564746
  178.180656
  174.796566
  171.490144
  168.050577
  164.699773
  161.337874
  157.920498
  154.625171
  151.196699
  147.890277
  144.472901
  141.066620
  137.760198
  134.365013
  131.014209
  127.630119
  124.257125
  120.895225
  117.511135
  114.160332
  110.776242
  107.403247
  104.008062
  100.646163
   97.273168
   93.900174
   90.538275
   87.143089
   83.770095
   80.419291
   77.057392
   73.673302
   70.333593
   66.894027
   63.598700
   60.170228
   56.786138
   53.468621
   50.040149
   46.722632
   43.271969
   39.932261
   36.581457
   33.130795
   29.835468
   26.429187
   23.056193
   19.705389
   16.343490
   12.981591
    9.619692
    6.202316
    2.829321
  359.471319
  356.113316
  352.755314
  349.459987
  346.075897
  342.780570
  339.385385
  336.012390
  332.661587
  329.244211
  325.948884
  322.542603
  319.191799
  315.829900
  312.456906
  309.072816
  305.688726
  302.326827
  298.998213
  295.614124
  292.230034
  288.879230
  285.495140
  282.111050
  278.738055
  275.331775
  271.992066
  268.607976
  265.268268
  261.895274
  258.500088
  255.127094
  251.798481
  248.436581
  245.030301
  241.668402
  238.262121
  234.922413
  231.516132
  228.154233
  224.825620
  221.386053
  218.024154
  214.662255
  211.289260
  207.938456
  204.554366
  201.192467
  197.819473
  194.457573
  191.117865
  187.700489
  184.327494
  180.987786
  177.559315
  174.230702
  170.846612
  167.462522
  164.111718
  160.716533
  157.310252
  153.892876
  150.564263
  147.146887
  143.773892
  140.434184
  137.027903
  133.677099
  130.304105
  126.964396
  123.646879
  120.229503
  116.889794
  113.483514
  110.154901
  106.770811
  103.342339
  100.024822
   96.618541
   93.245546
   89.905838
   86.510653
   83.170944
   79.786854
   76.424955
   73.074151
   69.690062
   66.328162
   62.932977
   59.559983
   56.242465
   52.836184
   49.463190
   46.079100
   42.661724
   39.333111
   35.926830
   32.598217
   29.236318
   25.874419
   22.501424
   19.095143
   15.766530
   12.360250
    9.009446
    5.636451
    2.252361
  358.894359
  355.536356
  352.178354
  348.849741
  345.487842
  342.181420
  338.830616
  335.435431
  332.073532
  328.689442
  325.394115
  321.976739
  318.614840
  315.252940
  311.846660
  308.551333
  305.133957
  301.738772
  298.432349
  295.014973
  291.653074
  288.268984
  284.895990
  281.522995
  278.116714
  274.799197
  271.404011
  268.042112
  264.658022
  261.240646
  257.856556
  254.527943
  251.154949
  247.793050
  244.408960
  241.091442
  237.674066
  234.278881
  230.905886
  227.555082
  224.170992
  220.775807
  217.402813
  214.029818
  210.656824
  207.261638
  203.810976
  200.449077
  197.064987
  193.725279
  190.341189
  186.957099
  183.595200
  180.233300
  176.860306
  173.487311
  170.103221
  166.741322
  163.379423
  159.973142
  156.589052
  153.204963
  149.854159
  146.514450
  143.174742
  139.812843
  136.484230
  133.077949
  129.727145
  126.365246
  123.014442
  119.641448
  116.312835
  112.884363
  109.533560
  106.127279
  102.787570
   99.447862
   95.997200
   92.701873
   89.306688
   85.944789
   82.627271
   79.198799
   75.836900
   72.486097
   69.124197
   65.762298
   62.378208
   59.027404
   55.654410
   52.270320
   48.886230
   45.513236
   42.173527
   38.778342
   35.405347
   32.043448
   28.648263
   25.286364
   21.946655
   18.551470
   15.189571
   11.838767
    8.476868
    5.070587
    1.697593
  358.346987
  354.996382
  351.645776
  348.306068
  344.977455
  341.626651
  338.253657
  334.891757
  331.496572
  328.167959
  324.817155
  321.421970
  318.060071
  314.653790
  311.302986
  307.952183
  304.579188
  301.172907
  297.711150
  294.360346
  290.965161
  287.558880
  284.208076
  280.812891
  277.462087
  274.089093
  270.705003
  267.354199
  263.947918
  260.574924
  257.213025
  253.895507
  250.478131
  247.138422
  243.854191
  240.425719
  237.086011
  233.701921
  230.362213
  226.955932
  223.594033
  220.243229
  216.848044
  213.419572
  210.090959
  206.740156
  203.367161
  200.005262
  196.621172
  193.270368
  189.897374
  186.557665
  183.140289
  179.756199
  176.416491
  173.054592
  169.681597
  166.297507
  162.946703
  159.540423
  156.189619
  152.827720
  149.443630
  146.092826
  142.697641
  139.369028
  135.984938
  132.611943
  129.283330
  125.832668
  122.492960
  119.131060
  115.746971
  112.396167
  108.989886
  105.594701
  102.266088
   98.859807
   95.542289
   92.113818
   88.751919
   85.423306
   82.039216
   78.666221
   75.293227
   71.920232
   68.558333
   65.174243
   61.823439
   58.406063
   55.099641
   51.671170
   48.298175
   44.914085
   41.529995
   38.179192
   34.795102
   31.466489
   28.071303
   24.676118
   21.358600
   17.930129
   14.612611
   11.217426
    7.822241
    4.493628
    1.087347
  357.642530
  354.197713
  351.002244
  347.718013
  344.345018
  340.983119
  337.665602
  334.214939
  330.908517
  327.568809
  324.140337
  320.800629
  317.427634
  314.043544
  310.703836
  307.330841
  303.968942
  300.573757
  297.222953
  293.849959
  290.476964
  287.103970
  283.719880
  280.324694
  276.973891
  273.634182
  270.227901
  266.843812
  263.504103
  260.131109
  256.802496
  253.385120
  250.012125
  246.639130
  243.288327
  239.904237
  236.542338
  233.158248
  229.807444
  226.412259
  223.061455
  219.677365
  216.304370
  212.942471
  209.547286
  206.207577
  202.834583
  199.439398
  196.099689
  192.759981
  189.353700
  186.025087
  182.640997
  179.223621
  175.883913
  172.522014
  169.137924
  165.776024
  162.380839
  159.041131
  155.645945
  152.284046
  148.933243
  145.538057
  142.176158
  138.825354
  135.430169
  132.112651
  128.695275
  125.311185
  121.993668
  118.598482
  115.269869
  111.852493
  108.457308
  105.117600
  101.711319
   98.338324
   94.965330
   91.614526
   88.241532
   84.846346
   81.484447
   78.089262
   74.760649
   71.398750
   68.036850
   64.630570
   61.235384
   57.906771
   54.533777
   51.138592
   47.754502
   44.370412
   41.019608
   37.613327
   34.229237
   30.911720
   27.449962
   24.165731
   20.748355
   17.397551
   14.035652
   10.596085
    7.311853
    3.905573
    0.532578
  357.087761
  353.642944
  350.380903
  347.041195
  343.690391
  340.339587
  336.955497
  333.571408
  330.231699
  326.891991
  323.552282
  320.123811
  316.828484
  313.477680
  310.060304
  306.698405
  303.347601
  299.952416
  296.623803
  293.217522
  289.833432
  286.460438
  283.098539
  279.714449
  276.352549
  272.968460
  269.595465
  266.222470
  262.860571
  259.498672
  256.136773
  252.752683
  249.379689
  245.995599
  242.589318
  239.293991
  235.865520
  232.525811
  229.152817
  225.757631
  222.429018
  219.000547
  215.671934
  212.287844
  208.859373
  205.575141
  202.157765
  198.806961
  195.445062
  192.049877
  188.721264
  185.326078
  181.964179
  178.591185
  175.251476
  171.889577
  168.483296
  165.088111
  161.715117
  158.375408
  155.024604
  151.629419
  148.267520
  144.872335
  141.532626
  138.159632
  134.786637
  131.413643
  128.062839
  124.723130
  121.327945
  117.943855
  114.604147
  111.197866
  107.824872
  104.474068
  101.056692
   97.728079
   94.343989
   90.948803
   87.598000
   84.191719
   80.852011
   77.467921
   74.117117
   70.766313
   67.360032
   63.975943
   60.658425
   57.218858
   53.890245
   50.506155
   47.110970
   43.771261
   40.376076
   37.014177
   33.630087
   30.245997
   26.873003
   23.522199
   20.171395
   16.765114
   13.369929
   10.030221
    6.657226
    3.273136
  359.896641
  356.520147
  353.143652
  349.859421
  346.530808
  343.135622
  339.784819
  336.389633
  333.038829
  329.665835
  326.270650
  322.897655
  319.491374
  316.107284
  312.734290
  309.361295
  306.021587
  302.637497
  299.242312
  295.946985
  292.573990
  289.189900
  285.805810
  282.455007
  279.115298
  275.709018
  272.347118
  268.896456
  265.612225
  262.239230
  258.855140
  255.459955
  252.131342
  248.769443
  245.396448
  242.045644
  238.617173
  235.244178
  231.937756
  228.531476
  225.136290
  221.752200
  218.379206
  215.028402
  211.622121
  208.271318
  204.931609
  201.558615
  198.241097
  194.812626
  191.439631
  188.088827
  184.704737
  181.376124
  177.980939
  174.574658
  171.268236
  167.873051
  164.477865
  161.104871
  157.709686
  154.403263
  151.008078
  147.668370
  144.262089
  140.900190
  137.538291
  134.154201
  130.803397
  127.441498
  124.101789
  120.717699
  117.333609
  114.016092
  110.565430
  107.203530
  103.830536
  100.468637
   97.117833
   93.711552
   90.349653
   86.998849
   83.614759
   80.275051
   76.868770
   73.551253
   70.178258
   66.771977
   63.432269
   60.037084
   56.664089
   53.313285
   49.895909
   46.534010
   43.172111
   39.799117
   36.437217
   32.997651
   29.669038
   26.318234
   22.900858
   19.572245
   16.177059
   12.837351
    9.442166
    6.058076
    2.696177
  359.323381
  355.950584
  352.577788
  349.326843
  345.942753
  342.614140
  339.241145
  335.857055
  332.528442
  329.144352
  325.760262
  322.398363
  318.992082
  315.685660
  312.279379
  308.950766
  305.622153
  302.160396
  298.853974
  295.436598
  292.085794
  288.657322
  285.273232
  281.944619
  278.549434
  275.187535
  271.803445
  268.452641
  265.068551
  261.728843
  258.311467
  254.949568
  251.543287
  248.125911
  244.786203
  241.324445
  238.006927
  234.633933
  231.227652
  227.865753
  224.459472
  221.064287
  217.735674
  214.307203
  210.956399
  207.561213
  204.188219
  200.826320
  197.442230
  194.091426
  190.740622
  187.323246
  183.972442
  180.599448
  177.226453
  173.886745
  170.502655
  167.096374
  163.767761
  160.372576
  157.099440
  153.737541
  150.320165
  146.969361
  143.607462
  140.223372
  136.872568
  133.510669
  130.170960
  126.764680
  123.424971
  120.029786
  116.667887
  113.283797
  109.921898
  106.548903
  103.187004
   99.802914
   96.407729
   93.090211
   89.695026
   86.310936
   82.982323
   79.598233
   76.214143
   72.885530
   69.501440
   66.150636
   62.755451
   59.415743
   56.031653
   52.625372
   49.296759
   45.890478
   42.550770
   39.199966
   35.793685
   32.409596
   29.069887
   25.685797
   22.323898
   18.973094
   15.566814
   12.271487
    8.854111
    5.536593
    2.141408
  358.764913
  355.388419
  352.011924
  348.716597
  345.399079
  342.014989
  338.675281
  335.257905
  331.907101
  328.556297
  325.205493
  321.854690
  318.448409
  315.075414
  311.702420
  308.362711
  304.967526
  301.605627
  298.210442
  294.848543
  291.486643
  288.113649
  284.662987
  281.234515
  278.005761
  274.577289
  271.259772
  267.809109
  264.524878
  261.063120
  257.634649
  254.306036
  250.888660
  247.548951
  244.142671
  240.780772
  237.396682
  234.001496
  230.695074
  227.244412
  223.849227
  220.509518
  217.081047
  213.730243
  210.357248
  206.973158
  203.622355
  200.193883
  196.898556
  193.514466
  190.108186
  186.724096
  183.351101
  179.989202
  176.627303
  173.254308
  169.881314
  166.519415
  163.135325
  159.695758
  156.400431
  153.038532
  149.698824
  146.359115
  142.941739
  139.646412
  136.273418
  132.878232
  129.538524
  126.132243
  122.770344
  119.419540
  116.024355
  112.673551
  109.278366
  105.894276
  102.576758
   99.126096
   95.808578
   92.435584
   89.073685
   85.711786
   82.316600
   78.999083
   75.648279
   72.219807
   68.913385
   65.496009
   62.222873
   58.827688
   55.421407
   52.059508
   48.686513
   45.324614
   41.940524
   38.534244
   35.216726
   31.832636
   28.470737
   25.075552
   21.713652
   18.351753
   15.012045
   11.627955
    8.299342
    4.870870
    1.542257
  358.014225
  354.486193
  351.412773
  348.128542
  344.755547
  341.382553
  338.065035
  334.680945
  331.319046
  327.923861
  324.561962
  321.266635
  317.860354
  314.454073
  311.092174
  307.696989
  304.379471
  300.939904
  297.622387
  294.238297
  290.843112
  287.470117
  284.119313
  280.757414
  277.406610
  274.000330
  270.649526
  267.265436
  263.903537
  260.541638
  257.157548
  253.784553
  250.455940
  247.038564
  243.621188
  240.292575
  236.808627
  233.457823
  230.040447
  226.678548
  223.349935
  219.932559
  216.537373
  213.153283
  209.735907
  206.440580
  203.034300
  199.650210
  196.310501
  192.937507
  189.531226
  186.169327
  182.807428
  179.434433
  176.083629
  172.688444
  169.326545
  165.942455
  162.547270
  159.185371
  155.779090
  152.439382
  149.121864
  145.804346
  142.364779
  139.058357
  135.685363
  132.312368
  128.950469
  125.577474
  122.182289
  118.798199
  115.469586
  112.074401
  108.723597
  105.339507
  101.966513
   98.615709
   95.220524
   91.903006
   88.541107
   85.123731
   81.772927
   78.411028
   75.071319
   71.687229
   68.292044
   64.952336
   61.568246
   58.195251
   54.811161
   51.471453
   48.098458
   44.714368
   41.341374
   37.968379
   34.562099
   31.244581
   27.860491
   24.520783
   21.125597
   17.785889
   14.357418
   11.006614
    7.666905
    4.249529
    0.932012
  357.481647
  354.031282
  350.858005
  347.485010
  344.145302
  340.816689
  337.399313
  334.081795
  330.675514
  327.369092
  323.951716
  320.578721
  317.239013
  313.854923
  310.493024
  307.108934
  303.747035
  300.374040
  297.023236
  293.605860
  290.266152
  286.882062
  283.497972
  280.102787
  276.763078
  273.401179
  270.028185
  266.610809
  263.315482
  259.942487
  256.525111
  253.185403
  249.790217
  246.439414
  243.077514
  239.693425
  236.331525
  232.925245
  229.552250
  226.190351
  222.784070
  219.411076
  216.049177
  212.653991
  209.292092
  205.885812
  202.490626
  199.095441
  195.700256
  192.338356
  188.987553
  185.603463
  182.230468
  178.890760
  175.528861
  172.133675
  168.816158
  165.432068
  162.047978
  158.708269
  155.313084
  151.973376
  148.589286
  145.216291
  141.854392
  138.470302
  135.119498
  131.724313
  128.428986
  125.000515
  121.627520
  118.287812
  114.870436
  111.541823
  108.135542
  104.762548
  101.422839
   98.005463
   94.665755
   91.270569
   87.886479
   84.568962
   81.184872
   77.811877
   74.472169
   71.076984
   67.692894
   64.319899
   60.946905
   57.573910
   54.200916
   50.816826
   47.499308
   44.093027
   40.720033
   37.358134
   33.951853
   30.589954
   27.228055
   23.866155
   20.504256
   17.086880
   13.769363
   10.374177
    7.001183
    3.650379
    0.266289
  356.876949
  353.487609
  350.158996
  346.874764
  343.523960
  340.128775
  336.777971
  333.382786
  330.031982
  326.692274
  323.274898
  319.924094
  316.573290
  313.211391
  309.849492
  306.443211
  303.125694
  299.719413
  296.379705
  292.995615
  289.622620
  286.194149
  282.843345
  279.481446
  276.108451
  272.702170
  269.284794
  265.823037
  262.583187
  259.243478
  255.859389
  252.464203
  249.035732
  245.651642
  242.300838
  238.994416
  235.610326
  232.248427
  228.908718
  225.480247
  222.118348
  218.723162
  215.316882
  212.077032
  208.626370
  205.275566
  201.902571
  198.496291
  195.189868
  191.850160
  188.421688
  185.081980
  181.731176
  178.347086
  174.985187
  171.590002
  168.228103
  164.866204
  161.493209
  158.153501
  154.736125
  151.385321
  148.012326
  144.661522
  141.310719
  137.926629
  134.575825
  131.191735
  127.818741
  124.434651
  121.083847
  117.721948
  114.337858
  111.009245
  107.569678
  104.241065
  100.868070
   97.461790
   94.144272
   90.760182
   87.398283
   84.025288
   80.674485
   77.368062
   73.928495
   70.588787
   67.249079
   63.864989
   60.547471
   57.141190
   53.757100
   50.428487
   47.011111
   43.704689
   40.320599
   36.936509
   33.563515
   30.179425
   26.817526
   23.433436
   20.071537
   16.731828
   13.347738
    9.985839
    6.612845
    3.217659
  359.833768
  356.449876
  353.065985
  349.815039
  346.375472
  343.102336
  339.707151
  336.378538
  333.005543
  329.643644
  326.292840
  322.919846
  319.557947
  316.184952
  312.867434
  309.427868
  306.065968
  302.737355
  299.286693
  296.002462
  292.540704
  289.167710
  285.805810
  282.377339
  278.982154
  275.553682
  272.225069
  268.852075
  265.456889
  262.083895
  258.721996
  255.371192
  252.042579
  248.680680
  245.340971
  241.934691
  238.517315
  235.177606
  231.860089
  228.420522
  224.980955
  221.674533
  218.357015
  214.950734
  211.599931
  208.193650
  204.887228
  201.414375
  198.019189
  194.668386
  191.295391
  187.878015
  184.493925
  181.165312
  177.814508
  174.463704
  171.157282
  167.717715
  164.378007
  160.982822
  157.620923
  154.259023
  150.841647
  147.501939
  144.151135
  140.767045
  137.427337
  134.009961
  130.659157
  127.330544
  123.946454
  120.584555
  117.200465
  113.838566
  110.465571
  107.070386
  103.752868
  100.379874
   97.006879
   93.656075
   90.349653
   87.087612
   83.670236
   80.374909
   77.046296
   73.651111
   70.289212
   66.916217
   63.587604
   60.203514
   56.852711
   53.479716
   50.117817
   46.744822
   43.338542
   39.954452
   36.614743
   33.275035
   29.879850
   26.551237
   23.156051
   19.805248
   16.443348
   13.048163
    9.708455
    6.268888
    2.951370
  359.563780
  356.176190
  352.788601
  349.493273
  346.175756
  342.791666
  339.407576
  336.078963
  332.705968
  329.344069
  325.971074
  322.631366
  319.258371
  315.874282
  312.512382
  309.161579
  305.744203
  302.393399
  299.031500
  295.658505
  292.285511
  288.890325
  285.484045
  282.099955
  278.660388
  275.298489
  271.969876
  268.519213
  265.190600
  261.795415
  258.422421
  255.060521
  251.643145
  248.314532
  244.941538
  241.557448
  238.195549
  234.767077
  231.427369
  228.054374
  224.603712
  221.275099
  217.891009
  214.518015
  211.189402
  207.772026
  204.410126
  201.048227
  197.653042
  194.302238
  190.895958
  187.545154
  184.194350
  180.799165
  177.459456
  174.108652
  170.791135
  167.373759
  164.022955
  160.649960
  157.276966
  153.926162
  150.508786
  147.213459
  143.818274
  140.478565
  137.094475
  133.710386
  130.403963
  126.942206
  123.635783
  120.284980
  116.856508
  113.561181
  110.132710
  106.804097
  103.420007
  100.002631
   96.696209
   93.301023
   89.950220
   86.588320
   83.237517
   79.864522
   76.491528
   73.162914
   69.767729
   66.394735
   63.010645
   59.659841
   56.297942
   52.891661
   49.540857
   46.178958
   42.783773
   39.432969
   36.059975
   32.675885
   29.280699
   25.940991
   22.590187
   19.217193
   15.833103
   12.437917
    9.076018
    5.758501
    2.318934
  358.953535
  355.588135
  352.222736
  348.982886
  345.565510
  342.236897
  338.863902
  335.457622
  332.151199
  328.744919
  325.371924
  322.032216
  318.648126
  315.297322
  311.913232
  308.562428
  305.211624
  301.827535
  298.476731
  295.081545
  291.664169
  288.313366
  284.951466
  281.600663
  278.183287
  274.799197
  271.481679
  268.097589
  264.702404
  261.318314
  257.967510
  254.627802
  251.232616
  247.892908
  244.475532
  241.113633
  237.740638
  234.367644
  230.994649
  227.588369
  224.237565
  220.820189
  217.469385
  214.085295
  210.712300
  207.361497
  203.988502
  200.637698
  197.297990
  193.891709
  190.507619
  187.145720
  183.772726
  180.455208
  177.004546
  173.675933
  170.302938
  166.896658
  163.512568
  160.161764
  156.810960
  153.393584
  150.042780
  146.680881
  143.296791
  139.945987
  136.550802
  133.199998
  129.838099
  126.476200
  123.136492
  119.708020
  116.346121
  112.962031
  109.633418
  106.238233
  102.843047
   99.458957
   96.085963
   92.724064
   89.395451
   85.966979
   82.638366
   79.287562
   75.947854
   72.541573
   69.168579
   65.851061
   62.478067
   59.082881
   55.709887
   52.314702
   48.963898
   45.579808
   42.229004
   38.856009
   35.483015
   32.121116
   28.792503
   25.352936
   22.013228
   18.629138
   15.311620
   11.883149
    8.532345
    5.159350
    1.797451
  358.446846
  355.096241
  351.745635
  348.383736
  345.021836
  341.682128
  338.275847
  334.969425
  331.574240
  328.201245
  324.839346
  321.444161
  318.115548
  314.731458
  311.358463
  308.029850
  304.645760
  301.261670
  297.833199
  294.493490
  291.142687
  287.736406
  284.396698
  280.990417
  277.639613
  274.266619
  270.904719
  267.509534
  264.136540
  260.752450
  257.368360
  254.073033
  250.633466
  247.193899
  243.843095
  240.459006
  237.097106
  233.701921
  230.317831
  226.944837
  223.538556
  220.187752
  216.770376
  213.441763
  210.057673
  206.673583
  203.311684
  199.983071
  196.632267
  193.292559
  189.852992
  186.557665
  183.173575
  179.778390
  176.483063
  173.010210
  169.648311
  166.308603
  162.913417
  159.562613
  156.167428
  152.772243
  149.443630
  146.059540
  142.686545
  139.313551
  135.996033
  132.589753
  129.238949
  125.865954
  122.481864
  119.142156
  115.746971
  112.362881
  108.989886
  105.605796
  102.299374
   98.870902
   95.531194
   92.124913
   88.763014
   85.423306
   82.028121
   78.677317
   75.293227
   71.942423
   68.580524
   65.163148
   61.812344
   58.450445
   55.044164
   51.704456
   48.287080
   44.980657
   41.552186
   38.190287
   34.806197
   31.433202
   28.104589
   24.731595
   21.314219
   17.963415
   14.590420
   11.239617
    7.866622
    4.493628
    1.109538
  357.642530
  354.175522
  351.046626
  347.706918
  344.333923
  341.005310
  337.654506
  334.259321
  330.875231
  327.535523
  324.184719
  320.800629
  317.438730
  314.076831
  310.703836
  307.319746
  303.957847
  300.551566
  297.211858
  293.805577
  290.443678
  287.092874
  283.675498
  280.369076
  276.984986
  273.589801
  270.216806
  266.799430
  263.370959
  260.020155
  256.636065
  253.263070
  249.856790
  246.517081
  243.110801
  239.782188
  236.409193
  233.014008
  229.607727
  226.256923
  222.895024
  219.544220
  216.149035
  212.831517
  209.491809
  206.063338
  202.690343
  199.350635
  195.944354
  192.604646
  189.209460
  185.880847
  182.518948
  179.112667
  175.784054
  172.411060
  168.993684
  165.665071
  162.292076
  158.885795
  155.546087
  152.161997
  148.822289
  145.416008
  142.043014
  138.714401
  135.319215
  132.001698
  128.584322
  125.222422
  121.860523
  118.476433
  115.103439
  111.730444
  108.368545
  104.973360
  101.611461
   98.249561
   94.865471
   91.503572
   88.086196
   84.757583
   81.384589
   77.989403
   74.649695
   71.254510
   67.914801
   64.530711
   61.191003
   57.806913
   54.389537
   51.060924
   47.676834
   44.281649
   40.941940
   37.524564
   34.195951
   30.756384
   27.405581
   24.043681
   20.670687
   17.319883
   13.924698
   10.540608
    7.200900
    3.805714
    0.466006
  357.037832
  353.609658
  350.391999
  347.030100
  343.668200
  340.328492
  336.966593
  333.582503
  330.209508
  326.880895
  323.474615
  320.168192
  316.728626
  313.400013
  310.038113
  306.631833
  303.303220
  299.896939
  296.557231
  293.162045
  289.722478
  286.438247
  283.009776
  279.670067
  276.319263
  272.901887
  269.562179
  266.178089
  262.827285
  259.443195
  256.025819
  252.708302
  249.346402
  245.951217
  242.644795
  239.194133
  235.854424
  232.492525
  229.075149
  225.768727
  222.295874
  218.945070
  215.583171
  212.187986
  208.859373
  205.453092
  202.080097
  198.751484
  195.367394
  191.994400
  188.610310
  185.237315
  181.919798
  178.524612
  175.151618
  171.767528
  168.416724
  165.021539
  161.670735
  158.253359
  154.913651
  151.529561
  148.123280
  144.783572
  141.410577
  138.048678
  134.708969
  131.280498
  127.996267
  124.567795
  121.205896
  117.855092
  114.459907
  111.131294
  107.691727
  104.340923
  100.979024
   97.572743
   94.244130
   90.826754
   87.464855
   84.091861
   80.707771
   77.401348
   73.995068
   70.622073
   67.282365
   63.898275
   60.525280
   57.130095
   53.768196
   50.350820
   46.988921
   43.604831
   40.254027
   36.914319
   33.474752
   30.135043
   26.750953
   23.389054
   20.016060
   16.643065
   13.314452
    9.897076
    6.546272
    3.195469
  359.793085
  356.390701
  352.988317
  349.770658
  346.419854
  343.013573
  339.684960
  336.300870
  332.961162
  329.599263
  326.215173
  322.842178
  319.458088
  316.129475
  312.723195
  309.394582
  305.999396
  302.648592
  299.231216
  295.869317
  292.540704
  289.101137
  285.772524
  282.377339
  278.982154
  275.653541
  272.213974
  268.907552
  265.556748
  262.161563
  258.810759
  255.382287
  252.009293
  248.658489
  245.263304
  241.912500
  238.439647
  235.055557
  231.715849
  228.309568
  224.936573
  221.497007
  218.135107
  214.784304
  211.378023
  208.038315
  204.609843
  201.270135
  197.941522
  194.546336
  191.195533
  187.789252
  184.427353
  181.043263
  177.692459
  174.308369
  170.957565
  167.573476
  164.167195
  160.827486
  157.554350
  154.103688
  150.797266
  147.357699
  144.051277
  140.678282
  137.272002
  133.954484
  130.570394
  127.241781
  123.813309
  120.451410
  117.089511
  113.694326
  110.365713
  106.915051
  103.619724
  100.246729
   96.818258
   93.511836
   90.116650
   86.765846
   83.403947
   80.042048
   76.635767
   73.284964
   69.934160
   66.561165
   63.154885
   59.848462
   56.419991
   53.080283
   49.707288
   46.334293
   42.928013
   39.566114
   36.215310
   32.853411
   29.447130
   26.085231
   22.701141
   19.350337
   15.999533
   12.615443
    9.275735
    5.858359
    2.507555
  359.127362
  355.747169
  352.366976
  349.071649
  345.754131
  342.381137
  338.963761
  335.679529
  332.273248
  328.911349
  325.549450
  322.176456
  318.825652
  315.441562
  312.101853
  308.728859
  305.333674
  301.993965
  298.598780
  295.259071
  291.841695
  288.468701
  285.084611
  281.711616
  278.349717
  274.976723
  271.592633
  268.219638
  264.857739
  261.484745
  258.100655
  254.705469
  251.343570
  247.970576
  244.519913
  241.202396
  237.785020
  234.400930
  231.050126
  227.654941
  224.281946
  220.920047
  217.547053
  214.140772
  210.778873
  207.350401
  204.055074
  200.615508
  197.275799
  193.869518
  190.507619
  187.145720
  183.750535
  180.421922
  177.048927
  173.664837
  170.302938
  166.918848
  163.534758
  160.217241
  156.855342
  153.493442
  150.098257
  146.758549
  143.374459
  140.012560
  136.639565
  133.288761
  129.949053
  126.598249
  123.180873
  119.785688
  116.423789
  113.095176
  109.688895
  106.326996
  102.954001
   99.558816
   96.252394
   92.846113
   89.462023
   86.100124
   82.771511
   79.376325
   76.003331
   72.663623
   69.312819
   65.939824
   62.555734
   59.138358
   55.831936
   52.414560
   49.041565
   45.657475
   42.306672
   38.955868
   35.560683
   32.187688
   28.836884
   25.441699
   22.135277
   18.706805
   15.333811
   11.983007
    8.598917
    5.237018
    1.852928
  358.476433
  355.099939
  351.723444
  348.439212
  345.066218
  341.726509
  338.364610
  334.969425
  331.640812
  328.245627
  324.861537
  321.510733
  318.193215
  314.775839
  311.402845
  308.074232
  304.690142
  301.306052
  297.944153
  294.537872
  291.187068
  287.802978
  284.429984
  281.068085
  277.695090
  274.299905
  270.938006
  267.587202
  264.214207
  260.830117
  257.468218
  254.128510
  250.711134
  247.360330
  243.998431
  240.614341
  237.263537
  233.846161
  230.506453
  227.089077
  223.738273
  220.331992
  216.958998
  213.519431
  210.124245
  206.828919
  203.478115
  199.971976
  196.654458
  193.303654
  189.886278
  186.568761
  183.140289
  179.878248
  176.483063
  173.098973
  169.703788
  166.364079
  163.035466
  159.629186
  156.256191
  152.916483
  149.499107
  146.159398
  142.797499
  139.457791
  136.073701
  132.733992
  129.349903
  126.054576
  122.603913
  119.253110
  115.869020
  112.518216
  109.145221
  105.783322
  102.388137
   99.026238
   95.675434
   92.313535
   88.918350
   85.578641
   82.238933
   78.843747
   75.492944
   72.142140
   68.758050
   65.407246
   62.023156
   58.672352
   55.321549
   51.893077
   48.553369
   45.202565
   41.818475
   38.412194
   34.983723
   31.666205
   28.259925
   24.909121
   21.447363
   18.163132
   14.812328
   11.428238
    8.066339
    4.604581
    1.309254
  357.753484
  354.197713
  351.168675
  347.851157
  344.522544
  341.160645
  337.832032
  334.481228
  331.097138
  327.724144
  324.328959
  320.989250
  317.649542
  314.254357
  310.870267
  307.508367
  304.113182
  300.695806
  297.300621
  294.005294
  290.587918
  287.170542
  283.786452
  280.369076
  277.040463
  273.634182
  270.261188
  266.921479
  263.526294
  260.142204
  256.747019
  253.418406
  250.023220
  246.639130
  243.277231
  239.893141
  236.575624
  233.147152
  229.818539
  226.467735
  223.105836
  219.721746
  216.359847
  212.997948
  209.591667
  206.274150
  202.878964
  199.517065
  196.166261
  192.737790
  189.353700
  185.969610
  182.518948
  179.212526
  175.828436
  172.455441
  169.082447
  165.698357
  162.314267
  158.930177
  155.657041
  152.295142
  148.922147
  145.582439
  142.165063
  138.803164
  135.507837
  132.079365
  128.761848
  125.399948
  121.993668
  118.698341
  115.292060
  111.907970
  108.590453
  105.173076
  101.833368
   98.449278
   95.065188
   91.725480
   88.341390
   85.023872
   81.650878
   78.266788
   74.927079
   71.531894
   68.181090
   64.841382
   61.424006
   58.084297
   54.689112
   51.338308
   47.976409
   44.603415
   41.241515
   37.901807
   34.462240
   31.133627
   27.760633
   24.365447
   21.003548
   17.663840
   14.313036
   10.906755
    7.555952
    4.160766
    0.798867
  357.326311
  353.853756
  350.680479
  347.340770
  343.989966
  340.661353
  337.277263
  333.904269
  330.531274
  327.180470
  323.785285
  320.445577
  317.105868
  313.710683
  310.348784
  306.942503
  303.613890
  300.229800
  296.834615
  293.494907
  290.077531
  286.737822
  283.342637
  279.991833
  276.629934
  273.234749
  269.883945
  266.488760
  263.126860
  259.709484
  256.269917
  252.952400
  249.634882
  246.228602
  242.811225
  239.460422
  236.054141
  232.625670
  229.252675
  225.901871
  222.539972
  219.155882
  215.771792
  212.343321
  208.959231
  205.630618
  202.202146
  198.873533
  195.489443
  192.127544
  188.754550
  185.403746
  181.997465
  178.668852
  175.240381
  171.922863
  168.483296
  165.176874
  161.803880
  158.475267
  155.135558
  151.751468
  148.400664
  145.072051
  141.665771
  138.281681
  134.964163
  131.568978
  128.207079
  124.811893
  121.461090
  118.132477
  114.715101
  111.364297
  108.002398
  104.651594
  101.245313
   97.872319
   94.510419
   91.159616
   87.742240
   84.435817
   81.062823
   77.689828
   74.350120
   70.943839
   67.626321
   64.186755
   60.835951
   57.474052
   54.078866
   50.750253
   47.366163
   43.948787
   40.631270
   37.213894
   33.874185
   30.490095
   27.094910
   23.755202
   20.360016
   17.020308
   13.636218
   10.274319
    6.901324
    3.528330
    0.177526
  356.743805
  353.310083
  350.059137
  346.741620
  343.357530
  339.973440
  336.644827
  333.271832
  329.921029
  326.548034
  323.152849
  319.824236
  316.395764
  312.978388
  309.594298
  306.321162
  302.959263
  299.552982
  296.213274
  292.851375
  289.445094
  286.105386
  282.688010
  279.326110
  275.964211
  272.535740
  269.173841
  265.745369
  262.405661
  259.065952
  255.582004
  252.264486
  248.847110
  245.485211
  242.123312
  238.728127
  235.366228
  231.959947
  228.609143
  225.225053
  221.829868
  218.501255
  215.117165
  211.688694
  208.371176
  204.931609
  201.602996
  198.207811
  194.812626
  191.472917
  188.099923
  184.726928
  181.353933
  177.958748
  174.641231
  171.279331
  167.839765
  164.488961
  161.093775
  157.720781
  154.347786
  150.985887
  147.623988
  144.206612
  140.877999
  137.582672
  134.220773
  130.836683
  127.541356
  124.112885
  120.750985
  117.366896
  113.982806
  110.620906
  107.225721
  103.908204
  100.524114
   97.162214
   93.767029
   90.394035
   87.087612
   83.692427
   80.352719
   77.046296
   73.640016
   70.333593
   66.971694
   63.598700
   60.225705
   56.863806
   53.535193
   50.151103
   46.778109
   43.427305
   40.087596
   36.703506
   33.341607
   29.968613
   26.628904
   23.300291
   19.894011
   16.576493
   13.136926
    9.819408
    6.424223
    3.051229
  359.600765
  356.150301
  352.699837
  349.448892
  346.197946
  342.813856
  339.485243
  336.123344
  332.772540
  329.388450
  326.048742
  322.697938
  319.280562
  315.951949
  312.578955
  309.217055
  305.844061
  302.493257
  299.109167
  295.758363
  292.363178
  288.979088
  285.606094
  282.233099
  278.837914
  275.387252
  272.147402
  268.707835
  265.379222
  262.083895
  258.599947
  255.271334
  251.909434
  248.425486
  245.107968
  241.701688
  238.295407
  234.988985
  231.560513
  228.242996
  224.770143
  221.419339
  218.057440
  214.651159
  211.322546
  207.960647
  204.609843
  201.270135
  197.863854
  194.557432
  191.206628
  187.778157
  184.416257
  181.098740
  177.670268
  174.297274
  170.846612
  167.484712
  164.133909
  160.816391
  157.343538
  154.026020
  150.675217
  147.224554
  143.918132
  140.567328
  137.172143
  133.854625
  130.459440
  127.130827
  123.724546
  120.329361
  116.978557
  113.605563
  110.232568
  106.892860
  103.486579
  100.091394
   96.751686
   93.345405
   90.005696
   86.643797
   83.237517
   79.931094
   76.547004
   73.185105
   69.834301
   66.428021
   63.077217
   59.682032
   56.320133
   52.936043
   49.540857
   46.156767
   42.805964
   39.410778
   36.082165
   32.686980
   29.302890
   26.007563
   22.590187
   19.239383
   15.899675
   12.515585
    9.175877
    5.758501
    2.418792
  359.027504
  355.636215
  352.244928
  348.960695
  345.609891
  342.292374
  338.908284
  335.524194
  332.206676
  328.811491
  325.460687
  322.065502
  318.692507
  315.408276
  312.024186
  308.640096
  305.267101
  301.894107
  298.554398
  295.114832
  291.775123
  288.413224
  284.995848
  281.656140
  278.238764
  274.921246
  271.526061
  268.130875
  264.813358
  261.395982
  258.089559
  254.672183
  251.299189
  247.981671
  244.575390
  241.202396
  237.829401
  234.456407
  231.094508
  227.688227
  224.326328
  220.942238
  217.569243
  214.207344
  210.812159
  207.439164
  204.055074
  200.726461
  197.386753
  193.969377
  190.607478
  187.223388
  183.883679
  180.477399
  177.126595
  173.720314
  170.336224
  167.007611
  163.579140
  160.250527
  156.855342
  153.471252
  150.131543
  146.725263
  143.407745
  140.012560
  136.639565
  133.288761
  129.926862
  126.553868
  123.169778
  119.796783
  116.479265
  113.050794
  109.688895
  106.304805
  102.898524
   99.558816
   96.174726
   92.823922
   89.462023
   86.066838
   82.704939
   79.320849
   75.970045
   72.585955
   69.190770
   65.839966
   62.511353
   59.138358
   55.743173
   52.381274
   48.974993
   45.646380
   42.251195
   38.867105
   35.527396
   32.121116
   28.748121
   25.375127
   22.024323
   18.673519
   15.267238
   11.927530
    8.543440
    5.137159
    1.830737
  358.446845
  355.062954
  351.679063
  348.317163
  345.032932
  341.637746
  338.298038
  334.947234
  331.529858
  328.212341
  324.828251
  321.466351
  318.115548
  314.709267
  311.402845
  308.007659
  304.612474
  301.294956
  297.866485
  294.526777
  291.142687
  287.725311
  284.407793
  281.001512
  277.606327
  274.311000
  270.871433
  267.565011
  264.136540
  260.741354
  257.412741
  254.017556
  250.677848
  247.304853
  243.909668
  240.525578
  237.074916
  233.701921
  230.351117
  226.944837
  223.549651
  220.143371
  216.803662
  213.375191
  210.013292
  206.651393
  203.289493
  199.894308
  196.565695
  193.148319
  189.764229
  186.435616
  183.040431
  179.689627
  176.305537
  172.910352
  169.592834
  166.153267
  162.780273
  159.429469
  156.067570
  152.705671
  149.321581
  146.059540
  142.642164
  139.280265
  135.929461
  132.545371
  129.227853
  125.832668
  122.448578
  119.086679
  115.702589
  112.362881
  109.012077
  105.605796
  102.277183
   98.870902
   95.520099
   92.202581
   88.796300
   85.412210
   82.116884
   78.710603
   75.381990
   72.042281
   68.624905
   65.296292
   61.934393
   58.583589
   55.243881
   51.793219
   48.464606
   45.113802
   41.740807
   38.412194
   34.983723
   31.699491
   28.304306
   24.920216
   21.591603
   18.174227
   14.856710
   11.483715
    8.099625
    4.771012
    1.364731
  357.808961
  354.253190
  351.213057
  347.895539
  344.522544
  341.138454
  337.721078
  334.381370
  331.074948
  327.713049
  324.362245
  321.000346
  317.627351
  314.276547
  310.914648
  307.519463
  304.146468
  300.773474
  297.422670
  294.027485
  290.665586
  287.270400
  283.908501
  280.502220
  277.140321
  273.778422
  270.372141
  266.976956
  263.592866
  260.175490
  256.824686
  253.451692
  250.078697
  246.705703
  243.321613
  239.926427
  236.597814
  233.191534
  229.785253
  226.434449
  223.028169
  219.688460
  216.326561
  212.875899
  209.569477
  206.229768
  202.856774
  199.494875
  196.110785
  192.704504
  189.342605
  185.936324
  182.585520
  179.201430
  175.828436
  172.455441
  169.093542
  165.742738
  162.314267
  158.930177
  155.579373
  152.173093
  148.811193
  145.449294
  142.176158
  138.814259
  135.474550
  132.123747
  128.739657
  125.366662
  122.015858
  118.642864
  115.280965
  111.930161
  108.523880
  105.173076
  101.822273
   98.415992
   95.109570
   91.714384
   88.363581
   85.034968
   81.639782
   78.311169
   74.927079
   71.587371
   68.203281
   64.830287
   61.501673
   58.161965
   54.777875
   51.382690
   48.065172
   44.681082
   41.330279
   37.957284
   34.595385
   31.255676
   27.849396
   24.520783
   21.103407
   17.796984
   14.412894
   11.062091
    7.678001
    4.271720
    0.954202
  357.459456
  353.964710
  350.846909
  347.473915
  344.134206
  340.827784
  337.432599
  334.070699
  330.697705
  327.313615
  323.985002
  320.612007
  317.250108
  313.854923
  310.493024
  307.131125
  303.769225
  300.374040
  297.056523
  293.683528
  290.288343
  286.893157
  283.542354
  280.158264
  276.807460
  273.401179
  270.061471
  266.644095
  263.304386
  259.931392
  256.547302
  253.207593
  249.812408
  246.461604
  243.066419
  239.704520
  236.353716
  232.903054
  229.585536
  226.201446
  222.784070
  219.422171
  215.916032
  212.642896
  209.236615
  205.852525
  202.501722
  199.062155
  195.733542
  192.382738
  188.987553
  185.636749
  182.197182
  178.857474
  175.495575
  172.100389
  168.749585
  165.354400
  161.992501
  158.630602
  155.224321
  151.906803
  148.489427
  145.116433
  141.754534
  138.370444
  135.008545
  131.679932
  128.384605
  124.967229
  121.616425
  118.254526
  114.826054
  111.508537
  108.113351
  104.729261
  101.411744
   97.983272
   94.643564
   91.270569
   87.919766
   84.546771
   81.218158
   77.845163
   74.449978
   71.121365
   67.748371
   64.375376
   61.035668
   57.629387
   54.267488
   50.872303
   47.521499
   44.170695
   40.753319
   37.446897
   34.018425
   30.656526
   27.305722
   23.899442
   20.581924
   17.186739
   13.847030
   10.485131
    7.089946
    3.728047
    0.366147
  356.915782
  353.465418
  350.236663
  346.919146
  343.590533
  340.206443
  336.855639
  333.460454
  330.142936
  326.769942
  323.341470
  320.023952
  316.573290
  313.155914
  309.805110
  306.520879
  303.136789
  299.797081
  296.401895
  293.039996
  289.633715
  286.316198
  282.921013
  279.548018
  276.186119
  272.802029
  269.406844
  266.056040
  262.649759
  259.343337
  255.914865
  252.564062
  249.213258
  245.806977
  242.400697
  238.994416
  235.577040
  232.226236
  228.842146
  225.502438
  222.073966
  218.667686
  215.350168
  211.966078
  208.604179
  205.208994
  201.847094
  198.474100
  195.112201
  191.750302
  188.321830
  184.993217
  181.609127
  178.269419
  174.863138
  171.523430
  168.117149
  164.733059
  161.382255
  158.009261
  154.713934
  151.285462
  147.934659
  144.606046
  141.233051
  137.904438
  134.520348
  131.091877
  127.774359
  124.356983
  121.050561
  117.655375
  114.249095
  110.898291
  107.503106
  104.119016
  100.801498
   97.395217
   94.066604
   90.660324
   87.320615
   83.969811
   80.563531
   77.223822
   73.839732
   70.455643
   67.138125
   63.765130
   60.403231
   57.063523
   53.690528
   50.317534
   46.955635
   43.560449
   40.242932
   36.792269
   33.463656
   30.135043
   26.739858
   23.411245
   19.993869
   16.654161
   13.314452
    9.897076
    6.579558
    3.162182
  359.759798
  356.357415
  352.955032
  349.726276
  346.319995
  343.035764
  339.673865
  336.278679
  332.883494
  329.554881
  326.226268
  322.797797
  319.435897
  316.085094
  312.734290
  309.361295
  305.955015
  302.615306
  299.197930
  295.847126
  292.463037
  289.078947
  285.705952
  282.277481
  279.015440
  275.531492
  272.136306
  268.852075
  265.467985
  262.017323
  258.633233
  255.260238
  251.920530
  248.503154
  245.196731
  241.746069
  238.373075
  235.000080
  231.593800
  228.265186
  224.847810
  221.452625
  218.112917
  214.662255
  211.333642
  207.949552
  204.576557
  201.247944
  197.841663
  194.501955
  191.140056
  187.711584
  184.382971
  180.987786
  177.625887
  174.263988
  170.846612
  167.628952
  164.244862
  160.849677
  157.487778
  154.103688
  150.786170
  147.379890
  143.995800
  140.711568
  137.305288
  133.943388
  130.614775
  127.230686
  123.879882
  120.484696
  117.178274
  113.760898
  110.387904
  107.048195
  103.686296
  100.302206
   96.907021
   93.534026
   90.205413
   86.843514
   83.492710
   80.108620
   76.735626
   73.395917
   70.034018
   66.694310
   63.276934
   59.937225
   56.586422
   53.224522
   49.840432
   46.423056
   43.083348
   39.699258
   36.359550
   32.953269
   29.591370
   26.262757
   22.889762
   19.516768
   16.121582
   12.759683
    9.419975
    6.013694
    2.685081
  359.278999
  355.872916
  352.466834
  349.149317
  345.865085
  342.480995
  339.096905
  335.790483
  332.373107
  329.022303
  325.638213
  322.320695
  318.969892
  315.552516
  312.201712
  308.817622
  305.466818
  302.104919
  298.720829
  295.347835
  291.963745
  288.612941
  285.173374
  281.744903
  278.405194
  275.010009
  271.648110
  268.230734
  264.879930
  261.473649
  258.122845
  254.727660
  251.376856
  248.037148
  244.630867
  241.280063
  237.907069
  234.500788
  231.116698
  227.754799
  224.392900
  220.964429
  217.658006
  214.362679
  210.845445
  207.539023
  204.166028
  200.726461
  197.453325
  194.024854
  190.707336
  187.367628
  183.950252
  180.566162
  177.281930
  173.831268
  170.524846
  167.118565
  163.745571
  160.405862
  157.010677
  153.615492
  150.297974
  146.880598
  143.529794
  140.167895
  136.805996
  133.444097
  130.048911
  126.687012
  123.314018
  119.963214
  116.601315
  113.183939
  109.866421
  106.482331
  103.098241
   99.747437
   96.330061
   93.023639
   89.628454
   86.255459
   82.937941
   79.520565
   76.169762
   72.796767
   69.434868
   66.072969
   62.688879
   59.304789
   55.953985
   52.547704
   49.196901
   45.779525
   42.450912
   39.055726
   35.627255
   32.365214
   28.925647
   25.574843
   22.201849
   18.806664
   15.511337
   12.093961
    8.720966
    5.392353
    1.974977
  358.594784
  355.214591
  351.834398
  348.516880
  345.143885
  341.781986
  338.442278
  335.069283
  331.729575
  328.345485
  324.983586
  321.632782
  318.237597
  314.897888
  311.491608
  308.151899
  304.790000
  301.361529
  298.066202
  294.671017
  291.242545
  287.891741
  284.518747
  281.156848
  277.783853
  274.366477
  271.037864
  267.642679
  264.269684
  260.952166
  257.490409
  254.172891
  250.810992
  247.404711
  243.976240
  240.603245
  237.196965
  233.812875
  230.473166
  227.089077
  223.704987
  220.287611
  216.947902
  213.552717
  210.168627
  206.828919
  203.467019
  200.082929
  196.709935
  193.359131
  190.041613
  186.668619
  183.351101
  179.933725
  176.571826
  173.165545
  169.737074
  166.419556
  163.090943
  159.651376
  156.356050
  152.905387
  149.610061
  146.225971
  142.797499
  139.502172
  136.106987
  132.767279
  129.372093
  125.988003
  122.648295
  119.264205
  115.880115
  112.496025
  109.111935
  105.772227
  102.399232
   99.026238
   95.675434
   92.291344
   88.951636
   85.567546
   82.183456
   78.854843
   75.459657
   72.119949
   68.713668
   65.362865
   61.978775
   58.661257
   55.266072
   51.915268
   48.486797
   45.135993
   41.818475
   38.434385
   35.050295
   31.632919
   28.282115
   24.975693
   21.580508
   18.229704
   14.856710
   11.472620
    8.144007
    4.748821
    1.398017
  358.028919
  354.659822
  351.290724
  347.895539
  344.589117
  341.216122
  337.843128
  334.536705
  331.097138
  327.790716
  324.406626
  321.066918
  317.705019
  314.276547
  310.925744
  307.597130
  304.190850
  300.840046
  297.444861
  294.094057
  290.743253
  287.303686
  283.952883
  280.579888
  277.240180
  273.822804
  270.460904
  267.076814
  263.714915
  260.319730
  256.869068
  253.540455
  250.111983
  246.783370
  243.377090
  239.993000
  236.686577
  233.269201
  229.907302
  226.467735
  223.105836
  219.766128
  216.370943
  212.997948
  209.613858
  206.229768
  202.867869
  199.483779
  196.121880
  192.804362
  189.398082
  186.036182
  182.707569
  179.345670
  175.917199
  172.588586
  169.259973
  165.853692
  162.436316
  159.052226
  155.701422
  152.339523
  149.010910
  145.615725
  142.298207
  138.858640
  135.518932
  132.179224
  128.772943
  125.455425
  122.026954
  118.698341
  115.336442
  111.907970
  108.590453
  105.206363
  101.811177
   98.460374
   95.054093
   91.736575
   88.352485
   84.990586
   81.617592
   78.222406
   74.904889
   71.487513
   68.136709
   64.797000
   61.346338
   58.051011
   54.666921
   51.249545
   47.932028
   44.514652
   41.141657
   37.779758
   34.351287
   31.055960
   27.638584
   24.276684
   20.936976
   17.508505
   14.202082
   10.817992
    7.444998
    4.083099
    0.676818
  357.215358
  353.753898
  350.569525
  347.263102
  343.867917
  340.528209
  337.133023
  333.815506
  330.431416
  327.058421
  323.696522
  320.301337
  316.972724
  313.621920
  310.226735
  306.875931
  303.458555
  300.107751
  296.768043
  293.361762
  289.977672
  286.582487
  283.276065
  279.858689
  276.496789
  273.112699
  269.728610
  266.455473
  263.027002
  259.665103
  256.292108
  252.919114
  249.579405
  246.150934
  242.800130
  239.438231
  236.065236
  232.703337
  229.252675
  225.924062
  222.584354
  219.144787
  215.827269
  212.409893
  209.047994
  205.686095
  202.324196
  198.951201
  195.578207
  192.238498
  188.854408
  185.492509
  182.097324
  178.757615
  175.362430
  172.011626
  168.583155
  165.243446
  161.881547
  158.475267
  155.124463
  151.718182
  148.356283
  145.027670
  141.621389
  138.281681
  134.897591
  131.524596
  128.162697
  124.756417
  121.427803
  118.043714
  114.681814
  111.308820
  107.880348
  104.562831
  101.156550
   97.783556
   94.432752
   91.059757
   87.697858
   84.335959
   80.929678
   77.589970
   74.161498
   70.855076
   67.482082
   64.064706
   60.736092
   57.329812
   53.990103
   50.572727
   47.210828
   43.837834
   40.475934
   37.047463
   33.685564
   30.323665
   26.983956
   23.622057
   20.204681
   16.853877
   13.547455
   10.107888
    6.757084
    3.350804
  359.941023
  356.531242
  353.121461
  349.892707
  346.541903
  343.202195
  339.873582
  336.478396
  333.171974
  329.776789
  326.414889
  323.041895
  319.635614
  316.329192
  312.934007
  309.572108
  306.188018
  302.826118
  299.464219
  296.057939
  292.696039
  289.345236
  285.950050
  282.621437
  279.215157
  275.808876
  272.458072
  269.107268
  265.745369
  262.372375
  258.954999
  255.637481
  252.220105
  248.880397
  245.518497
  242.101121
  238.705936
  235.266369
  231.904470
  228.575857
  225.136290
  221.752200
  218.345920
  214.995116
  211.622121
  208.249127
  204.865037
  201.492042
  198.085762
  194.757149
  191.384154
  187.977873
  184.649260
  181.276266
  177.903271
  174.508086
  171.135091
  167.751002
  164.422389
  161.038299
  157.676399
  154.247928
  150.919315
  147.601797
  144.217707
  140.800331
  137.482814
  134.109819
  130.770111
  127.352735
  124.001931
  120.628936
  117.233751
  113.894043
  110.454476
  107.148054
  103.786154
  100.413160
   97.029070
   93.622789
   90.305272
   86.943372
   83.548187
   80.186288
   76.791103
   73.506871
   70.111686
   66.694310
   63.354601
   59.970511
   56.641898
   53.257809
   49.884814
   46.522915
   43.116634
   39.743640
   36.415027
   33.019841
   29.680133
   26.284948
   22.934144
   19.572245
   16.210345
   12.826256
    9.475452
    6.080266
    2.729463
  359.349270
  355.969077
  352.588884
  349.293556
  345.920562
  342.591949
  339.263336
  335.857055
  332.539537
  329.177638
  325.826835
  322.453840
  319.080845
  315.741137
  312.357047
  309.017339
  305.599963
  302.249159
  298.876164
  295.458788
  292.119080
  288.723895
  285.361995
  282.033382
  278.593816
  275.265203
  271.870017
  268.474832
  265.135124
  261.706652
  258.366944
  255.049426
  251.620955
  248.314532
  244.886061
  241.557448
  238.095690
  234.645028
  231.327510
  227.954516
  224.537140
  221.153050
  217.746769
  214.418156
  211.034066
  207.661072
  204.276982
  200.870701
  197.542088
  194.191284
  190.796099
  187.434200
  184.050110
  180.688211
  177.337407
  173.908936
  170.591418
  167.162947
  163.834334
  160.450244
  157.088344
  153.748636
  150.375641
  147.002647
  143.674034
  140.267753
  136.950236
  133.566146
  130.193151
  126.853443
  123.458257
  120.063072
  116.712268
  113.317083
  109.944089
  106.582189
  103.209195
   99.858391
   96.463206
   93.090211
   89.706121
   86.355317
   83.004514
   79.631519
   76.247429
   72.896625
   69.512536
   66.150636
   62.788737
   59.404647
   56.042748
   52.658658
   49.241282
   45.923764
   42.550770
   39.199966
   35.804781
   32.420691
   29.025506
   25.674702
   22.312803
   18.973094
   15.555718
   12.204914
    8.831920
    5.447830
    2.108122
  358.713135
  355.318148
  351.923161
  348.616738
  345.277030
  341.915131
  338.597613
  335.213523
  331.818338
  328.456439
  325.072349
  321.732640
  318.370741
  314.986651
  311.613657
  308.262853
  304.867668
  301.527959
  298.154965
  294.804161
  291.364594
  288.013790
  284.674082
  281.256706
  277.883711
  274.532908
  271.137722
  267.809109
  264.391733
  261.052025
  257.656840
  254.294940
  250.966327
  247.548951
  244.209243
  240.814058
  237.429968
  234.079164
  230.672883
  227.310984
  223.949085
  220.476232
  217.125428
  213.685861
  210.323962
  206.962063
  203.600164
  200.216074
  196.820889
  193.447894
  190.097090
  186.690810
  183.340006
  179.978107
  176.605112
  173.265404
  169.825837
  166.441747
  163.090943
  159.706853
  156.356050
  152.971960
  149.587870
  146.281447
  142.952834
  139.524363
  136.151368
  132.811660
  129.483047
  126.065671
  122.748153
  119.352968
  116.002164
  112.618074
  109.245080
  105.894276
  102.532377
   99.092810
   95.775292
   92.369012
   89.007113
   85.656309
   82.283314
   78.954701
   75.559516
   72.219807
   68.857908
   65.473818
   62.123015
   58.761115
   55.365930
   52.026222
   48.642132
   45.280233
   41.907238
   38.523148
   35.139058
   31.766064
   28.381974
   25.064456
   21.702557
   18.329562
   14.945473
   11.583573
    8.210579
    4.859775
    1.486780
  358.117682
  354.748585
  351.379487
  348.061970
  344.666784
  341.349267
  337.965177
  334.614373
  331.263569
  327.846193
  324.550866
  321.122395
  317.771591
  314.431883
  311.036697
  307.708084
  304.335090
  300.906618
  297.600196
  294.182820
  290.809825
  287.447926
  284.063836
  280.724128
  277.328943
  273.944853
  270.605144
  267.187768
  263.836964
  260.463970
  257.113166
  253.762362
  250.333891
  246.983087
  243.632283
  240.226003
  236.897390
  233.457823
  230.062638
  226.645261
  223.261172
  219.877082
  216.481896
  213.097806
  209.713717
  206.362913
  203.001014
  199.594733
  196.199548
  192.859839
  189.453559
  186.113850
  182.763046
  179.390052
  176.017057
  172.599681
  169.259973
  165.886978
  162.469602
  159.140989
  155.756899
  152.383905
  149.022006
  145.649011
  142.298207
  138.991785
  135.574409
  132.245796
  128.839515
  125.521998
  122.126812
  118.753818
  115.391919
  112.018924
  108.623739
  105.284030
  101.899940
   98.526946
   95.153951
   91.814243
   88.419058
   85.034968
   81.673068
   78.366646
   74.960366
   71.609562
   68.225472
   64.841382
   61.512769
   58.095393
   54.733494
   51.371594
   47.976409
   44.658892
   41.219325
   37.901807
   34.495526
   31.111436
   27.782823
   24.398734
   21.025739
   17.686031
   14.335227
   10.962232
    7.600333
    4.216243
    0.887630
  357.376241
  353.864852
  350.769242
  347.418438
  344.089825
  340.716830
  337.354931
  333.993032
  330.653323
  327.269234
  323.907334
  320.545435
  317.172441
  313.821637
  310.448642
  307.053457
  303.713749
  300.318563
  296.978855
  293.539288
  290.232866
  286.815490
  283.464686
  280.080596
  276.707602
  273.367893
  269.928326
  266.577523
  263.215623
  259.864820
  256.536207
  253.096640
  249.756931
  246.383937
  243.010942
  239.637948
  236.220572
  232.869768
  229.408010
  226.068302
  222.650926
  219.277931
  215.916032
  212.509751
  209.136757
  205.763762
  202.412959
  199.006678
  195.655874
  192.282880
  188.909885
  185.514700
  182.152801
  178.824188
  175.417907
  172.033817
  168.671918
  165.287828
  161.903738
  158.552934
  155.135558
  151.773659
  148.400664
  145.016575
  141.710152
  138.392635
  135.008545
  131.668836
  128.295842
  124.933943
  121.560948
  118.187953
  114.837150
  111.408678
  108.046779
  104.684880
  101.300790
   97.972177
   94.554801
   91.237283
   87.819907
   84.446913
   81.096109
   77.712019
   74.372311
   70.999316
   67.615226
   64.297708
   60.847046
   57.507338
   54.145439
   50.761349
   47.366163
   44.004264
   40.620174
   37.269371
   33.840899
   30.534477
   27.150387
   23.744106
   20.371112
   17.009213
   13.680600
   10.296510
    6.868038
    3.561616
    0.144240
  356.716066
  353.287892
  350.048042
  346.730524
  343.368625
  340.006726
  336.655922
  333.238546
  329.954315
  326.559129
  323.175039
  319.835331
  316.462337
  313.067151
  309.749634
  306.365544
  302.970358
  299.586268
  296.246560
  292.895756
  289.489476
  286.083195
  282.776773
  279.359397
  276.030784
  272.646694
  269.251508
  265.900705
  262.527710
  259.165811
  255.770626
  252.430917
  249.069018
  245.662737
  242.311933
  238.938939
  235.532658
  232.181854
  228.764478
  225.347102
  221.929726
  218.578923
  215.205928
  211.810743
  208.448844
  205.086944
  201.691759
  198.352051
  194.945770
  191.572775
  188.233067
  184.837882
  181.453792
  178.091893
  174.707803
  171.390285
  167.972909
  164.633201
  161.282397
  157.887212
  154.503122
  151.174509
  147.701656
  144.328661
  140.977857
  137.627054
  134.331727
  130.925446
  127.530261
  124.201648
  120.850844
  117.422372
  114.082664
  110.709670
  107.347770
  103.941490
  100.612877
   97.184405
   93.833601
   90.504988
   87.131994
   83.747904
   80.386005
   77.024106
   73.673302
   70.278117
   66.938408
   63.543223
   60.159133
   56.797234
   53.413144
   50.062340
   46.678250
   43.294160
   39.976643
   36.537076
   33.208463
   29.813277
   26.473569
   23.089479
   19.694294
   16.354585
   13.014877
    9.608596
    6.257793
    2.862607
  359.463922
  356.065237
  352.666552
  349.426701
  346.064802
  342.747284
  339.396480
  336.023486
  332.661587
  329.277497
  325.915598
  322.564794
  319.202895
  315.818805
  312.456906
  309.095006
  305.688726
  302.360113
  298.931641
  295.625219
  292.185652
  288.779371
  285.395282
  282.088859
  278.627102
  275.342870
  271.947685
  268.607976
  265.223887
  261.906369
  258.500088
  255.127094
  251.809576
  248.381105
  245.052492
  241.668402
  238.284312
  234.933508
  231.394083
  228.009993
  224.692475
  221.264004
  217.913200
  214.506919
  211.145020
  207.783121
  204.365745
  201.037132
  197.664137
  194.246761
  190.918148
  187.489677
  184.216541
  180.788069
  177.381789
  174.030985
  170.624704
  167.240614
  163.867620
  160.472434
  157.099440
  153.759731
  150.386737
  147.002647
  143.596366
  140.245562
  136.872568
  133.499573
  130.159865
  126.753584
  123.402781
  120.140740
  116.712268
  113.394751
  110.032852
  106.626571
  103.309053
   99.902773
   96.540873
   93.167879
   89.839266
   86.466271
   83.137658
   79.764664
   76.380574
   73.018675
   69.678966
   66.305972
   62.944072
   59.593269
   56.209179
   52.847280
   49.518667
   46.134577
   42.772677
   39.421874
   36.048879
   32.720266
   29.336176
   25.940991
   22.623473
   19.250479
   15.899675
   12.537776
    9.175877
    5.825073
    2.429888
  359.034901
  355.639914
  352.244927
  348.982886
  345.620987
  342.270183
  338.919379
  335.535289
  332.251058
  328.800395
  325.460687
  322.065502
  318.714698
  315.386085
  311.979804
  308.629001
  305.278197
  301.871916
  298.543303
  295.137022
  291.808409
  288.391033
  284.973657
  281.633949
  278.272050
  274.899055
  271.537156
  268.130875
  264.757881
  261.440363
  258.011892
  254.583420
  251.199330
  247.826336
  244.464437
  241.080347
  237.696257
  234.301071
  230.950268
  227.566178
  224.148802
  220.797998
  217.402813
  214.029818
  210.590251
  207.294924
  203.933025
  200.526745
  197.131559
  193.747469
  190.418856
  187.045862
  183.695058
  180.277682
  176.915783
  173.553884
  170.158698
  166.796799
  163.412709
  159.984238
  156.655625
  153.260439
  149.898540
  146.558832
  143.152551
  139.812843
  136.395467
  133.033568
  129.682764
  126.365246
  123.036633
  119.619257
  116.290644
  112.950936
  109.522464
  106.182756
  102.776475
   99.436767
   96.074868
   92.690778
   89.328878
   86.011361
   82.660557
   79.287562
   75.925663
   72.619241
   69.257342
   65.873252
   62.566830
   59.149454
   55.820841
   52.436751
   49.119233
   45.724048
   42.362149
   39.033536
   35.727113
   32.365214
   29.014410
   25.696893
   22.357184
   19.050762
   15.688863
   12.315868
    8.987255
    5.625356
    2.230171
  358.857375
  355.484578
  352.111782
  348.749883
  345.476747
  342.114848
  338.764044
