    1   -6.017498    0.000248    1.320350  357.908819  354.497288    3.411531
    2   -6.018284    0.000285    0.832153  357.470551  354.108950    3.361602
    3   -6.017691    0.000222    0.466006  357.098857  353.731707    3.367150
    4   -6.016437    0.000263    0.110954  356.765996  353.421037    3.344958
    5   -6.017325    0.000227    3.051229  359.715417  356.379606    3.335812
    6   -6.014377    0.000189    2.796035  359.449128  356.102221    3.346907
    7   -6.017205    0.000216    2.396601  359.045996  355.695391    3.350605
    8   -6.016939    0.000202    2.030454  358.535708  355.040962    3.494746
    9   -6.017197    0.000199    1.653211  358.247228  354.841245    3.405983
   10   -6.016518    0.000203    1.342541  357.919915  354.497288    3.422626
   11   -6.015329    0.000262    0.987489  357.570410  354.153331    3.417079
   12   -6.017123    0.000202    0.543673  357.187619  353.831566    3.356054
   13   -6.017669    0.000184    0.122049  356.788186  353.454323    3.333863
   14   -6.017112    0.000239    3.095610  359.759798  356.423987    3.335812
   15   -6.015589    0.000238    2.773844  359.438032  356.102221    3.335812
   16   -6.017021    0.000278    2.418792  359.086679  355.754566    3.332113
   17   -6.016868    0.000220    2.030454  358.546803  355.063152    3.483651
   18   -6.016883    0.000233    1.664307  358.236133  354.807959    3.428174
   19   -6.016531    0.000242    1.264873  357.881081  354.497288    3.383792
   20   -6.015387    0.000201    0.932012  357.564863  354.197713    3.367149
   21   -6.015248    0.000250    0.588055  357.232001  353.875947    3.356054
   22   -6.016933    0.000211    0.244098  356.915782  353.587467    3.328316
   23   -6.017494    0.000209    3.228755  359.870753  356.512750    3.358002
   24   -6.017194    0.000210    2.818226  359.475017  356.131809    3.343209
   25   -6.015526    0.000242    2.440983  359.086679  355.732375    3.354304
   26   -6.017036    0.000191    2.030454  358.535708  355.040962    3.494746
   27   -6.017169    0.000183    1.653211  358.225037  354.796863    3.428174
   28   -6.016927    0.000231    1.331445  357.914367  354.497288    3.417078
   29   -6.015500    0.000228    1.031870  357.642530  354.253190    3.389340
   30   -6.017183    0.000198    0.588055  357.220905  353.853756    3.367150
   31   -6.017445    0.000227    0.199717  356.849211  353.498704    3.350507
   32   -6.016216    0.000228    3.262041  359.892943  356.523846    3.369098
   33   -6.017027    0.000205    2.840416  359.500906  356.161396    3.339510
   34   -6.015868    0.000184    2.452078  359.127362  355.802646    3.324716
   35   -6.016908    0.000225    2.085931  358.552351  355.018771    3.533580
   36   -6.015592    0.000249    1.741974  358.324896  354.907817    3.417079
   37   -6.017998    0.000216    1.309254  357.914367  354.519479    3.394888
   38   -6.017038    0.000218    0.943107  357.564863  354.186618    3.378244
   39   -6.015402    0.000231    0.554769  357.220906  353.887042    3.333864
   40   -6.017580    0.000212    0.155335  356.810376  353.465418    3.344958
   41   -6.016553    0.000237    3.184373  359.833768  356.483163    3.350605
   42   -6.017559    0.000212    2.807130  359.463922  356.120713    3.343208
   43   -6.015660    0.000242    2.463174  359.119965  355.776757    3.343209
   44   -6.016797    0.000296    2.063740  358.739024  355.414307    3.324716
   45   -6.017995    0.000226    1.586639  358.191751  354.796863    3.394888
   46   -6.018368    0.000244    1.176110  357.792317  354.408525    3.383792
   47   -6.016406    0.000285    0.809963  357.459456  354.108950    3.350506
   48   -6.016215    0.000167    0.454910  357.071118  353.687326    3.383792
   49   -6.018056    0.000226   -0.011095  356.638398  353.287892    3.350506
   50   -6.016491    0.000217    3.017942  359.656241  356.294540    3.361701
   51   -6.016914    0.000178    2.662890  359.315983  355.969076    3.346907
   52   -6.016468    0.000199    2.307838  358.957233  355.606628    3.350605
   53   -6.016221    0.000240    1.864023  358.397016  354.930008    3.467007
   54   -6.017872    0.000282    1.520067  358.080798  354.641528    3.439269
   55   -6.016263    0.000215    1.076252  357.698007  354.319762    3.378245
   56   -6.016667    0.000255    0.754486  357.381789  354.009092    3.372697
   57   -6.017263    0.000222    0.310671  356.954617  353.598563    3.356054
   58   -6.016168    0.000289    0.011095  356.643946  353.276797    3.367149
   59   -6.015136    0.000238    3.017942  359.678432  356.338922    3.339510
   60   -6.016923    0.000189    2.673986  359.330777  355.987569    3.343209
   61   -6.016969    0.000221    2.285648  358.957233  355.628819    3.328415
   62   -6.015140    0.000279    2.041549  358.519065  354.996580    3.522485
   63   -6.017059    0.000222    1.619925  358.202847  354.785768    3.417078
   64   -6.017087    0.000192    1.209396  357.831152  354.452907    3.378245
   65   -6.015566    0.000280    0.876535  357.509386  354.142236    3.367149
   66   -6.017978    0.000203    0.454910  357.093308  353.731707    3.361602
   67   -6.015467    0.000296    0.122049  356.754899  353.387750    3.367150
   68   -6.016910    0.000206    3.095610  359.752402  356.409193    3.343208
   69   -6.015986    0.000231    2.784940  359.419541  356.054141    3.365399
   70   -6.017581    0.000222    2.330029  358.994217  355.658406    3.335812
   71   -6.016646    0.000211    1.963882  358.458041  354.952199    3.505842
   72   -6.015501    0.000304    1.642116  358.208394  354.774673    3.433721
   73   -6.016932    0.000191    1.198301  357.820056  354.441811    3.378245
   74   -6.016185    0.000194    0.876535  357.492742  354.108950    3.383792
   75   -6.017300    0.000168    0.521483  357.132143  353.742803    3.389340
   76   -6.015656    0.000181    0.133145  356.777091  353.421037    3.356054
   77   -6.017341    0.000197    3.117801  359.752402  356.387002    3.365399
   78   -6.016317    0.000248    2.707272  359.360365  356.013458    3.346907
   79   -6.016575    0.000223    2.307838  358.964630  355.621421    3.343208
   80   -6.016567    0.000226    1.974977  358.485779  354.996580    3.489198
   81   -6.014735    0.000230    1.619925  358.219490  354.819054    3.400435
   82   -6.016570    0.000189    1.231587  357.825603  354.419620    3.405983
   83   -6.015340    0.000185    0.909821  357.531576  354.153331    3.378245
   84   -6.017244    0.000198    0.488197  357.143238  353.798279    3.344959
   85   -6.015353    0.000172    0.221908  356.843663  353.465418    3.378245
   86   -6.016086    0.000252    3.095610  359.745005  356.394400    3.350605
   87   -6.015509    0.000177    2.751653  359.404746  356.057839    3.346907
   88   -6.017079    0.000200    2.352220  359.020107  355.687993    3.332113
   89   -6.016592    0.000207    1.986072  358.491326  354.996580    3.494746
   90   -6.014930    0.000198    1.586639  358.208394  354.830149    3.378245
   91   -6.016563    0.000172    1.242682  357.842246  354.441811    3.400436
   92   -6.015045    0.000189    0.965298  357.570410  354.175522    3.394888
   93   -6.016877    0.000205    0.543673  357.182072  353.820470    3.361602
   94   -6.017108    0.000199    0.155335  356.821472  353.487609    3.333863
   95   -6.014312    0.000216    3.151087  359.800482  356.449877    3.350605
   96   -6.016841    0.000155    2.796035  359.438033  356.080030    3.358002
   97   -6.015481    0.000212    2.440983  359.112568  355.784154    3.328415
   98   -6.016469    0.000187    2.041549  358.519065  354.996580    3.522485
   99   -6.015282    0.000220    1.719783  358.313800  354.907817    3.405983
  100   -6.016019    0.000213    1.331445  357.958748  354.586051    3.372697
  101   -6.015236    0.000186    1.098442  357.709102  354.319762    3.389340
  102   -6.015817    0.000157    0.710104  357.392884  354.075664    3.317220
  103   -6.015680    0.000166    0.366147  357.010093  353.654039    3.356054
  104   -6.015923    0.000210    0.077668  356.727161  353.376655    3.350506
  105   -6.016399    0.000202    3.051229  359.708020  356.364812    3.343209
  106   -6.016318    0.000168    2.729463  359.378857  356.028252    3.350606
  107   -6.015245    0.000167    2.474269  359.123664  355.773059    3.350605
  108   -6.016838    0.000170    2.063740  358.574542  355.085343    3.489198
  109   -6.015797    0.000186    1.664307  358.236133  354.807959    3.428174
  110   -6.015851    0.000256    1.375827  357.969844  354.563860    3.405984
  111   -6.016733    0.000170    0.987489  357.598148  354.208808    3.389341
  112   -6.016584    0.000164    0.599150  357.254191  353.909233    3.344959
  113   -6.014948    0.000178    0.343957  356.971260  353.598563    3.372697
  114   -6.015975    0.000237    3.295327  359.952118  356.608910    3.343209
  115   -6.016243    0.000166    2.962466  359.611860  356.261255    3.350606
  116   -6.015303    0.000198    2.673986  359.312285  355.950584    3.361701
  117   -6.017431    0.000161    2.230171  358.883264  355.536357    3.346907
  118   -6.017119    0.000161    1.875119  358.391468  354.907817    3.483651
  119   -6.015351    0.000213    1.520067  358.114083  354.708100    3.405983
  120   -6.016906    0.000194    1.198301  357.803413  354.408525    3.394888
  121   -6.016002    0.000196    0.887630  357.509386  354.131141    3.378244
  122   -6.017023    0.000151    0.499292  357.148786  353.798279    3.350507
  123   -6.015313    0.000199    0.110954  356.765996  353.421037    3.344958
  124   -6.016124    0.000197    3.206564  359.837466  356.468369    3.369098
  125   -6.016691    0.000165    2.840416  359.504605  356.168793    3.335811
  126   -6.015658    0.000196    2.540841  359.193934  355.847027    3.346907
  127   -6.014829    0.000210    2.307838  358.946137  355.584436    3.361701
  128   -6.014931    0.000202    1.963882  358.491327  355.018771    3.472555
  129   -6.016044    0.000204    1.608830  358.202846  354.796863    3.405984
  130   -6.016554    0.000184    1.287064  357.892176  354.497288    3.394888
  131   -6.016329    0.000201    0.876535  357.531577  354.186618    3.344958
  132   -6.016773    0.000171    0.532578  357.182072  353.831566    3.350506
  133   -6.015930    0.000177    0.199717  356.860306  353.520895    3.339411
  134   -6.016604    0.000180    3.306422  359.937324  356.568227    3.369098
  135   -6.016266    0.000180    2.973561  359.619257  356.264953    3.354304
  136   -6.015194    0.000216    2.640700  359.286396  355.932092    3.354304
  137   -6.014437    0.000185    2.352220  359.012710  355.673200    3.339510
  138   -6.015917    0.000207    2.030454  358.530160  355.029866    3.500294
  139   -6.014840    0.000190    1.786356  358.363729  354.941103    3.422627
  140   -6.016141    0.000162    1.453494  358.053059  354.652623    3.400435
  141   -6.015996    0.000201    1.153919  357.775675  354.397430    3.378244
  142   -6.013453    0.000206    0.920916  357.548219  354.175522    3.372697
  143   -6.015040    0.000164    0.588055  357.243096  353.898138    3.344958
  144   -6.015562    0.000179    0.366147  357.021188  353.676230    3.344959
  145   -6.016142    0.000179    0.088763  356.716066  353.343369    3.372697
  146   -6.015269    0.000167    3.162182  359.789386  356.416590    3.372796
  147   -6.015406    0.000187    2.818226  359.482414  356.146603    3.335812
  148   -6.014842    0.000192    2.629604  359.293792  355.957981    3.335812
  149   -6.013629    0.000187    2.374411  359.042298  355.710184    3.332113
  150   -6.015212    0.000179    2.108122  358.776009  355.443895    3.332113
  151   -6.013478    0.000178    1.897309  358.430302  354.963294    3.467007
  152   -6.014802    0.000179    1.631020  358.219490  354.807959    3.411531
  153   -6.014381    0.000188    1.398017  357.992034  354.586051    3.405983
