    1   -6.015350    0.000167    0.432720  357.087761  353.742803    3.344959
    2   -6.015163    0.000167    0.210812  356.838115  353.465418    3.372697
    3   -6.015223    0.000173    3.239850  359.889245  356.538640    3.350605
    4   -6.016190    0.000180    2.929179  359.571177  356.213174    3.358002
    5   -6.015915    0.000186    2.596318  359.253110  355.909901    3.343208
    6   -6.014672    0.000204    2.296743  358.968328  355.639914    3.328415
    7   -6.016788    0.000202    1.908405  358.435850  354.963294    3.472555
    8   -6.016921    0.000184    1.586639  358.169560  354.752482    3.417079
    9   -6.016713    0.000177    1.198301  357.820056  354.441811    3.378245
   10   -6.016580    0.000189    0.898726  357.526028  354.153331    3.372698
   11   -6.015463    0.000205    0.510387  357.176524  353.842661    3.333863
   12   -6.017575    0.000203    0.144240  356.788186  353.432132    3.356054
   13   -6.017390    0.000195    3.095610  359.748703  356.401796    3.346907
   14   -6.017480    0.000175    2.662890  359.330777  355.998664    3.332113
   15   -6.017543    0.000196    2.341125  358.997916  355.654708    3.343209
   16   -6.017676    0.000174    1.908405  358.402563  354.896722    3.505842
   17   -6.017946    0.000155    1.453494  358.064154  354.674814    3.389340
   18   -6.017426    0.000186    1.065156  357.709102  354.353048    3.356054
   19   -6.017406    0.000163    0.654627  357.304121  353.953615    3.350506
   20   -6.015302    0.000160    0.277384  356.943521  353.609658    3.333863
   21   -6.017015    0.000191   -0.011095  356.621756  353.254606    3.367149
   22   -6.017095    0.000217    2.951370  359.611860  356.272350    3.339510
   23   -6.016930    0.000189    2.607414  359.242015  355.876615    3.365399
   24   -6.017033    0.000215    2.185789  358.853676  355.521563    3.332113
   25   -6.016814    0.000258    1.708688  358.291609  354.874531    3.417079
   26   -6.018629    0.000224    1.287064  357.925462  354.563860    3.361602
   27   -6.018193    0.000201    0.821058  357.476100  354.131141    3.344958
   28   -6.018151    0.000204    0.377243  357.026736  353.676230    3.350507
   29   -6.017974    0.000185   -0.033286  356.610660  353.254606    3.356054
   30   -6.017853    0.000210    2.929179  359.585971  356.242762    3.343208
   31   -6.017980    0.000191    2.507555  359.156950  355.806345    3.350605
   32   -6.017989    0.000185    2.085931  358.535708  354.985485    3.550223
   33   -6.018856    0.000176    1.597734  358.180656  354.763577    3.417079
   34   -6.016668    0.000170    1.131728  357.775674  354.419620    3.356054
   35   -6.017678    0.000174    0.721199  357.398432  354.075664    3.322767
   36   -6.017752    0.000171    0.332861  356.965712  353.598563    3.367149
   37   -6.018557    0.000174    3.239850  359.878149  356.516448    3.361701
   38   -6.018286    0.000166    2.818226  359.452827  356.087427    3.365399
   39   -6.017080    0.000209    2.330029  358.975725  355.621421    3.354304
   40   -6.018195    0.000184    1.841833  358.369278  354.896722    3.472555
   41   -6.017847    0.000190    1.386922  357.997582  354.608242    3.389340
   42   -6.017627    0.000191    1.009679  357.614792  354.219904    3.394888
   43   -6.018099    0.000175    0.588055  357.209811  353.831566    3.378244
   44   -6.017965    0.000180    0.099858  356.765995  353.432132    3.333863
   45   -6.018288    0.000186    3.073419  359.719115  356.364812    3.354304
   46   -6.018080    0.000164    2.596318  359.253110  355.909901    3.343208
   47   -6.018871    0.000153    2.108122  358.764913  355.421705    3.343209
   48   -6.017475    0.000177    1.586639  358.197299  354.807959    3.389340
   49   -6.018472    0.000173    1.165015  357.786770  354.408525    3.378245
   50   -6.018584    0.000177    0.676818  357.348502  354.020187    3.328316
   51   -6.018406    0.000173    0.255194  356.915783  353.576372    3.339411
   52   -6.018545    0.000187    3.184373  359.841165  356.497956    3.343208
   53   -6.017608    0.000231    2.696177  359.330778  355.965378    3.365399
   54   -6.018581    0.000212    2.196885  358.842581  355.488277    3.354304
   55   -6.019939    0.000292    1.741974  358.297157  354.852340    3.444817
   56   -6.020242    0.000314    1.187205  357.842246  354.497288    3.344958
   57   -6.018370    0.000214    0.798867  357.426170  354.053473    3.372697
   58   -6.020412    0.000292    0.199717  356.876949  353.554181    3.322768
   59   -6.017770    0.000350    3.151087  359.804180  356.457273    3.346907
   60   -6.020796    0.000363    2.673986  359.334476  355.994966    3.339510
   61   -6.018339    0.000257    2.185789  358.857374  355.528960    3.328415
   62   -6.018046    0.000315    1.719783  358.274966  354.830149    3.444817
   63   -6.018865    0.000389    1.331445  357.925462  354.519479    3.405983
   64   -6.017667    0.000343    0.909821  357.553767  354.197713    3.356054
   65   -6.018783    0.000418    0.532578  357.159881  353.787184    3.372697
   66   -6.017308    0.000477    0.255194  356.882497  353.509800    3.372697
   67   -6.016236    0.000446    3.239850  359.900340  356.560830    3.339510
   68   -6.016903    0.000315    2.906989  359.560082  356.213175    3.346907
   69   -6.020074    0.000331    2.429888  359.090378  355.750867    3.339510
   70   -6.018260    0.000343    1.997168  358.687246  355.377324    3.309922
   71   -6.017310    0.000201    1.664307  358.263871  354.863436    3.400436
   72   -6.015010    0.000314    1.342541  357.953200  354.563860    3.389341
   73   -6.018034    0.000215    0.909821  357.548220  354.186618    3.361602
   74   -6.019164    0.000374    0.521483  357.165429  353.809375    3.356054
   75   -6.016810    0.000285    0.122049  356.782638  353.443227    3.339411
   76   -6.016856    0.000225    3.151087  359.800482  356.449877    3.350605
   77   -6.019383    0.000422    2.762749  359.401048  356.039347    3.361701
   78   -6.019282    0.000340    2.263457  358.916550  355.569643    3.346907
   79   -6.018581    0.000373    1.775260  358.341539  354.907817    3.433721
   80   -6.018409    0.000376    1.386922  357.997582  354.608242    3.389340
   81   -6.015783    0.000415    1.065156  357.692459  354.319762    3.372697
   82   -6.017525    0.000398    0.710104  357.348502  353.986901    3.361602
   83   -6.020121    0.000352    0.266289  356.888044  353.509800    3.378244
   84   -6.018183    0.000276    3.184373  359.815275  356.446178    3.369098
   85   -6.018861    0.000320    2.685081  359.345571  356.006061    3.339510
   86   -6.017941    0.000357    2.307838  358.975725  355.643612    3.332113
   87   -6.018108    0.000236    1.797451  358.363729  354.930008    3.433722
   88   -6.017662    0.000271    1.464590  358.047511  354.630433    3.417079
   89   -6.018086    0.000202    1.020775  357.659173  354.297571    3.361602
   90   -6.016422    0.000142    0.632436  357.265287  353.898138    3.367149
   91   -6.017908    0.000191    0.199717  356.849211  353.498704    3.350507
   92   -6.017925    0.000484    3.239850  359.878149  356.516448    3.361701
   93   -6.018202    0.000402    2.829321  359.482414  356.135507    3.346907
   94   -6.019695    0.000362    2.363315  359.009011  355.654708    3.354304
   95   -6.014998    0.000297    2.041549  358.519065  354.996580    3.522485
   96   -6.019175    0.000428    1.520067  358.080798  354.641528    3.439270
   97   -6.016482    0.000373    1.209396  357.820056  354.430716    3.389340
   98   -6.017864    0.000270    0.754486  357.392884  354.031282    3.361602
   99   -6.018819    0.000383    0.366147  357.004546  353.642944    3.361602
  100   -6.016684    0.000386    0.088763  356.666137  353.243511    3.422626
  101   -6.018826    0.000400    2.829321  359.471319  356.113316    3.358002
  102   -6.013062    0.000644    2.640700  359.297491  355.954283    3.343209
  103   -6.015273    0.000581    2.363315  359.042297  355.721280    3.321018
  104   -6.015340    0.000323    2.019359  358.530160  355.040962    3.489199
  105   -6.016173    0.000270    1.631020  358.225037  354.819054    3.405983
  106   -6.014893    0.000239    1.386922  357.964296  354.541670    3.422626
  107   -6.016730    0.000210    0.920916  357.548219  354.175522    3.372697
  108   -6.016601    0.000206    0.499292  357.170977  353.842661    3.328316
  109   -6.014694    0.000218    0.133145  356.782639  353.432132    3.350506
  110   -6.016531    0.000183    3.095610  359.745005  356.394400    3.350605
  111   -6.016350    0.000220    2.685081  359.330777  355.976473    3.354304
  112   -6.015905    0.000208    2.318934  358.972027  355.625120    3.346907
  113   -6.016211    0.000185    1.952786  358.480231  355.007675    3.472555
  114   -6.014511    0.000261    1.608830  358.175108  354.741386    3.433722
  115   -6.016436    0.000223    1.287064  357.869985  354.452907    3.417079
  116   -6.017313    0.000292    0.776676  357.442813  354.108950    3.333863
  117   -6.016052    0.000233    0.477101  357.082213  353.687326    3.394888
  118   -6.016242    0.000214    0.022191  356.677232  353.332274    3.344959
  119   -6.017185    0.000264    3.117801  359.767196  356.416591    3.350605
  120   -6.016591    0.000267    2.729463  359.375159  356.020855    3.354304
  121   -6.017695    0.000241    2.296743  358.957233  355.617723    3.339510
  122   -6.017219    0.000244    1.875119  358.419206  354.963294    3.455913
  123   -6.015962    0.000232    1.508971  358.119631  354.730291    3.389340
  124   -6.017556    0.000299    1.098442  357.736841  354.375239    3.361601
  125   -6.017467    0.000222    0.765581  357.403979  354.042378    3.361602
  126   -6.017035    0.000201    0.366147  357.021188  353.676230    3.344959
  127   -6.018189    0.000255   -0.033286  356.616207  353.265701    3.350507
  128   -6.017407    0.000384    2.906989  359.552685  356.198381    3.354304
  129   -6.017802    0.000324    2.507555  359.164347  355.821138    3.343208
  130   -6.016543    0.000313    2.196885  358.868470  355.540056    3.328415
  131   -6.018575    0.000329    1.852928  358.369277  354.885626    3.483651
  132   -6.018441    0.000351    1.497876  358.075249  354.652623    3.422627
  133   -6.015820    0.000583    1.231587  357.869985  354.508383    3.361602
  134   -6.016288    0.000452    0.987489  357.603697  354.219904    3.383792
  135   -6.017344    0.000223    0.610246  357.259740  353.909233    3.350507
  136   -6.016117    0.000305    0.288480  356.926878  353.565276    3.361602
  137   -6.015890    0.000311    3.295327  359.933626  356.571925    3.361701
  138   -6.017147    0.000408    2.929179  359.574875  356.220572    3.354304
  139   -6.017514    0.000282    2.618509  359.249411  355.880314    3.369098
  140   -6.016599    0.000285    2.185789  358.846279  355.506769    3.339510
  141   -6.015763    0.000241    1.864023  358.408111  354.952199    3.455912
  142   -6.015705    0.000316    1.475685  358.069702  354.663719    3.405983
  143   -6.016314    0.000251    1.120633  357.709102  354.297571    3.411531
  144   -6.016745    0.000233    0.721199  357.370693  354.020187    3.350506
  145   -6.017320    0.000237    0.366147  356.965711  353.565276    3.400436
  146   -6.016020    0.000342    0.321766  356.793733  353.265701    3.528033
  147   -6.016760    0.000226    2.951370  359.585971  356.220571    3.365399
  148   -6.017122    0.000205    2.540841  359.171743  355.802646    3.369098
  149   -6.016441    0.000255    2.119217  358.776008  355.432800    3.343209
  150   -6.016280    0.000328    1.786356  358.341539  354.896722    3.444817
  151   -6.015651    0.000199    1.353636  357.975392  354.597147    3.378244
  152   -6.017454    0.000236    0.932012  357.575958  354.219904    3.356054
  153   -6.018826    0.000333    0.510387  357.148786  353.787184    3.361601
