  136.595184
  133.133426
  129.782622
  126.431818
  123.025538
  119.663639
  116.279549
  112.906554
  109.544655
  106.138374
  102.776475
   99.359099
   96.030486
   92.624205
   89.284497
   85.922598
   82.505222
   79.187704
   75.792519
   72.430620
   69.057625
   65.673535
   62.311636
   58.894260
   55.565647
   52.181557
   48.786372
   45.402282
   42.051478
   38.678483
   35.238917
   31.954685
   28.504023
   25.197601
   21.780225
   18.396135
   15.122999
   11.672336
    8.310437
    4.948538
    1.575544
   -1.798866
   -5.173277
   -8.547687
  348.283877
  344.944169
  341.582270
  338.153798
  334.858471
  331.452191
  328.090291
  324.739488
  321.311016
  318.026785
  314.576122
  311.236414
  307.852324
  304.479330
  301.139621
  297.700054
  294.327060
  290.965161
  287.592166
  284.252458
  280.812891
  277.473183
  274.066902
  270.738289
  267.320913
  263.903537
  260.530542
  257.124262
  253.717981
  250.367177
  246.938706
  243.632283
  240.226003
  236.853008
  233.468918
  230.073733
  226.734024
  223.316648
  219.954749
  216.570659
  213.197665
  209.802480
  206.418390
  203.100872
  199.683496
  196.321597
  192.926411
  189.586703
  186.224804
  182.818523
  179.456624
  176.105820
  172.743921
  169.382022
  165.997932
  162.569461
  159.174275
  155.834567
  152.439382
  149.044196
  145.671202
  142.320398
  138.925213
  135.596600
  132.179224
  128.883897
  125.510902
  122.149003
  118.764913
  115.369728
  112.018924
  108.623739
  105.228553
  101.911036
   98.493660
   95.120665
   91.747671
   88.374676
   85.012777
   81.650878
   78.288979
   74.904889
   71.520799
   68.214376
   64.752619
   61.401815
   58.006630
   54.666921
   51.271736
   47.854360
   44.536842
   41.130562
   37.768663
   34.417859
   30.989387
   27.660774
   24.265589
   20.948071
   17.552886
   14.135510
   10.806897
    7.422807
    4.072003
     .687913
   -2.687716
   -6.063345
   -9.438973
  347.429533
  344.023252
  340.628067
  337.310549
  333.893173
  330.564560
  327.202661
  323.785285
  320.501054
  317.039296
  313.721778
  310.315498
  306.909217
  303.602795
  300.174323
  296.834615
  293.472716
  290.022054
  286.760013
  283.276065
  279.947452
  276.552266
  273.179272
  269.806277
  266.366710
  263.071383
  259.654007
  256.292108
  252.952400
  249.490642
  246.195315
  242.789035
  239.416040
  236.076332
  232.592383
  229.230484
  225.813108
  222.484495
  219.056024
  215.660838
  212.332225
  208.881563
  205.541855
  202.146670
  198.773675
  195.445062
  192.038781
  188.687978
  185.314983
  181.930893
  178.613375
  175.129427
  171.823005
  168.394533
  165.032634
  161.737307
  158.231168
  154.891460
  151.540656
  148.156566
  144.839048
  141.399482
  138.093059
  134.764446
  131.347070
  128.051743
  124.578890
  121.272468
  117.877283
  114.493193
  111.164580
  107.736109
  104.374209
  101.012310
   97.617125
   94.288512
   90.837850
   87.498141
   84.136242
   80.763248
   77.390253
   73.983972
   70.644264
   67.271269
   63.864989
   60.480899
   57.141190
   53.768196
   50.384106
   46.977825
   43.615926
   40.209645
   36.903223
   33.474752
   30.101757
   26.739858
   23.377959
   20.004964
   16.631970
   13.258975
    9.908171
    6.501891
    3.151087
    -.224671
   -3.600429
   -6.976187
  349.826134
  346.530808
  343.124527
  339.762628
  336.389633
  332.994448
  329.665835
  326.281745
  322.908750
  319.513565
  316.173857
  312.789767
  309.405677
  306.021587
  302.648592
  299.286693
  295.924794
  292.518513
  289.145519
  285.728143
  282.410625
  279.026535
  275.609159
  272.247260
  268.885361
  265.545652
  262.139372
  258.733091
  255.393383
  252.009293
  248.691775
  245.241113
  241.823737
  238.484029
  235.111034
  231.771326
  228.320663
  224.925478
  221.607960
  218.212775
  214.850876
  211.366928
  208.071601
  204.643129
  201.247944
  197.897140
  194.546336
  191.140056
  187.778157
  184.316399
  181.054358
  177.692459
  174.341655
  170.868802
  167.529094
  164.189386
  160.772010
  157.443397
  153.992734
  150.608644
  147.368794
  143.951418
  140.578424
  137.227620
  133.799149
  130.537108
  127.064255
  123.757833
  120.340457
  116.934176
  113.616658
  110.177091
  106.848478
  103.442198
  100.058108
   96.751686
   93.289928
   89.961315
   86.588320
   83.193135
   79.853427
   76.436051
   73.085247
   69.701157
   66.328162
   62.999549
   59.559983
   56.231370
   52.802898
   49.463190
   46.068004
   42.695010
   39.355301
   35.949021
   32.576026
   29.247413
   25.818942
   22.501424
   19.072953
   15.699958
   12.349154
    8.976160
    5.603165
    2.219075
   -1.156723
   -4.532521
   -7.908319
  348.949600
  345.554414
  342.236897
  338.819521
  335.490908
  332.140104
  328.744919
  325.371924
  321.954548
  318.592649
  315.219654
  311.868851
  308.506951
  305.056289
  301.760962
  298.343586
  295.003878
  291.575406
  288.202412
  284.895990
  281.445327
  278.094524
  274.743720
  271.370725
  268.019921
  264.547069
  261.240646
  257.856556
  254.505753
  251.154949
  247.715382
  244.397864
  240.947202
  237.607494
  234.267785
  230.806028
  227.433033
  223.993466
  220.653758
  217.325145
  213.774624
  210.479298
  207.084112
  203.733308
  200.360314
  196.931842
  193.614325
  190.230235
  186.868336
  183.550818
  180.089061
  176.793734
  173.331976
  170.014458
  166.674750
  163.190802
  159.873284
  156.455908
  153.082913
  149.787587
  146.281447
  143.008311
  139.613126
  136.351085
  132.922614
  129.438666
  126.221006
  122.781439
  119.463922
  116.102023
  112.640265
  109.322747
  105.905371
  102.565663
   99.192668
   95.753102
   92.479965
   89.018208
   85.700690
   82.316600
   78.987987
   75.603897
   72.197617
   68.846813
   65.462723
   62.067538
   58.727829
   55.310453
   51.992936
   48.575560
   45.224756
   41.785189
   38.445481
   35.039200
   31.644015
   28.304306
   24.909121
   21.580508
   18.196418
   14.823423
   11.472620
    8.066339
    4.715535
    1.298159
   -2.076975
   -5.452109
   -8.827243
  348.061970
  344.655689
  341.349267
  337.987367
  334.514515
  331.219188
  327.801812
  324.484294
  321.078013
  317.693923
  314.376406
  310.959030
  307.619321
  304.224136
  300.840046
  297.511433
  294.038580
  290.709967
  287.325877
  283.941787
  280.590983
  277.162512
  273.889376
  270.438714
  267.043528
  263.726011
  260.341921
  257.002212
  253.595932
  250.256223
  246.849943
  243.488043
  240.092858
  236.753150
  233.313583
  229.907302
  226.611975
  223.205695
  219.832700
  216.437515
  213.042330
  209.747003
  206.251959
  202.901155
  199.494875
  196.177357
  192.771076
  189.287128
  186.058373
  182.718665
  179.312384
  175.883913
  172.499823
  169.248877
  165.787120
  162.458507
  159.063322
  155.668136
  152.361714
  148.933243
  145.560248
  142.231635
  138.825354
  135.530027
  132.057174
  128.739657
  125.355567
  121.960382
  118.620673
  115.192202
  111.874684
  108.457308
  105.095409
  101.689128
   98.338324
   94.954234
   91.603431
   88.219341
   84.813060
   81.473352
   78.067071
   74.727363
   71.354368
   67.914801
   64.630570
   61.168812
   57.862390
   54.467205
   51.072019
   47.743406
   44.292744
   40.953036
   37.546755
   34.195951
   30.856243
   27.416676
   24.099158
   20.703973
   17.375360
   14.002365
   10.562799
    7.234186
    3.827905
     .421624
   -2.953448
   -6.328520
   -9.703592
  347.163244
  343.812440
  340.439446
  337.022070
  333.737838
  330.276081
  326.947468
  323.596664
  320.212574
  316.817389
  313.433299
  310.137972
  306.731691
  303.325410
  299.952416
  296.612707
  293.206427
  289.789051
  286.482628
  283.065252
  279.703353
  276.241596
  272.901887
  269.484511
  266.056040
  262.738522
  259.332241
  256.025819
  252.663920
  249.202162
  245.873549
  242.433983
  239.116465
  235.676898
  232.348285
  228.975291
  225.557915
  222.218206
  218.734258
  215.416740
  212.032650
  208.659656
  205.275566
  201.869285
  198.540672
  195.189868
  191.794683
  188.399498
  185.026503
  181.675699
  178.291609
  174.907520
  171.523430
  168.172626
  164.777441
  161.459923
  158.053642
  154.614075
  151.296558
  147.934659
  144.606046
  141.277433
  137.860056
  134.542539
  131.080781
  127.763264
  124.379174
  121.017275
  117.622089
  114.226904
  110.942672
  107.447629
  104.152302
  100.723830
   97.350836
   94.022223
   90.593751
   87.298425
   83.869953
   80.496959
   77.135059
   73.762065
   70.400166
   67.016076
   63.698558
   60.292277
   56.919283
   53.546288
   50.217675
   46.822490
   43.382923
   40.032119
   36.603648
   33.286130
   29.902040
   26.506855
   23.200433
   19.783057
   16.465539
   13.059258
    9.686264
    6.335460
    2.873703
    -.501546
   -3.876794
   -7.252043
  349.659704
  346.253423
  342.947001
  339.540720
  336.201012
  332.794731
  329.399546
  326.126410
  322.697938
  319.313848
  315.985235
  312.578955
  309.261437
  305.799679
  302.471066
  299.075881
  295.713982
  292.352083
  288.912516
  285.583903
  282.222004
  278.782437
  275.464919
  271.992066
  268.707835
  265.301554
  261.939655
  258.511184
  255.226952
  251.831767
  248.447677
  245.030301
  241.646211
  238.339789
  234.866936
  231.505037
  228.143137
  224.681380
  221.374958
  217.957581
  214.595682
  211.222688
  207.794216
  204.532176
  201.048227
  197.708519
  194.357715
  190.995816
  187.622821
  184.205445
  180.943405
  177.537124
  174.153034
  170.835516
  167.373759
  164.111718
  160.683247
  157.288061
  153.937257
  150.519881
  147.246745
  143.784988
  140.456375
  137.072285
  133.688195
  130.381773
  126.942206
  123.569211
  120.207312
  116.823222
  113.472418
  109.966279
  106.693143
  103.264672
   99.924963
   96.563064
   93.156783
   89.828170
   86.421890
   83.082181
   79.675901
   76.325097
   72.952102
   69.579108
   66.228304
   62.777642
   59.437933
   56.076034
   52.647563
   49.296759
   45.901574
   42.550770
   39.155585
   35.782590
   32.442882
   29.014410
   25.696893
   22.312803
   18.917617
   15.589004
   12.127247
    8.820825
    5.414544
    2.041549
   -1.333593
   -4.708736
   -8.083878
  348.760978
  345.410175
  342.048275
  338.608709
  335.313382
  331.918196
  328.523011
  325.161112
  321.765927
  318.492790
  315.042128
  311.635848
  308.285044
  304.923145
  301.539055
  298.143869
  294.815256
  291.420071
  288.035981
  284.651891
  281.301088
  277.894807
  274.488526
  271.193199
  267.764728
  264.402829
  261.007643
  257.645744
  254.328227
  250.844278
  247.460188
  243.998431
  240.692008
  237.385586
  233.890543
  230.595216
  227.111267
  223.782654
  220.431850
  216.981188
  213.708052
  210.235199
  206.917682
  203.544687
  200.094025
  196.887461
  193.370227
  190.041613
  186.646428
  183.284529
  179.978107
  176.594017
  173.209927
  169.814742
  166.463938
  163.135325
  159.673567
  156.333859
  152.983055
  149.598965
  146.281447
  142.808595
  139.524363
  136.129178
  132.756183
  129.383189
  125.976908
  122.681581
  119.242014
  115.869020
  112.496025
  109.089745
  105.750036
  102.277183
   98.970761
   95.597766
   92.213676
   88.862873
   85.445497
   82.139074
   78.743889
   75.359799
   71.986805
   68.636001
   65.263006
   61.823439
   58.483731
   55.088546
   51.748837
   48.331461
   44.925181
   41.618758
   38.201382
   34.839483
   31.477584
   28.026922
   24.731595
   21.292028
   17.974510
   14.612611
   11.195235
    7.911004
    4.471437
    1.120633
   -2.254564
   -5.629761
   -9.004957
  347.773490
  344.489258
  341.116264
  337.698888
  334.414656
  330.975089
  327.590999
  324.240196
  320.833915
  317.560779
  314.065735
  310.770408
  307.375223
  304.002228
  300.673615
  297.200762
  293.905436
  290.510250
  287.092874
  283.742070
  280.346885
  276.996081
  273.611991
  270.250092
  266.877098
  263.459722
  260.120013
  256.769209
  253.351833
  250.001030
  246.594749
  243.232850
  239.882046
  236.497956
  233.158248
  229.729776
  226.367877
  222.983787
  219.588602
  216.215607
  212.787136
  209.391951
  206.030051
  202.723629
  199.306253
  195.866686
  192.582455
  189.231651
  185.869752
  182.507853
  179.134858
  175.717482
  172.366678
  168.982588
  165.565212
  162.203313
  158.841414
  155.468419
  152.084330
  148.700240
  145.393817
  141.965346
  138.592351
  135.274834
  131.846362
  128.528845
  125.111469
  121.727379
  118.398766
  114.937008
  111.608395
  108.213210
  104.840215
  101.478316
   98.038749
   94.754518
   91.326046
   87.964147
   84.624439
   81.195967
   77.900640
   74.494360
   71.088079
   67.748371
   64.330995
   61.002382
   57.562815
   54.212011
   50.839016
   47.454926
   44.115218
   40.642365
   37.313752
   33.940758
   30.567763
   27.194768
   23.799583
   20.415493
   17.086880
   13.724981
   10.318700
    6.912420
    3.594902
     .199717
   -3.175772
   -6.551261
   -9.926750
  346.952432
  343.546151
  340.217538
  336.811258
  333.471549
  330.098555
  326.681179
  323.341470
  319.946285
  316.606576
  313.244677
  309.805110
  306.476497
  303.070217
  299.697222
  296.379705
  292.917947
  289.589334
  286.149767
  282.787868
  279.448160
  275.997497
  272.679980
  269.284794
  265.945086
  262.594282
  259.176906
  255.837198
  252.408726
  249.091209
  245.707119
  242.300838
  238.983320
  235.565944
  232.181854
  228.819955
  225.413675
  222.051775
  218.590018
  215.194833
  211.844029
  208.471034
  205.098040
  201.647378
  198.307669
  194.956865
  191.594966
  188.210876
  184.815691
  181.487078
  178.136274
  174.796566
  171.401380
  167.917432
  164.599915
  161.304588
  157.865021
  154.469836
  151.052459
  147.801514
  144.384138
  141.066620
  137.682530
  134.254059
  130.903255
  127.574642
  124.157266
  120.806462
  117.433468
  114.027187
  110.654193
  107.303389
  103.930394
  100.513018
   97.173310
   93.778125
   90.416225
   87.043231
   83.648046
   80.263956
   76.890961
   73.562348
   70.167163
   66.760882
   63.421174
   59.992702
   56.675185
   53.291095
   49.895909
   46.522915
   43.116634
   39.788021
   36.381740
   33.030937
   29.613561
   26.251661
   22.911953
   19.538959
   16.121582
   12.781874
    9.375593
    6.024790
    2.662890
    -.712793
   -4.088476
   -7.464160
  349.371224
  346.042611
  342.614140
  339.274431
  335.868151
  332.539537
  329.188734
  325.749167
  322.420554
  319.025369
  315.674565
  312.301570
  308.873099
  305.544486
  302.138205
  298.765211
  295.447693
  292.008126
  288.646227
  285.273232
  281.889142
  278.549434
  275.120963
  271.792350
  268.352783
  265.035265
  261.695557
  258.278181
  254.927377
  251.521096
  248.170292
  244.830584
  241.357731
  238.029118
  234.633933
  231.260938
  227.932325
  224.492758
  221.130859
  217.735674
  214.395966
  211.011876
  207.594500
  204.210410
  200.793034
  197.464421
  194.180189
  190.607478
  187.367628
  184.005729
  180.677115
  177.226453
  173.786887
  170.502655
  167.096374
  163.678998
  160.339290
  156.944105
  153.604396
  150.242497
  146.858407
  143.496508
  140.112418
  136.772710
  133.366429
  130.026720
  126.675917
  123.236350
  119.896641
  116.545838
  113.139557
  109.744372
  106.315900
  102.998383
   99.625388
   96.219107
   92.857208
   89.439832
   86.111219
   82.738225
   79.376325
   76.047712
   72.574860
   69.268437
   65.862157
   62.466971
   59.138358
   55.709887
   52.370178
   48.986088
   45.613094
   42.273386
   38.789437
   35.471920
   32.098925
   28.725930
   25.352936
   21.957751
   18.595851
   15.233952
   11.838767
    8.510154
    5.114969
    1.753070
   -1.622588
   -4.998246
   -8.373905
  348.439212
  345.099504
  341.693223
  338.342420
  334.969425
  331.618621
  328.223436
  324.861537
  321.477447
  318.071166
  314.698172
  311.369559
  307.985469
  304.590283
  301.228384
  297.844294
  294.471300
  291.065019
  287.747501
  284.341221
  280.946035
  277.550850
  274.222237
  270.860338
  267.420771
  264.058872
  260.696973
  257.346169
  253.928793
  250.577989
  247.160613
  243.843095
  240.425719
  237.119297
  233.668635
  230.284545
  226.978123
  223.538556
  220.187752
  216.737090
  213.364095
  210.057673
  206.651393
  203.245112
  199.849927
  196.532409
  193.181605
  189.730943
  186.402330
  182.962763
  179.645245
  176.272251
  172.877066
  169.526262
  166.053409
  162.769177
  159.373992
  156.012093
  152.727861
  149.277199
  145.915300
  142.575592
  139.158216
  135.862889
  132.412226
  129.094709
  125.666237
  122.315434
  118.986821
  115.525063
  112.207545
  108.790169
  105.428270
  102.099657
   98.660090
   95.320382
   91.936292
   88.485630
   85.223589
   81.795118
   78.455409
   75.071319
   71.642848
   68.314235
   64.919050
   61.579341
   58.217442
   54.755684
   51.438167
   48.031886
   44.603415
   41.296992
   37.890712
   34.539908
   31.111436
   27.716251
   24.420924
   20.981357
   17.630554
   14.268655
   10.873469
    7.589238
    4.149671
     .776676
   -2.599074
   -5.974824
   -9.350574
  347.440628
  344.156397
  340.727926
  337.377122
  334.004127
  330.631133
  327.280329
  323.896239
  320.489958
  317.161345
  313.777255
  310.415356
  307.020171
  303.647176
  300.263086
  296.901187
  293.517097
  290.099721
  286.782204
  283.375923
  280.002928
  276.652125
  273.234749
  269.906136
  266.522046
  263.115765
  259.776057
  256.436348
  253.007877
  249.634882
  246.261888
  242.877798
  239.515899
  236.165095
  232.725528
  229.363629
  225.979539
  222.617640
  219.244645
  215.816174
  212.487561
  209.092375
  205.763762
  202.346386
  198.973392
  195.567111
  192.127544
  188.810027
  185.481414
  182.086228
  178.724329
  175.340239
  172.011626
  168.616441
  165.221256
  161.892643
  158.486362
  155.102272
  151.784754
  148.367378
  144.972193
  141.610294
  138.204013
  134.897591
  131.469119
  128.140506
  124.756417
  121.350136
  117.977141
  114.626338
  111.220057
  107.847062
  104.485163
  101.123264
   97.705888
   94.355084
   91.004280
   87.564714
   84.213910
   80.840915
   77.490111
   74.117117
   70.710836
   67.348937
   63.942656
   60.591853
   57.241049
   53.845864
   50.461774
   47.077684
   43.693594
   40.342790
   36.914319
   33.574610
   30.212711
   26.817526
   23.477817
   20.071537
   16.709637
   13.303357
    9.985839
    6.590654
    3.206564
    -.168278
   -3.543119
   -6.917961
  349.937088
  346.497521
  343.168908
  339.784819
  336.422919
  333.072116
  329.654740
  326.326126
  322.908750
  319.624519
  316.196047
  312.823053
  309.483345
  306.054873
  302.715165
  299.308884
  295.935889
  292.562895
  289.134424
  285.816906
  282.421721
  279.070917
  275.686827
  272.258355
  268.996315
  265.556748
  262.205944
  258.810759
  255.437764
  252.109151
  248.658489
  245.352067
  241.923595
  238.539505
  235.221988
  231.782421
  228.431617
  225.025336
  221.619056
  218.301538
  214.884162
  211.533358
  208.127078
  204.742988
  201.369993
  197.919331
  194.635099
  191.195533
  187.822538
  184.482830
  181.087644
  177.759031
  174.363846
  170.946470
  167.595666
  164.211576
  160.871868
  157.476683
  154.148070
  150.719598
  147.424271
  143.984704
  140.633901
  137.283097
  133.887912
  130.570394
  127.141923
  123.791119
  120.429220
  117.022939
  113.672135
  110.232568
  106.892860
  103.542056
  100.091394
   96.773876
   93.367596
   90.016792
   86.632702
   83.270803
   79.931094
   76.480432
   73.185105
   69.767729
   66.428021
   63.066122
   59.648746
   56.309037
   52.880566
   49.507571
   46.156767
   42.728296
   39.399683
   36.004498
   32.631503
   29.258509
   25.885514
   22.545806
   19.095143
   15.777626
   12.415727
    8.965064
    5.680833
    2.274552
   -1.101088
   -4.476728
   -7.852368
  349.027267
  345.587701
  342.259088
  338.863902
  335.468717
  332.173390
  328.733823
  325.383019
  322.010025
  318.648126
  315.286227
  311.868851
  308.518047
  305.167243
  301.794248
  298.387968
  295.014973
  291.619788
  288.257889
  284.884894
  281.489709
  278.083428
  274.777006
  271.370725
  267.986635
  264.635832
  261.207360
  257.878747
  254.494657
  251.099472
  247.815240
  244.353483
  241.002679
  237.607494
  234.179022
  230.861505
  227.455224
  224.015657
  220.653758
  217.291859
  214.007627
  210.545870
  207.161780
  203.855358
  200.449077
  197.076082
  193.736374
  190.274616
  187.001480
  183.606295
  180.211110
  176.860306
  173.465121
  170.158698
  166.696941
  163.390518
  159.984238
  156.589052
  153.238249
  149.831968
  146.470069
  143.119265
  139.746271
  136.362181
  132.966995
  129.649478
  126.243197
  122.859107
  119.508303
  116.146404
  112.762314
  109.344938
  105.983039
  102.576758
   99.214859
   95.841865
   92.457775
   89.073685
   85.689595
   82.305505
   78.976892
   75.559516
   72.230903
   68.835718
   65.484914
   62.089728
   58.683448
   55.377026
   51.970745
   48.575560
   45.191470
   41.796284
   38.467671
   35.083581
   31.710587
   28.304306
   24.931312
   21.569412
   18.185323
   14.834519
   11.439333
    8.055244
    4.737726
    1.320350
   -2.055322
   -5.430994
   -8.806666
  348.084160
  344.700070
  341.338171
  337.954081
  334.569991
  331.241378
  327.801812
  324.473199
  321.089109
  317.716114
  314.365310
  310.914648
  307.597130
  304.179754
  300.806760
  297.467051
  294.027485
  290.732158
  287.314782
  283.930692
  280.568793
  277.107035
  273.822804
  270.449809
  267.054624
  263.703820
  260.253158
  256.991117
  253.551550
  250.189651
  246.861038
  243.399280
  240.148335
  236.675482
  233.324678
  229.918398
  226.556498
  223.216790
  219.721746
  216.437515
  213.031234
  209.702621
  206.263054
  202.923346
  199.550351
  196.210643
  192.815458
  189.453559
  186.069469
  182.729760
  179.290193
  175.950485
  172.577490
  169.193401
  165.809311
  162.391935
  159.052226
  155.668136
  152.328428
  148.955433
  145.560248
  142.176158
  138.803164
  135.463455
  132.090461
  128.695275
  125.355567
  121.927095
  118.598482
  115.225488
  111.797016
  108.457308
  105.028837
  101.700224
   98.327229
   94.909853
   91.559049
   88.163864
   84.813060
   81.440066
   78.033785
   74.694076
   71.287796
   67.936992
   64.586188
   61.124431
   57.840199
   54.378442
   51.027638
   47.654643
   44.248363
   40.886463
   37.502374
   34.173760
   30.778575
   27.350104
   24.065872
   20.648496
   17.286597
   13.924698
   10.507322
    7.211995
    3.783523
     .432720
   -2.942791
   -6.318303
   -9.693814
  347.141053
  343.768059
  340.406160
  337.010974
  333.693457
  330.276081
  326.891991
  323.552282
  320.146002
  316.795198
  313.388917
  310.015923
  306.665119
  303.303220
  299.896939
  296.468468
  293.162045
  289.777955
  286.404961
  283.009776
  279.614590
  276.252691
  272.868601
  269.506702
  266.133707
  262.727427
  259.409909
  255.981438
  252.652825
  249.279830
  245.873549
  242.522746
  239.105370
  235.765661
  232.403762
  228.986386
  225.624487
  222.229302
  218.834116
  215.483312
  212.099223
  208.759514
  205.386520
  201.980239
  198.618340
  195.267536
  191.883446
  188.510451
  185.093075
  181.753367
  178.413659
  174.996283
  171.634383
  168.205912
  164.844013
  161.493209
  158.142405
  154.736125
  151.307653
  148.012326
  144.617141
  141.255242
  137.860056
  134.464871
  131.147354
  127.718882
  124.390269
  120.972893
  117.622089
  114.260190
  110.820623
  107.514201
  104.074634
  100.757117
   97.350836
   93.911269
   90.638133
   87.220757
   83.858858
   80.463672
   77.057392
   73.762065
   70.322498
   67.004980
   63.620890
   60.181324
   56.908188
   53.446430
   50.073435
   46.700441
   43.305256
   39.998833
   36.548171
   33.208463
   29.813277
   26.440283
   23.144956
   19.661008
   16.343490
   12.970495
    9.586406
    6.235602
    2.818226
    -.557607
   -3.933440
   -7.309274
  349.582036
  346.153565
  342.780570
  339.463053
  336.056772
  332.717064
  329.266401
  325.982170
  322.553698
  319.213990
  315.874282
  312.423619
  309.072816
  305.688726
  302.326827
  298.942737
  295.569742
  292.207843
  288.801562
  285.450758
  282.066669
  278.693674
  275.331775
  271.903303
  268.563595
  265.201696
  261.828701
  258.477897
  255.027235
  251.720813
  248.303437
  244.974824
  241.557448
  238.162263
  234.844745
  231.394083
  228.098756
  224.659189
  221.264004
  217.968677
  214.518015
  211.145020
  207.694358
  204.343554
  201.081513
  197.653042
  194.335524
  190.918148
  187.500772
  184.149968
  180.721497
  177.392884
  174.053176
  170.635800
  167.284996
  163.856524
  160.561197
  157.121631
  153.770827
  150.486595
  146.980456
  143.696225
  140.323230
  136.928045
  133.588336
  130.126579
  126.842347
  123.436067
  120.051977
  116.690078
  113.294892
  109.921898
  106.515617
  103.164813
   99.780723
   96.385538
   93.056925
   89.650644
   86.266554
   82.915751
   79.542756
   76.180857
   72.774576
   69.445963
   66.028587
   62.655593
   59.293694
   55.887413
   52.525514
   49.152519
   45.757334
   42.395435
   39.044631
   35.660541
   32.276451
   28.870170
   25.541557
   22.124181
   18.784473
   15.411478
   11.994102
    8.632203
    5.270304
    1.930596
   -1.444466
   -4.819529
   -8.194591
  348.638929
  345.210458
  341.892940
  338.519946
  335.146951
  331.751766
  328.356580
  325.005777
  321.643877
  318.259788
  314.920079
  311.513798
  308.151899
  304.778905
  301.428101
  298.044011
  294.637730
  291.264736
  287.869551
  284.529842
  281.112466
  277.750567
  274.410859
  271.004578
  267.642679
  264.247493
  260.863403
  257.556981
  254.150701
  250.766611
  247.371425
  244.031717
  240.658722
  237.252442
  233.912733
  230.450976
  227.066886
  223.727177
  220.309801
  216.958998
  213.563812
  210.213008
  206.773442
  203.356066
  200.082929
  196.676649
  193.270368
  189.952850
  186.502188
  183.206861
  179.811676
  176.449777
  173.065687
  169.659406
  166.375175
  163.002180
  159.584804
  156.189619
  152.816624
  149.465821
  146.081731
  142.742022
  139.369028
  135.940556
  132.634134
  129.238949
  125.888145
  122.481864
  119.086679
  115.758066
  112.362881
  108.967695
  105.594701
  102.243897
   98.881998
   95.431336
   92.091627
   88.718633
   85.356734
   82.028121
   78.566363
   75.226655
   71.864755
   68.502856
   65.118766
   61.723581
   58.361682
   54.988687
   51.582407
   48.242698
   44.814227
   41.463423
   38.079333
   34.728529
   31.355535
   27.971445
   24.576260
   21.236551
   17.830270
   14.490562
   11.117568
    7.700191
    4.349388
     .920916
   -2.454679
   -5.830275
   -9.205870
  347.684727
  344.311732
  340.949833
  337.576839
  334.226035
  330.797563
  327.446760
  324.107051
  320.722961
  317.361062
  313.976972
  310.581787
  307.253174
  303.846893
  300.473899
  297.100904
  293.694623
  290.377106
  286.970825
  283.597830
  280.180454
  276.840746
  273.478847
  270.072566
  266.710667
  263.293291
  259.964678
  256.569493
  253.107735
  249.745836
  246.428318
  243.044228
  239.626852
  236.298239
  232.903054
  229.541155
  226.101588
  222.817356
  219.355599
  216.015891
  212.631801
  209.280997
  205.830335
  202.501722
  199.217490
  195.700256
  192.382738
  189.087411
  185.647844
  182.352517
  178.924046
  175.528861
  172.178057
  168.749585
  165.454259
  162.059073
  158.674983
  155.313084
  151.906803
  148.544904
  145.183005
  141.821106
  138.481398
  135.052926
  131.724313
  128.340223
  124.911752
  121.594234
  118.154667
  114.826054
  111.430869
  108.057874
  104.673785
  101.256408
   97.916700
   94.588087
   91.181806
   87.819907
   84.413627
   81.062823
   77.700924
   74.327929
   70.966030
   67.593035
   64.220041
   60.835951
   57.474052
   54.034485
   50.672586
   47.310687
   43.926597
   40.564698
   37.136226
   33.840899
   30.423523
   27.017242
   23.710820
   20.271253
   16.953736
   13.580741
   10.118984
    6.823657
    3.406281
     .066572
   -3.308732
   -6.684036
  -10.059339
  346.741620
  343.401911
  340.051108
  336.622636
  333.316214
  329.909933
  326.581320
  323.186135
  319.768759
  316.484527
  313.044960
  309.705252
  306.298971
  302.925977
  299.586268
  296.146702
  292.818089
  289.433999
  286.027718
  282.699105
  279.226252
  275.897639
  272.546835
  269.151650
  265.767560
  262.383470
  259.043762
  255.648576
  252.286677
  248.946969
  245.496307
  242.167694
  238.772508
  235.388418
  231.926661
  228.598048
  225.280530
  221.774391
  218.490160
  215.128260
  211.699789
  208.282413
  204.931609
  201.614091
  198.196715
  194.890293
  191.528394
  188.144304
  184.804596
  181.409410
  177.992034
  174.685612
  171.257141
  167.906337
  164.500056
  161.160348
  157.776258
  154.358882
  151.041364
  147.601797
  144.250994
  140.922380
  137.493909
  134.176391
  130.781206
  127.408212
  124.079599
  120.617841
  117.311419
  113.916233
  110.487762
  107.181340
  103.730678
  100.390969
   97.017975
   93.600599
   90.316367
   86.854609
   83.548187
   80.119716
   76.735626
   73.429204
   69.978541
   66.661024
   63.276934
   59.837367
   56.486563
   53.080283
   49.740574
   46.356484
   42.950204
   39.599400
   36.170928
   32.897792
   29.480416
   26.107422
   22.712236
   19.383623
   16.010629
   12.604348
    9.231353
    5.847264
    2.507555
    -.868095
   -4.243745
   -7.619395
  349.215889
  345.853990
  342.458804
  339.096905
  335.746101
  332.339821
  329.055589
  325.604927
  322.209742
  318.925510
  315.474848
  312.146235
  308.751050
  305.355864
  302.016156
  298.598780
  295.247976
  291.830600
  288.513082
  285.151183
  281.689426
  278.338622
  274.965627
  271.625919
  268.241829
  264.802262
  261.506935
  258.089559
  254.738755
  251.387952
  247.892908
  244.641963
  241.224587
  237.851592
  234.500788
  231.094508
  227.754799
  224.315232
  220.953333
  217.613625
  214.207344
  210.845445
  207.416974
  204.066170
  200.670984
  197.286895
  193.924995
  190.518715
  187.245579
  183.828202
  180.455208
  177.026737
  173.653742
  170.358415
  166.918848
  163.601331
  160.195050
  156.766579
  153.460156
  150.031685
  146.725263
  143.352268
  139.923797
  136.595184
  133.199998
  129.860290
  126.531677
  123.103205
  119.719115
  116.290644
  112.984222
  109.622323
  106.160565
  102.831952
   99.425671
   96.063772
   92.735159
   89.317783
   85.955884
   82.582889
   79.187704
   75.881282
   72.419524
   69.124197
   65.684631
   62.311636
   58.994118
   55.521265
   52.214843
   48.775276
   45.457759
   42.073669
   38.645197
   35.327680
   31.910304
   28.526214
   25.219791
   21.746938
   18.473802
   15.034236
   11.683432
    8.343723
    4.881966
    1.586639
   -1.788726
   -5.164091
   -8.539456
  348.272782
  344.944169
  341.526793
  338.153798
  334.814090
  331.441095
  328.034815
  324.650725
  321.299921
  317.938022
  314.576122
  311.192033
  307.796847
  304.457139
  301.039763
  297.700054
  294.282678
  290.954065
  287.581071
  284.108218
  280.801796
  277.351133
  274.033616
  270.682812
  267.254341
  263.959014
  260.530542
  257.157548
  253.795648
  250.400463
  247.038564
  243.610093
  240.314766
  236.919580
  233.513300
  230.140305
  226.678548
  223.361030
  220.010226
  216.615041
  213.186569
  209.791384
  206.484962
  203.089777
  199.694591
  196.266120
  192.959698
  189.575608
  186.169327
  182.840714
  179.412243
  176.161297
  172.710635
  169.315450
  166.009027
  162.513984
  159.229752
  155.867853
  152.372809
  149.066387
  145.748869
  142.342589
  139.036166
  135.585504
  132.290177
  128.839515
  125.499807
  122.126812
  118.731627
  115.358632
  111.996733
  108.612643
  105.239649
  101.811177
   98.526946
   95.087379
   91.736575
   88.385771
   84.968395
   81.661973
   78.222406
   74.882698
   71.487513
   68.125613
   64.785905
   61.357434
   57.984439
   54.633635
   51.238450
   47.854360
   44.481366
   41.119466
   37.690995
   34.373477
   30.978292
   27.616393
   24.221208
   20.859308
   17.530695
   14.124415
   10.762515
    7.378426
    4.016526
     .687913
   -2.687806
   -6.063524
   -9.439243
  347.318579
  344.023252
  340.550400
  337.266168
  333.848792
  330.464702
  327.136089
  323.729808
  320.412291
  317.017105
  313.644111
  310.271116
  306.864836
  303.514032
  300.118847
  296.745852
  293.395048
  289.988768
  286.649059
  283.242778
  279.858689
  276.507885
  273.123795
  269.761896
  266.377806
  262.993716
  259.620721
  256.269917
  252.896923
  249.490642
  246.128743
  242.744653
  239.393849
  236.043046
  232.614574
  229.252675
  225.879680
  222.451209
  219.111501
  215.705220
  212.321130
  208.881563
  205.586236
  202.257623
  198.740389
  195.433967
  192.005495
  188.787836
  185.348269
  181.897607
  178.646662
  175.229285
  171.900672
  168.461106
  165.077016
  161.748403
  158.319931
  154.980223
  151.596133
  148.245329
  144.872335
  141.432768
  138.115250
  134.775542
  131.391452
  128.007362
  124.634367
  121.261373
  117.866188
  114.471002
  111.098008
  107.725013
  104.352019
  100.923547
   97.594934
   94.188653
   90.860040
   87.464855
   84.069670
   80.741057
   77.334776
   73.995068
   70.610978
   67.204697
   63.864989
   60.469803
   57.130095
   53.712719
   50.306438
   47.000016
   43.538258
   40.209645
   36.858842
   33.441466
   30.090662
   26.695477
   23.333577
   19.982774
   16.554302
   13.225689
    9.830504
    6.479700
    3.128896
    -.246587
   -3.622071
   -6.997554
  349.803944
  346.519712
  343.035764
  339.729342
  336.300870
  332.950066
  329.599263
  326.215173
  322.842178
  319.469184
  316.085094
  312.756481
  309.294723
  305.977205
  302.615306
  299.197930
  295.869317
  292.429750
  289.045660
  285.705952
  282.332958
  278.971058
  275.531492
  272.191783
  268.807693
  265.423603
  262.083895
  258.655423
  255.260238
  251.876148
  248.492058
  245.107968
  241.723879
  238.384170
  235.022271
  231.582704
  228.242996
  224.803429
  221.463721
  218.035249
  214.695541
  211.300355
  207.894075
  204.565462
  201.136990
  197.841663
  194.402097
  191.084579
  187.722680
  184.260922
  180.965595
  177.570410
  174.164129
  170.835516
  167.384854
  164.045146
  160.672151
  157.276966
  153.959448
  150.519881
  147.224554
  143.818274
  140.500756
  137.138857
  133.810244
  130.381773
  126.975492
  123.646879
  120.240598
  116.911985
  113.483514
  110.143805
  106.804097
  103.331244
   99.991536
   96.596350
   93.278833
   89.894743
   86.466271
   83.182040
   79.753568
   76.424955
   73.007579
   69.579108
   66.305972
   62.899691
   59.526696
   56.153702
   52.714135
   49.407713
   45.990337
   42.628438
   39.266538
   35.815876
   32.542740
   29.103173
   25.741274
   22.401566
   18.973094
   15.677767
   12.260391
    8.876301
    5.558784
    2.152503
   -1.223325
   -4.599154
   -7.974982
  348.871932
  345.476747
  342.159229
  338.764044
  335.379954
  332.018055
  328.645060
  325.294256
  321.854690
  318.548267
  315.119796
  311.802278
  308.407093
  304.978622
  301.638913
  298.210442
  294.904019
  291.497739
  288.113649
  284.796131
  281.345469
  278.027951
  274.599480
  271.248676
  267.897872
  264.469401
  261.151883
  257.734507
  254.383703
  250.999614
  247.626619
  244.275815
  240.847344
  237.529826
  234.112450
  230.739456
  227.355366
  223.915799
  220.531709
  217.125428
  213.763529
  210.335058
  207.028635
  203.666736
  200.216074
  196.909652
  193.436799
  190.141472
  186.757382
  183.351101
  180.033584
  176.627303
  173.243213
  169.903505
  166.419556
  163.124229
  159.717949
  156.344954
  153.016341
  149.554584
  146.336924
  142.897358
  139.590935
  136.251227
  132.778374
  129.471952
  126.065671
  122.714867
  119.352968
  115.935592
  112.562597
  109.178508
  105.816608
  102.510186
   99.048429
   95.697625
   92.357916
   88.962731
   85.600832
   82.161265
   78.821557
   75.470753
   72.097758
   68.758050
   65.307388
   61.956584
   58.594685
   55.188404
   51.859791
   48.431320
   45.069420
   41.685331
   38.312336
   34.950437
   31.533061
   28.215543
   24.831453
   21.469554
   18.063273
   14.679183
   11.394952
    7.933194
    4.637867
    1.209396
   -2.166353
   -5.542103
   -8.917852
  347.984302
  344.533640
  341.227217
  337.820937
  334.425752
  331.097138
  327.668667
  324.317863
  320.967059
  317.582970
  314.187784
  310.825885
  307.452891
  304.113182
  300.706901
  297.333907
  293.949817
  290.599013
  287.181637
  283.819738
  280.424553
  277.040463
  273.722945
  270.327760
  266.954765
  263.559580
  260.208776
  256.846877
  253.429501
  250.089793
  246.694607
  243.321613
  239.970809
  236.553433
  233.191534
  229.774158
  226.390068
  223.105836
  219.621888
  216.215607
  212.831517
  209.414141
  206.118814
  202.668152
  199.350635
  195.966545
  192.515883
  189.253842
  185.825370
  182.452376
  179.123763
  175.739673
  172.411060
  169.004779
  165.687261
  162.292076
  158.863605
  155.568278
  152.173093
  148.800098
  145.427103
  142.009727
  138.703305
  135.330311
  131.935125
  128.584322
  125.155850
  121.849428
  118.409861
  115.047962
  111.674967
  108.313068
  104.928978
  101.500507
   98.160798
   94.743422
   91.425905
   88.008529
   84.580057
   81.318016
   77.878450
   74.549837
   71.143556
   67.770561
   64.430853
   60.991286
   57.684864
   54.234202
   50.883398
   47.499308
   44.093027
   40.797700
   37.369229
   33.985139
   30.634335
   27.239150
   23.866155
   20.482066
   17.120166
   13.758267
   10.418559
    6.990087
    3.672570
     .288480
   -3.086467
   -6.461413
   -9.836360
  346.996813
  343.623819
  340.195347
  336.866734
  333.460454
  330.165127
  326.781037
  323.330375
  320.023952
  316.606576
  313.255773
  309.893873
  306.454307
  303.136789
  299.730508
  296.390800
  293.017805
  289.567143
  286.227435
  282.821154
  279.459255
  276.119547
  272.668884
  269.395748
  266.000563
  262.583187
  259.254574
  255.815007
  252.508585
  249.124495
  245.740405
  242.345220
  238.994416
  235.621421
  232.181854
  228.831051
  225.369293
  222.051775
  218.700972
  215.172642
  211.943887
  208.559797
  205.186803
  201.736141
  198.363146
  195.045628
  191.639348
  188.355116
  184.926645
  181.542555
  178.225037
  174.796566
  171.412476
  168.039481
  164.677582
  161.348969
  157.909402
  154.625171
  151.196699
  147.834800
  144.461806
  141.088811
  137.749103
  134.298441
  130.969828
  127.585738
  124.223838
  120.839749
  117.466754
  114.127046
  110.665288
  107.347770
  103.908204
  100.579591
   97.217691
   93.767029
   90.471702
   87.043231
   83.692427
   80.341623
   76.913152
   73.584539
   70.189354
   66.816359
   63.443364
   60.059275
   56.730661
   53.313285
   49.907005
   46.567296
   43.138825
   39.821307
   36.403931
   33.042032
   29.680133
   26.273852
   22.956335
   19.550054
   16.199250
   12.815160
    9.419975
    6.069171
    2.662890
    -.712837
   -4.088564
   -7.464291
  349.393415
  346.009325
  342.647426
  339.230050
  335.790483
  332.461870
  329.055589
  325.749167
  322.387268
  318.947701
  315.663469
  312.268284
  308.873099
  305.522295
  302.082728
  298.798497
  295.392216
  292.030317
  288.635132
  285.251042
  281.944619
  278.493957
  275.154249
  271.759063
  268.363878
  265.057456
  261.595698
  258.278181
  254.894091
  251.532192
  248.159197
  244.719630
  241.391017
  238.006927
  234.633933
  231.294224
  227.865753
  224.526045
  221.097573
  217.735674
  214.362679
  210.989685
  207.616690
  204.210410
  200.881797
  197.420039
  194.047045
  190.674050
  187.334342
  184.039015
  180.510685
  177.215358
  173.831268
  170.402797
  167.107470
  163.678998
  160.306004
  156.944105
  153.593301
  150.187020
  146.869502
  143.463222
  140.079132
  136.728328
  133.355334
  130.048911
  126.587154
  123.203064
  119.918832
  116.445979
  113.128462
  109.711086
  106.371377
  102.998383
   99.558816
   96.219107
   92.823922
   89.495309
   86.111219
   82.704939
   79.365230
   75.981140
   72.608146
   69.268437
   65.839966
   62.522448
   59.138358
   55.720982
   52.370178
   48.952802
   45.646380
   42.217909
   38.833819
   35.471920
   32.087830
   28.759217
   25.341841
   21.991037
   18.595851
   15.222857
   11.883149
    8.465772
    5.159350
    1.719783
   -1.655597
   -5.030978
   -8.406358
  348.472499
  345.066218
  341.726509
  338.375706
  334.947234
  331.596430
  328.223436
  324.839346
  321.510733
  318.082262
  314.731458
  311.369559
  307.974373
