  342.547567
  339.185668
  335.801578
  332.450774
  329.055589
  325.704785
  322.331791
  318.992082
  315.652374
  312.268284
  308.873099
  305.500104
  302.149300
  298.798497
  295.425502
  292.041412
  288.668418
  285.295423
  281.900238
  278.560529
  275.176440
  271.814540
  268.419355
  265.079647
  261.739938
  258.333658
  255.005045
  251.598764
  248.259055
  244.852775
  241.490876
  238.195549
  234.744887
  231.382987
  227.976707
  224.614808
  221.275099
  217.868818
  214.551301
  211.133925
  207.794216
  204.432317
  201.059323
  197.752900
  194.346620
  190.995816
  187.589535
  184.227636
  180.899023
  177.503838
  174.153034
  170.746753
  167.362663
  164.034050
  160.616674
  157.265870
  153.859590
  150.542072
  147.157982
  143.751702
  140.423089
  137.038999
  133.688195
  130.326296
  126.931110
  123.646879
  120.162931
  116.834317
  113.472418
  110.066138
  106.726429
  103.297958
  100.013726
   96.607446
   93.223356
   89.872552
   86.455176
   83.126563
   79.764664
   76.424955
   73.040865
   69.678966
   66.283781
   62.877500
   59.537792
   56.198083
   52.780707
   49.429904
   46.045814
   42.695010
   39.310920
   35.949021
   32.576026
   29.236318
   25.841133
   22.468138
   19.117334
   15.744340
   12.382440
    8.998351
    5.658642
    2.252361
   -1.117131
   -4.486623
   -7.856115
  348.783169
  345.399079
  342.059371
  338.664185
  335.313382
  331.995864
  328.578488
  325.260970
  321.832499
  318.492790
  315.175273
  311.746801
  308.395998
  305.000812
  301.650009
  298.299205
  294.881829
  291.564311
  288.158030
  284.796131
  281.412041
  278.039047
  274.699338
  271.281962
  267.964445
  264.547069
  261.229551
  257.845461
  254.461371
  251.177140
  247.726477
  244.386769
  241.024870
  237.640780
  234.278881
  230.883695
  227.543987
  224.126611
  220.742521
  217.425003
  214.029818
  210.656824
  207.306020
  203.977407
  200.604412
  197.198132
  193.858423
  190.474333
  187.123529
  183.739439
  180.366445
  176.993450
  173.653742
  170.291843
  166.874467
  163.534758
  160.139573
  156.799865
  153.426870
  150.064971
  146.714167
  143.318982
  139.957083
  136.561897
  133.244380
  129.860290
  126.465105
  123.147587
  119.719115
  116.401598
  113.017508
  109.611227
  106.271519
  102.865238
   99.536625
   96.130344
   92.790636
   89.417641
   86.011361
   82.671652
   79.254276
   75.936759
   72.552669
   69.212960
   65.851061
   62.433685
   59.105072
   55.698791
   52.303606
   48.997184
   45.568712
   42.217909
   38.789437
   35.438633
   32.110020
   28.692644
   25.375127
   21.968846
   18.606947
   15.278334
   11.872053
    8.532345
    5.137159
    1.775260
   -1.593937
   -4.963134
   -8.332331
  348.239496
  344.921978
  341.548983
  338.175989
  334.847376
  331.418904
  328.101387
  324.761678
  321.388684
  318.015689
  314.609409
  311.302986
  307.874515
  304.556997
  301.161812
  297.755531
  294.426918
  291.042828
  287.669834
  284.274648
  280.923845
  277.550850
  274.211142
  270.827052
  267.498439
  264.092158
  260.730259
  257.346169
  254.006461
  250.633466
  247.260472
  243.887477
  240.547769
  237.141488
  233.790684
  230.395499
  227.022504
  223.649510
  220.265420
  216.914616
  213.530526
  210.201913
  206.795632
  203.455924
  200.105120
  196.676649
  193.370227
  189.975041
  186.613142
  183.273434
  179.844962
  176.516349
  173.110069
  169.770360
  166.397366
  163.024371
  159.695758
  156.234000
  152.927578
  149.554584
  146.181589
  142.819690
  139.413409
  136.118082
  132.722897
  129.360998
  125.988003
  122.581723
  119.264205
  115.880115
  112.462739
  109.123031
  105.694559
  102.365946
   98.959666
   95.608862
   92.246963
   88.862873
   85.489878
   82.127979
   78.754984
   75.415276
   72.053377
   68.680382
   65.274102
   61.912202
   58.505922
   55.166213
   51.771028
   48.398034
   45.036134
   41.652044
   38.312336
   34.917151
   31.555252
   28.193352
   24.853644
   21.447363
   18.085464
   14.756851
   11.361666
    7.999767
    4.626772
    1.264873
   -2.104006
   -5.472885
   -8.841764
  347.740204
  344.422686
  341.038596
  337.676697
  334.314798
  330.941803
  327.613190
  324.218005
  320.845010
  317.527493
  314.087926
  310.781504
  307.375223
  304.057705
  300.651425
  297.267335
  293.927626
  290.488059
  287.148351
  283.786452
  280.424553
  277.051558
  273.667468
  270.338855
  266.932575
  263.559580
  260.253158
  256.835782
  253.507169
  250.100888
  246.738989
  243.377090
  239.993000
  236.653291
  233.224820
  229.918398
  226.523212
  223.161313
  219.788319
  216.404229
  213.042330
  209.658240
  206.307436
  202.945537
  199.572542
  196.199548
  192.815458
  189.497940
  186.147136
  182.763046
  179.367861
  175.972676
  172.655158
  169.271068
  165.864787
  162.502888
  159.129894
  155.790185
  152.417191
  149.022006
  145.649011
  142.264921
  138.914117
  135.585504
  132.168128
  128.839515
  125.466521
  122.093526
  118.709436
  115.325346
  111.963447
  108.601548
  105.228553
  101.833368
   98.471469
   95.109570
   91.714384
   88.363581
   85.012777
   81.617592
   78.222406
   74.882698
   71.520799
   68.169995
   64.752619
   61.401815
   58.051011
   54.611445
   51.316118
   47.854360
   44.536842
   41.130562
   37.790853
   34.406763
   31.000483
   27.694060
   24.309971
   20.914785
   17.586172
   14.213178
   10.873469
    7.444998
    4.116385
     .743390
   -2.626395
   -5.996179
   -9.365964
  347.218721
  343.901203
  340.539304
  337.144119
  333.760029
  330.420321
  327.058421
  323.696522
  320.312432
  316.994915
  313.577539
  310.237830
  306.875931
  303.502936
  300.118847
  296.734757
  293.361762
  290.010958
  286.615773
  283.231683
  279.858689
  276.530075
  273.134890
  269.795182
  266.411092
  263.060288
  259.731675
  256.303204
  252.952400
  249.601596
  246.217506
  242.888893
  239.482612
  236.120713
  232.725528
  229.374724
  226.035016
  222.628735
  219.277931
  215.871651
  212.476465
  209.170043
  205.741572
  202.446245
  199.017773
  195.689160
  192.338356
  188.943171
  185.647844
  182.186087
  178.835283
  175.495575
  172.122580
  168.749585
  165.343305
  161.992501
  158.586220
  155.268703
  151.895708
  148.511618
  145.138624
  141.787820
  138.403730
  135.041831
  131.713218
  128.306937
  124.945038
  121.538757
  118.199049
  114.792768
  111.397583
  108.080065
  104.673785
  101.345172
   97.916700
   94.576992
   91.192902
   87.831003
   84.469103
   81.107204
   77.734210
   74.350120
   70.977125
   67.670703
   64.220041
   60.891428
   57.496242
   54.145439
   50.772444
   47.332877
   44.015360
   40.620174
   37.280466
   33.907471
   30.490095
   27.172578
   23.777392
   20.415493
   17.042499
   13.658409
   10.318700
    6.923515
    3.583807
     .210812
   -3.158922
   -6.528657
   -9.898391
  346.708334
  343.357530
  339.973440
  336.644827
  333.227451
  329.909933
  326.548034
  323.163944
  319.824236
  316.429050
  313.067151
  309.727443
  306.321162
  302.992549
  299.586268
  296.213274
  292.829184
  289.456189
  286.105386
  282.699105
  279.359397
  275.975307
  272.591217
  269.284794
  265.878514
  262.516615
  259.176906
  255.770626
  252.442012
  249.024636
  245.651642
  242.356315
  238.916748
  235.588135
  232.170759
  228.819955
  225.446961
  222.051775
  218.734258
  215.316882
  211.977173
  208.593083
  205.242280
  201.847094
  198.485195
  195.156582
  191.772492
  188.410593
  185.037599
  181.642413
  178.291609
  174.896424
  171.578907
  168.161530
  164.788536
  161.415541
  158.075833
  154.669552
  151.340939
  147.967945
  144.517283
  141.244146
  137.837866
  134.475967
  131.091877
  127.729977
  124.356983
  120.906321
  117.610994
  114.215809
  110.809528
  107.414343
  104.063539
  100.712735
   97.306454
   93.988937
   90.582656
   87.209661
   83.903239
   80.452577
   77.157250
   73.795351
   70.411261
   67.049362
   63.665272
   60.281182
   56.897092
   53.535193
   50.162198
   46.744822
   43.449495
   39.998833
   36.670220
   33.263940
   29.902040
   26.573427
   23.200433
   19.827438
   16.465539
   13.081449
    9.719550
    6.357651
    2.984656
    -.385971
   -3.756598
   -7.127225
  349.448892
  346.164660
  342.780570
  339.418671
  336.056772
  332.694873
  329.332974
  325.937788
  322.609175
  319.236181
  315.885377
  312.479096
  309.139388
  305.722012
  302.371208
  299.020404
  295.580837
  292.285511
  288.857039
  285.528426
  282.166527
  278.771342
  275.420538
  272.014257
  268.707835
  265.290459
  261.950750
  258.599947
  255.204761
  251.820671
  248.469868
  245.141255
  241.712783
  238.350884
  234.977889
  231.638181
  228.242996
  224.892192
  221.463721
  218.101821
  214.795399
  211.389118
  208.027219
  204.665320
  201.270135
  197.941522
  194.557432
  191.239914
  187.822538
  184.471734
  181.087644
  177.681364
  174.363846
  170.946470
  167.628952
  164.244862
  160.827486
  157.532160
  154.092593
  150.752884
  147.379890
  144.006895
  140.678282
  137.272002
  133.932293
  130.537108
  127.153018
  123.824405
  120.429220
  117.056225
  113.683230
  110.288045
  106.937241
  103.519865
  100.169062
   96.784972
   93.389786
   90.105555
   86.665988
   83.348470
   79.964380
   76.580291
   73.240582
   69.845397
   66.483498
   63.132694
   59.737509
   56.397800
   52.991520
   49.618525
   46.256626
   42.839250
   39.510637
   36.115451
   32.764648
   29.380558
   26.029754
   22.678950
   19.250479
   15.921866
   12.559967
    9.186972
    5.825073
    2.440983
    -.929034
   -4.299052
   -7.669069
  348.938504
  345.543319
  342.270183
  338.841711
  335.490908
  332.129009
  328.733823
  325.449592
  322.021120
  318.670316
  315.319513
  311.935423
  308.584619
  305.200529
  301.838630
  298.510017
  295.048259
  291.730742
  288.324461
  284.962562
  281.633949
  278.216573
  274.910150
  271.481679
  268.141971
  264.791167
  261.384886
  258.056273
  254.638897
  251.321379
  247.926194
  244.564295
  241.180205
  237.796115
  234.434216
  231.061221
  227.688227
  224.326328
  220.920047
  217.602529
  214.196249
  210.823254
  207.461355
  204.132742
  200.715366
  197.342371
  194.047045
  190.640764
  187.289960
  183.905870
  180.577257
  177.193167
  173.786887
  170.447178
  167.040897
  163.701189
  160.283813
  156.944105
  153.560015
  150.164829
  146.847312
  143.418840
  140.079132
  136.717233
  133.344238
  130.015625
  126.587154
  123.258541
  119.885546
  116.490361
  113.172843
  109.733276
  106.393568
  102.998383
   99.603197
   96.285680
   92.868304
   89.561881
   86.144505
   82.760415
   79.442898
   76.014426
   72.719099
   69.346105
   65.939824
   62.611211
   59.204930
   55.854127
   52.458941
   49.097042
   45.712952
   42.295576
   38.966963
   35.593969
   32.209879
   28.859075
   25.463890
   22.146372
   18.740091
   15.422574
   12.038484
    8.665489
    5.314685
    1.941691
   -1.427977
   -4.797645
   -8.167313
  348.417022
  345.066218
  341.682128
  338.375706
  334.958330
  331.585335
  328.256722
  324.872632
  321.521828
  318.171025
  314.786935
  311.447226
  308.040946
  304.690142
  301.272766
  297.944153
  294.593349
  291.164877
  287.814074
  284.429984
  281.079180
  277.683995
  274.311000
  270.993482
  267.598297
  264.258589
  260.852308
  257.490409
  254.161796
  250.755515
  247.437998
  244.042812
  240.636532
  237.319014
  233.923829
  230.550834
  227.177840
  223.793750
  220.442946
  217.025570
  213.685861
  210.301771
  206.962063
  203.633450
  200.182788
  196.887461
  193.470085
  190.130377
  186.768477
  183.373292
  180.044679
  176.627303
  173.287595
  169.925695
  166.552701
  163.168611
  159.762330
  156.433717
  153.060723
  149.654442
  146.370210
  142.930644
  139.568745
  136.251227
  132.822755
  129.471952
  126.110052
  122.714867
  119.364063
  115.968878
  112.651360
  109.233984
  105.872085
  102.510186
   99.103905
   95.742006
   92.402298
   89.029303
   85.667404
   82.261123
   78.932510
   75.537325
   72.153235
   68.835718
   65.373960
   62.056442
   58.683448
   55.277167
   51.959649
   48.542273
   45.191470
   41.807380
   38.445481
   35.039200
   31.644015
   28.359783
   24.964598
   21.602699
   18.251895
   14.867805
   11.528096
    8.144007
    4.782107
    1.398017
   -1.971750
   -5.341517
   -8.711283
  347.884444
  344.511449
  341.149550
  337.820937
  334.447942
  331.086043
  327.713049
  324.373340
  320.989250
  317.682828
  314.298738
  310.903553
  307.508367
  304.146468
  300.795665
  297.422670
  294.038580
  290.687776
  287.303686
  283.941787
  280.546602
  277.184703
  273.833899
  270.460904
  267.099005
  263.714915
  260.364112
  257.002212
  253.595932
  250.267319
  246.861038
  243.521330
  240.148335
  236.753150
  233.424537
  229.996065
  226.667452
  223.283362
  219.921463
  216.581755
  213.131093
  209.824670
  206.407294
  203.067586
  199.705687
  196.310501
  193.004079
  189.575608
  186.258090
  182.885095
  179.523196
  176.150202
  172.743921
  169.426403
  165.997932
  162.647128
  159.263038
  155.901139
  152.528145
  149.132959
  145.782156
  142.442447
  139.069453
  135.685363
  132.334559
  128.961564
  125.577474
  122.215575
  118.809295
  115.447395
  112.096592
  108.679216
  105.328412
  101.966513
   98.582423
   95.176142
   91.736575
   88.396867
   85.012777
   81.661973
   78.255692
   74.893793
   71.531894
   68.169995
   64.830287
   61.512769
   58.128679
   54.744589
   51.371594
   48.042981
   44.636701
   41.252611
   37.935093
   34.517717
   31.189104
   27.805014
   24.443115
   21.070121
   17.686031
   14.335227
   10.973328
    7.600333
    4.249529
     .865439
   -2.504824
   -5.875086
   -9.245349
  347.418438
  344.056539
  340.694639
  337.310549
  333.959746
  330.620037
  327.235947
  323.918430
  320.523244
  317.172441
  313.810541
  310.426452
  307.120029
  303.680462
  300.340754
  296.912283
  293.583670
  290.255057
  286.837681
  283.475781
  280.113882
  276.729792
  273.423370
  269.994899
  266.655190
  263.271100
  259.920296
  256.547302
  253.118830
  249.801313
  246.417223
  243.055324
  239.737806
  236.298239
  232.969626
  229.563346
  226.234733
  222.895024
  219.433267
  216.082463
  212.687277
  209.336474
  206.030051
  202.601580
  199.272967
  195.899972
  192.526978
  189.209460
  185.780989
  182.452376
  179.068286
  175.639814
  172.311201
  168.916016
  165.531926
  162.181122
  158.808128
  155.446229
  152.039948
  148.689144
  145.360531
  141.898774
  138.636733
  135.197166
  131.857458
  128.473368
  125.100373
  121.793951
  118.365479
  115.003580
  111.630586
  108.213210
  104.884597
  101.489411
   98.138608
   94.743422
   91.392619
   88.041815
   84.635534
   81.262540
   77.933927
   74.527646
   71.176842
   67.814943
   64.453044
   61.046763
   57.718150
   54.311869
   50.938875
   47.554785
   44.181790
   40.808796
   37.469087
   34.073902
   30.700908
   27.350104
   23.954918
   20.604115
   17.231120
   13.869221
   10.485131
    7.145423
    3.739142
     .410529
   -2.959484
   -6.329497
   -9.699511
  346.885860
  343.535056
  340.173157
  336.811258
  333.449358
  330.076364
  326.736655
  323.341470
  320.023952
  316.617672
  313.255773
  309.938255
  306.509784
  303.170075
  299.752699
  296.401895
  293.028901
  289.644811
  286.271816
  282.898822
  279.536923
  276.197214
  272.779838
  269.473416
  266.056040
  262.705236
  259.354432
  255.937056
  252.630634
  249.213258
  245.884645
  242.500555
  239.138656
  235.787852
  232.359381
  229.075149
  225.646678
  222.262588
  218.911784
  215.505503
  212.165795
  208.792800
  205.441996
  202.080097
  198.696007
  195.356299
  191.994400
  188.621405
  185.248411
  181.864321
  178.491326
  175.118332
  171.745337
  168.383438
  165.021539
  161.637449
  158.297741
  154.913651
  151.518465
  148.156566
  144.783572
  141.432768
  138.059773
  134.697874
  131.291593
  127.940790
  124.545604
  121.183705
  117.755234
  114.426621
  111.020340
  107.680632
  104.296542
  100.912452
   97.583839
   94.155367
   90.848945
   87.442664
   84.091861
   80.741057
   77.334776
   73.972877
   70.588787
   67.249079
   63.909370
   60.491994
   57.174477
   53.746005
   50.428487
   47.044398
   43.615926
   40.309504
   36.869937
   33.541324
   30.190520
   26.806430
   23.488913
   20.049346
   16.731828
   13.347738
    9.963648
    6.646131
    3.195469
    -.173780
   -3.543028
   -6.912277
  349.770658
  346.353282
  343.035764
  339.707151
  336.311966
  332.961162
  329.532690
  326.204077
  322.886560
  319.480279
  316.173857
  312.767576
  309.416772
  306.054873
  302.637497
  299.297789
  295.902603
  292.540704
  289.178805
  285.794715
  282.488293
  279.070917
  275.709018
  272.358214
  268.985219
  265.645511
  262.261421
  258.910617
  255.548718
  252.153533
  248.847110
  245.451925
  242.067835
  238.672650
  235.355132
  231.959947
  228.586952
  225.213958
  221.829868
  218.434683
  215.083879
  211.733075
  208.360081
  204.987086
  201.614091
  198.263288
  194.890293
  191.506203
  188.155399
  184.749119
  181.387220
  178.069702
  174.674517
  171.345904
  167.895241
  164.577724
  161.149252
  157.765162
  154.381073
  150.996983
  147.657274
  144.217707
  140.877999
  137.538291
  134.076533
  130.781206
  127.374925
  124.024122
  120.617841
  117.300323
  113.960615
  110.554334
  107.192435
  103.852727
  100.468637
   97.095642
   93.711552
   90.327462
   86.976659
   83.625855
   80.241765
   76.868770
   73.495776
   70.156067
   66.760882
   63.398983
   60.014893
   56.630803
   53.268904
   49.918100
   46.511819
   43.149920
   39.776926
   36.381740
   33.042032
   29.669038
   26.318234
   22.923048
   19.572245
   16.232536
   12.826256
    9.475452
    6.080266
    2.751653
    -.618602
   -3.988857
   -7.359112
  349.215889
  345.853990
  342.514281
  339.141287
  335.812674
  332.417488
  329.044494
  325.693690
  322.276314
  318.980987
  315.596897
  312.268284
  308.884194
  305.477914
  302.171491
  298.731924
  295.392216
  292.019221
  288.579655
  285.295423
  281.889142
  278.527243
  275.154249
  271.792350
  268.474832
  265.068551
  261.695557
  258.355848
  254.982854
  251.643145
  248.247960
  244.874966
  241.535257
  238.140072
  234.800363
  231.394083
  228.009993
  224.670284
  221.241813
  217.924295
  214.540205
  211.189402
  207.827502
  204.421222
  201.070418
  197.686328
  194.324429
  190.973625
  187.589535
  184.294208
  180.876832
  177.503838
  174.141939
  170.746753
  167.407045
  164.000764
  160.638865
  157.276966
  153.870685
  150.519881
  147.135791
  143.796083
  140.423089
  137.027903
  133.654909
  130.315200
  126.920015
  123.469353
  120.140740
  116.734459
  113.372560
  109.988470
  106.615475
  103.209195
   99.869486
   96.496492
   93.112402
   89.772694
   86.344222
   83.004514
   79.631519
   76.280715
   72.985388
   69.568012
   66.217209
   62.877500
   59.460124
   56.164797
   52.736326
   49.363331
   46.012528
   42.595151
   39.255443
   35.893544
   32.509454
   29.158650
   25.785656
   22.434852
   19.072953
   15.677767
   12.315868
    8.953969
    5.625356
    2.296743
   -1.073365
   -4.443472
   -7.813580
  348.705501
  345.399079
  341.992798
  338.686376
  335.291191
  331.929292
  328.556297
  325.205493
  321.865785
  318.503886
  315.119796
  311.746801
  308.384902
  305.000812
  301.650009
  298.277014
  294.892924
  291.519930
  288.124744
  284.785036
  281.412041
  278.039047
  274.677148
  271.348535
  267.953349
  264.569259
  261.151883
  257.856556
  254.494657
  251.110567
  247.781954
  244.353483
  241.002679
  237.662971
  234.301071
  230.928077
  227.521796
  224.148802
  220.809093
  217.402813
  214.074200
  210.690110
  207.283829
  203.944121
  200.548935
  197.220322
  193.858423
  190.496524
  187.112434
  183.750535
  180.388636
  177.015641
  173.609360
  170.269652
  166.907753
  163.501472
  160.161764
  156.766579
  153.426870
  150.042780
  146.669786
  143.341173
  139.934892
  136.584088
  133.188903
  129.849194
  126.465105
  123.069919
  119.730211
  116.335026
  112.962031
  109.600132
  106.227137
  102.876334
   99.458957
   96.019391
   92.657491
   89.284497
   85.911502
   82.538508
   79.165513
   75.825805
   72.430620
   69.068720
   65.751203
   62.356018
   59.016309
   55.643315
   52.259225
   48.908421
   45.524331
   42.151336
   38.756151
   35.383157
   32.032353
   28.681549
   25.286364
   21.968846
   18.573661
   15.211762
   11.838767
    8.465772
    5.114969
    1.730879
   -1.639010
   -5.008899
   -8.378788
  348.206209
  344.844310
  341.493507
  338.153798
  334.758613
  331.407809
  328.034815
  324.684011
  321.311016
  317.960212
  314.631599
  311.203128
  307.885610
  304.501520
  301.128526
  297.788817
  294.349251
  291.031733
  287.614357
  284.263553
  280.946035
  277.528659
  274.166760
  270.804861
  267.431867
  264.103253
  260.685877
  257.346169
  253.984270
  250.611275
  247.260472
  243.865286
  240.481196
  237.174774
  233.757398
  230.406594
  227.011409
  223.627319
  220.320897
  216.870235
  213.541622
  210.124245
  206.784537
  203.467019
  200.060739
  196.754316
  193.325845
  189.952850
  186.635333
  183.206861
  179.900439
  176.505254
  173.132259
  169.803646
  166.352984
  163.024371
  159.651376
  156.267287
  152.905387
  149.532393
  146.192684
  142.808595
  139.446695
  136.118082
  132.667420
  129.338807
  125.976908
  122.603913
  119.275300
  115.824638
  112.484930
  109.111935
  105.705655
  102.377042
   98.959666
   95.619957
   92.235867
   88.896159
   85.523164
   82.083597
   78.777175
   75.370894
   72.042281
   68.624905
   65.185339
   61.912202
   58.494826
   55.099641
   51.826505
   48.386938
   45.058325
   41.629854
   38.279050
   34.917151
   31.566347
   28.193352
   24.820358
   21.469554
   18.096560
   14.734660
   11.383857
    8.021957
    4.648963
    1.275968
   -2.093292
   -5.462553
   -8.831813
  347.740204
  344.400495
  341.105168
  337.676697
  334.336989
  330.952899
  327.590999
  324.240196
  320.845010
  317.516397
  314.110117
  310.792599
  307.441795
  304.035515
  300.684711
  297.278430
  293.916531
  290.599013
  287.159446
  283.853024
  280.413457
  277.073749
  273.711850
  270.338855
  266.965861
  263.603962
  260.264253
  256.913449
  253.540455
  250.167460
  246.794466
  243.432567
  240.081763
  236.697673
  233.346869
  229.962779
  226.578689
  223.216790
  219.877082
  216.481896
  213.119997
  209.735907
  206.418390
  203.001014
  199.650210
  196.299406
  192.882030
  189.553417
  186.169327
  182.818523
  179.456624
  176.061439
  172.821589
  169.326545
  165.986837
  162.580556
  159.229752
  155.856758
  152.472668
  149.144055
  145.748869
  142.386970
  139.013976
  135.663172
  132.279082
  128.883897
  125.488711
  122.060240
  118.698341
  115.347537
  111.985638
  108.568262
  105.228553
  101.811177
   98.449278
   95.109570
   91.703289
   88.352485
   84.946205
   81.573210
   78.222406
   74.860507
   71.487513
   68.081232
   64.719333
   61.335243
   58.006630
   54.578158
   51.271736
   47.909837
   44.514652
   41.174943
   37.790853
   34.440050
   31.067055
   27.694060
   24.387638
   20.970262
   17.608363
   14.202082
   10.873469
    7.511570
    4.094194
     .787772
   -2.581496
   -5.950764
   -9.320032
  347.240912
  343.923394
  340.550400
  337.188500
  333.848792
  330.464702
  327.158280
  323.751999
  320.390100
  317.039296
  313.655206
  310.337689
  306.920312
  303.591699
  300.229800
  296.812424
  293.494907
  290.099721
  286.715631
  283.364828
  279.947452
  276.629934
  273.212558
  269.883945
  266.488760
  263.137956
  259.809343
  256.380871
  253.041163
  249.690359
  246.306269
  242.966561
  239.571375
  236.198381
  232.825386
  229.463487
  226.112683
  222.662021
  219.300122
  215.893841
  212.509751
  209.214425
  205.819239
  202.501722
  199.117632
  195.755733
  192.393833
  189.054125
  185.681130
  182.285945
  178.946237
  175.562147
  172.189152
  168.771776
  165.409877
  162.070169
  158.686079
  155.301989
  151.928994
  148.544904
  145.194101
  141.743438
  138.381539
  135.041831
  131.713218
  128.229269
  124.867370
  121.538757
  118.165763
  114.770577
  111.386487
  108.013493
  104.629403
  101.267504
   97.905605
   94.499324
   91.159616
   87.753335
   84.413627
   81.029537
   77.756400
   74.405597
   70.899458
   67.548654
   64.153469
   60.847046
   57.485147
   54.123248
   50.805730
   47.377259
   44.037550
   40.642365
   37.269371
   33.896376
   30.490095
   27.205864
   23.821774
   20.415493
   17.075785
   13.724981
   10.396368
    6.956801
    3.605997
     .233003
   -3.137814
   -6.508631
   -9.879449
  346.774906
  343.379721
  340.040012
  336.678113
  333.327309
  329.943219
  326.559129
  323.252707
  319.857522
  316.540004
  313.111533
  309.771824
  306.432116
  303.025835
  299.719413
  296.324228
  292.940138
  289.578239
  286.205244
  282.854440
  279.414873
  276.119547
  272.724361
  269.384653
  266.033849
  262.649759
  259.276765
  255.914865
  252.530776
  249.168876
  245.806977
  242.445078
  239.060988
  235.687994
  232.292808
  228.953100
  225.591201
  222.196015
  218.811925
  215.438931
  212.065936
  208.692942
  205.264470
  201.869285
  198.607244
  195.200964
  191.872351
  188.499356
  185.093075
  181.775558
  178.335991
  175.029569
  171.590002
  168.205912
  164.832917
  161.459923
  158.064738
  154.669552
  151.307653
  147.923563
  144.583855
  141.210860
  137.826770
  134.453776
  131.069686
  127.707787
  124.390269
  120.961798
  117.655375
  114.204713
  110.887196
  107.514201
  104.063539
  100.779307
   97.339740
   93.988937
   90.693610
   87.276234
   83.936525
   80.496959
   77.123964
   73.750969
   70.333593
   67.027171
   63.598700
   60.247896
   56.897092
   53.468621
   50.140008
   46.733727
   43.394019
   40.021024
   36.614743
   33.352703
   29.957517
   26.584523
   23.255910
   19.838534
   16.498825
   13.114735
    9.808313
    6.402032
    3.062324
    -.309364
   -3.681051
   -7.052739
  349.537655
  346.209042
  342.836047
  339.496339
  336.101153
  332.717064
  329.410641
  326.026551
  322.664652
  319.247276
  315.918663
  312.634432
  309.172674
  305.855156
  302.448876
  299.098072
  295.725077
  292.340987
  289.012374
  285.628284
  282.255290
  278.860105
  275.498205
  272.191783
  268.774407
  265.445794
  262.094990
  258.688710
  255.349001
  251.964911
  248.614108
  245.241113
  241.868118
  238.517315
  235.122129
  231.760230
  228.409426
  225.025336
  221.630151
  218.279347
  214.895257
  211.533358
  208.182555
  204.787369
  201.403279
  198.085762
  194.723862
  191.373059
  187.988969
  184.604879
  181.287361
  177.881081
  174.541372
  171.157282
  167.762097
  164.422389
  161.005012
  157.654209
  154.270119
  150.908220
  147.557416
  144.051277
  140.722664
  137.283097
  133.921198
  130.592585
  127.164113
  123.824405
  120.451410
  117.089511
  113.716517
  110.288045
  106.959432
  103.586438
  100.202348
   96.829353
   93.445263
   90.105555
   86.688179
   83.348470
   79.997667
   76.580291
   73.240582
   69.823206
   66.505688
   63.121599
   59.737509
   56.442182
   53.069187
   49.618525
   46.289912
   42.939108
   39.521732
   36.237501
   32.809029
   29.458225
   26.085231
   22.712236
   19.383623
   15.999533
   12.659825
    9.275735
    5.880550
    2.540841
    -.829822
   -4.200484
   -7.571147
  349.016172
  345.676464
  342.358946
  338.941570
  335.612957
  332.251058
  328.878063
  325.516164
  322.120979
  318.781270
  315.408276
  312.057472
  308.706668
  305.278197
  301.938488
  298.543303
  295.181404
  291.852791
  288.413224
  285.095706
  281.678330
  278.360813
  274.998913
  271.614824
  268.286211
  264.891025
  261.540221
  258.178322
  254.772042
  251.487810
  248.037148
  244.697440
  241.335540
  237.962546
  234.600647
  231.216557
  227.832467
  224.437282
  221.097573
  217.691292
  214.362679
  210.978589
  207.583404
  204.243696
  200.870701
  197.519897
  194.124712
  190.785004
  187.456391
  184.061205
  180.710402
  177.337407
  173.953317
  170.635800
  167.185137
  163.867620
  160.472434
  157.110535
  153.759731
  150.309069
  147.035933
  143.585271
  140.223372
  136.883663
  133.355334
  130.082197
  126.687012
  123.325113
  119.985404
  116.545838
  113.206129
  109.788753
  106.437949
  103.087146
   99.669770
   96.296775
   92.901590
   89.528595
   86.166696
   82.804797
   79.409612
   76.036617
   72.696909
   69.290628
   65.950920
   62.544639
   59.238217
   55.920699
   52.481132
   49.174710
   45.779525
   42.428721
   39.011345
   35.627255
   32.343023
   28.958933
   25.608130
   22.190754
   18.862141
   15.489146
   12.093961
    8.732062
    5.381258
    1.986072
   -1.384533
   -4.755137
   -8.125742
  348.483594
  345.154981
  341.837463
  338.475564
  335.091474
  331.718480
  328.367676
  325.005777
  321.688259
  318.281978
  314.920079
  311.591466
  308.207376
  304.856572
  301.461387
  298.088393
  294.759780
  291.331308
  288.024886
  284.607510
  281.245611
  277.928093
  274.499622
  271.193199
  267.764728
  264.402829
  261.085311
  257.690126
  254.350417
  250.966327
  247.582237
  244.275815
  240.825153
  237.518731
  234.145736
  230.728360
  227.410842
  223.982371
  220.642663
  217.291859
  213.885578
  210.556965
  207.150684
  203.799881
  200.437982
  197.076082
  193.736374
  190.318998
  186.979289
  183.617390
  180.211110
  176.882497
  173.476216
  170.114317
  166.708036
  163.312851
  159.995333
  156.589052
  153.227153
  149.776491
  146.447878
  143.130360
  139.768461
  136.395467
  133.033568
  129.671668
  126.265388
  122.947870
  119.541589
  116.057641
  112.740123
  109.311652
  106.038516
  102.687712
   99.237050
   95.841865
   92.491061
   89.129162
   85.745072
   82.349886
   79.032369
   75.692660
   72.352952
   68.957767
   65.562581
   62.222873
   58.816592
   55.443598
   52.114985
   48.686513
   45.368996
   41.973810
   38.600816
   35.238917
   31.821541
   28.470737
   25.164315
   21.735843
   18.429421
   15.045331
   11.672336
    8.321533
    4.915252
    1.586639
   -1.783012
   -5.152664
   -8.522315
  348.028683
  344.711166
  341.338171
  337.998463
  334.636564
  331.208092
  327.901670
  324.506485
  321.144586
  317.815972
  314.431883
  311.069983
  307.674798
  304.312899
  300.951000
  297.600196
  294.238297
  290.843112
  287.447926
  284.074932
  280.746319
  277.362229
  274.000330
  270.627335
  267.254341
  263.903537
  260.530542
  257.168643
  253.828935
  250.422654
  247.060755
  243.698856
  240.303670
  236.986153
  233.579872
  230.229068
  226.844978
  223.427602
  220.121180
  216.725995
  213.375191
  210.024387
  206.595916
  203.311684
  199.849927
  196.532409
  193.181605
  189.797515
  186.468902
  183.029335
  179.700722
  176.316632
  172.965829
  169.603929
  166.219840
  162.869036
  159.484946
  156.089761
  152.727861
  149.388153
  145.981872
  142.631069
  139.269169
  135.885079
  132.534276
  129.194567
  125.799382
  122.437483
  119.020107
  115.691494
  112.218641
  108.845646
  105.483747
  102.055276
   98.737758
   95.331477
   91.958483
   88.585488
   85.179208
   81.861690
   78.455409
   75.137892
   71.731611
   68.336426
   64.974526
   61.634818
   58.339491
   54.866638
   51.471453
   48.165031
   44.780941
   41.330279
   38.023856
   34.717434
   31.311153
   27.982540
   24.609546
   21.236551
   17.919033
   14.501657
   11.161949
    7.766764
    4.438151
    1.076252
   -2.294005
   -5.664262
   -9.034519
  347.562678
  344.189683
  340.805593
  337.488076
  334.115081
  330.753182
  327.380187
  324.018288
  320.678580
  317.294490
  313.899304
  310.548501
  307.197697
  303.846893
  300.473899
  297.078713
  293.705719
  290.354915
  286.981920
  283.620021
  280.235931
  276.862937
  273.501038
  270.161329
  266.766144
  263.382054
  260.031250
  256.669351
  253.285261
  249.923362
  246.583654
  243.199564
  239.837664
  236.453575
  233.058389
  229.707585
  226.367877
  222.961596
  219.632983
  216.204512
  212.853708
  209.514000
  206.118814
  202.768011
  199.383921
  196.033117
  192.682313
  189.287128
  185.947419
  182.541139
  179.201430
  175.850627
  172.433251
  169.115733
  165.698357
  162.314267
  158.985654
  155.557182
  152.228569
  148.833384
  145.493676
  142.165063
  138.681114
  135.396883
  131.979507
  128.617608
  125.333376
  121.860523
  118.543006
  115.158916
  111.774826
  108.401831
  104.995550
  101.678033
   98.293943
   94.876567
   91.536858
   88.163864
   84.813060
   81.428970
   78.055976
   74.694076
   71.332177
   67.992469
   64.586188
   61.235384
   57.851295
   54.511586
   51.116401
   47.743406
   44.370412
   40.986322
   37.635518
   34.262523
   30.856243
   27.538725
   24.121349
   20.726164
   17.408646
   14.024556
   10.684848
    7.289663
    3.938859
     .576960
   -2.792571
   -6.162101
   -9.531632
  347.063386
  343.723677
  340.295206
  336.999879
  333.604694
  330.264985
  326.914181
  323.518996
  320.201478
  316.806293
  313.444394
  310.082495
  306.709500
  303.369792
  299.963511
  296.579421
  293.239713
  289.866718
  286.515915
  283.120729
  279.758830
  276.385836
  273.023936
  269.650942
  266.255757
  262.938239
  259.543054
  256.214441
  252.896923
  249.479547
  246.139838
  242.722462
  239.438231
  236.020855
  232.636765
  229.297057
  225.879680
  222.539972
  219.144787
  215.782888
  212.454275
  209.036899
  205.686095
  202.335291
  198.962296
  195.622588
  192.160830
  188.865504
  185.503604
  182.097324
  178.746520
  175.362430
  172.011626
  168.649727
  165.232351
  161.881547
  158.497457
  155.146654
  151.784754
  148.400664
  145.072051
  141.676866
  138.303872
  134.930877
  131.568978
  128.218174
  124.822989
  121.472185
  118.099190
  114.759482
  111.297724
  107.935825
  104.618308
  101.200932
   97.827937
   94.421656
   91.081948
   87.686763
   84.225005
   80.985155
   77.645447
   74.250261
   70.910553
   67.482082
   64.164564
   60.791569
   57.374193
   54.001199
   50.650395
   47.288496
   43.882215
   40.520316
   37.136226
   33.785422
   30.412428
   27.028338
   23.688629
   20.293444
   16.953736
   13.591837
   10.218842
    6.845847
    3.495044
     .122049
   -3.247240
   -6.616528
   -9.985817
  346.619571
  343.302053
  339.895772
  336.500587
  333.194165
  329.810075
  326.425985
  323.086276
  319.702187
  316.384669
  313.011674
  309.649775
  306.310067
  302.881595
  299.564078
  296.213274
  292.829184
  289.500571
  286.049909
  282.710200
  279.370492
  275.986402
  272.635598
  269.251508
  265.889609
  262.549901
  259.154715
  255.815007
  252.419822
  249.046827
  245.707119
  242.311933
  238.950034
  235.565944
  232.181854
  228.853241
  225.491342
  222.096157
  218.700972
  215.361263
  211.988269
  208.615274
  205.275566
  201.858190
  198.540672
  195.145487
  191.816874
  188.432784
  185.070885
  181.720081
  178.302705
  174.951901
  171.590002
  168.194817
  164.888394
  161.448828
  158.086928
  154.725029
  151.340939
  147.990135
  144.594950
  141.244146
  137.860056
  134.531443
  131.158449
  127.763264
  124.401364
  121.050561
  117.644280
  114.326762
  110.920482
  107.536392
  104.163397
  100.779307
   97.417408
   94.044414
   90.704705
   87.342806
   83.958716
   80.552435
   77.212727
   73.839732
   70.455643
   67.138125
   63.754035
   60.358850
   57.008046
   53.601765
   50.250961
   46.855776
   43.471686
   40.143073
   36.758983
   33.397084
   30.012994
   26.628904
   23.311387
   19.905106
   16.587588
   13.203498
    9.830504
    6.501891
    3.095610
    -.272603
   -3.640815
   -7.009028
  349.604227
  346.231232
  342.891524
  339.551816
  336.145535
  332.794731
  329.455023
  326.104219
  322.697938
  319.380421
  316.007426
  312.656622
  309.228151
  305.855156
  302.526543
  299.142453
  295.802745
  292.418655
  289.023470
  285.683761
  282.288576
  278.971058
  275.598064
  272.180688
  268.874266
  265.456889
  262.128276
  258.755282
  255.371192
  252.086960
  248.658489
  245.274399
  241.912500
  238.528410
  235.188702
  231.793516
  228.431617
  225.058623
  221.641247
  218.334824
  214.950734
  211.577740
  208.215841
  204.876132
  201.480947
  198.107952
  194.823721
  191.417440
  188.066636
  184.649260
  181.320647
  177.958748
  174.552468
  171.212759
  167.806478
  164.433484
  161.127062
  157.709686
  154.358882
  150.974792
  147.601797
  144.239898
  140.844713
  137.549386
  134.176391
  130.770111
  127.397116
  124.046312
  120.673318
  117.289228
  113.882947
  110.543239
  107.159149
  103.808345
  100.435351
   97.040165
   93.678266
   90.316367
   86.965563
   83.581473
   80.186288
   76.835484
   73.407013
   69.989637
   66.594451
   63.254743
   59.892844
   56.464372
   53.113569
   49.729479
   46.345389
   42.983490
   39.599400
   36.292977
   32.831220
   29.491511
   26.085231
   22.712236
   19.361432
   15.988438
   12.693111
    9.320116
    5.980408
    2.651795
    -.718076
   -4.087948
   -7.457819
  349.116030
  345.776322
  342.392232
  339.074714
  335.735006
  332.284344
  328.966826
  325.593832
  322.243028
  318.903319
  315.530325
  312.146235
  308.784336
  305.389150
  302.071633
  298.676448
  295.314548
  291.930458
  288.557464
  285.173374
  281.833666
  278.438480
  275.087677
  271.714682
  268.330592
  264.979788
  261.628984
  258.255990
  254.905186
  251.510001
  248.181388
  244.808393
  241.402113
  238.073500
  234.689410
  231.305320
  227.976707
  224.537140
  221.208527
  217.824437
  214.451442
  211.089543
  207.683263
  204.387936
  201.014941
  197.608660
  194.291143
  190.873767
  187.511868
  184.161064
  180.799165
  177.448361
  174.053176
  170.680181
  167.307186
  163.900906
  160.572293
  157.188203
  153.826304
  150.475500
  147.102505
  143.740606
  140.367612
  136.983522
  133.610527
  130.237533
  126.875633
  123.535925
  120.074168
  116.723364
  113.283797
  109.866421
  106.504522
  103.164813
   99.791819
   96.385538
   93.012544
   89.628454
   86.266554
   82.904655
   79.531661
   76.125380
   72.785672
   69.434868
   66.072969
   62.633402
   59.338075
   56.009462
   52.536609
   49.141424
   45.746238
   42.417625
   38.989154
   35.749304
   32.387405
   28.970029
   25.652511
   22.268421
   18.917617
   15.566814
   12.193819
    8.831920
    5.447830
    2.119217
   -1.251660
   -4.622536
   -7.993413
  348.650025
  345.277030
  341.904035
  338.597613
  335.180237
  331.873815
  328.467534
  325.150017
  321.777022
  318.392932
  315.097605
  311.691325
  308.296139
  304.978622
  301.594532
  298.243728
  294.837447
  291.497739
  288.146935
  284.773940
  281.400946
  278.039047
  274.699338
  271.337439
  267.975540
  264.602545
  261.273932
  257.889842
  254.516848
  251.210426
  247.815240
  244.408960
  241.091442
  237.674066
  234.334358
  230.939172
  227.543987
  224.226469
  220.797998
  217.458290
  214.085295
  210.701205
  207.372592
  203.955216
  200.637698
  197.297990
  193.891709
  190.540905
  187.167911
  183.806012
  180.421922
  177.071118
  173.675933
  170.325129
  166.974325
  163.601331
  160.217241
  156.799865
  153.460156
  150.076066
  146.714167
  143.374459
  139.968178
  136.584088
  133.177807
  129.860290
  126.431818
  123.058824
  119.763497
  116.401598
  112.984222
  109.655609
  106.260423
  102.909620
   99.458957
   96.063772
   92.690778
   89.351069
   85.978075
   82.627271
   79.209895
   75.881282
   72.486097
   69.068720
   65.695726
   62.378208
   59.005214
   55.676601
   52.303606
   48.897325
   45.557617
   42.129146
   38.811628
   35.449729
   32.021257
   28.737026
   25.319650
   21.935560
   18.606947
   15.156285
   11.894244
    8.499059
    5.137159
    1.808546
   -1.560580
   -4.929707
   -8.298833
  348.228400
  344.955264
  341.560079
  338.220370
  334.891757
  331.430000
  328.134673
  324.750583
  321.366493
  318.071166
  314.620504
  311.291891
  307.985469
  304.545902
  301.239480
  297.844294
  294.471300
  291.087210
  287.736406
  284.407793
  281.001512
  277.628518
  274.288809
  270.904719
  267.553916
  264.169826
  260.807927
  257.412741
  254.073033
  250.700038
  247.349235
  244.020622
  240.614341
  237.296823
  233.846161
  230.506453
  227.155649
  223.749368
  220.431850
  216.981188
  213.619289
  210.301771
  206.840014
  203.566878
  200.171692
  196.843079
  193.447894
  190.041613
  186.701905
  183.340006
  179.967011
  176.638398
  173.198832
  169.870219
  166.508319
  163.079848
  159.751235
  156.344954
  153.005246
  149.665537
  146.270352
  142.930644
  139.513268
  136.173559
  132.811660
  129.416475
  126.054576
  122.703772
  119.264205
  115.924497
  112.496025
  109.111935
  105.816608
  102.432518
   99.015142
   95.719815
   92.291344
   88.873968
   85.556450
   82.172360
   78.766080
   75.426371
   72.042281
   68.713668
   65.373960
   61.967679
   58.639066
   55.221690
   51.870886
   48.453510
   45.102707
   41.729712
   38.323431
   35.017009
   31.588538
   28.248829
   24.920216
   21.513936
   18.174227
   14.801233
   11.439333
    8.088530
    4.715535
    1.353636
   -2.015901
   -5.385437
   -8.754974
  347.840062
  344.467068
  341.127359
  337.787651
  334.403561
  331.063852
  327.668667
  324.340054
  321.000346
  317.582970
  314.254357
  310.836980
  307.508367
  304.113182
  300.729092
  297.422670
  294.016389
  290.643395
  287.281496
  283.886310
  280.524411
  277.151417
  273.778422
  270.438714
  267.087910
  263.703820
  260.341921
  256.991117
  253.595932
