   17.985606
   14.579325
   11.217426
    7.866622
    4.460341
    1.076252
   -2.302569
   -5.681391
   -9.060212
  347.784585
  344.444877
  341.105168
  337.698888
  334.359179
  330.930708
  327.624286
  324.229100
  320.911583
  317.483111
  314.143403
  310.759313
  307.353032
  303.991133
  300.651425
  297.267335
  293.916531
  290.476964
  287.115065
  283.764261
  280.391267
  277.029367
  273.656373
  270.272283
  266.899288
  263.526294
  260.186585
  256.769209
  253.484978
  250.089793
  246.705703
  243.321613
  239.948618
  236.575624
  233.224820
  229.807444
  226.467735
  223.039264
  219.732842
  216.315466
  212.942471
  209.624954
  206.196482
  202.867869
  199.472684
  196.121880
  192.759981
  189.364796
  186.025087
  182.618806
  179.279098
  175.861722
  172.488727
  169.137924
  165.776024
  162.369744
  159.030035
  155.612659
  152.284046
  148.877766
  145.526962
  142.187253
  138.814259
  135.407978
  132.079365
  128.661989
  125.300090
  121.949286
  118.565196
  115.214392
  111.785921
  108.435117
  105.051027
  101.678033
   98.338324
   94.954234
   91.592335
   88.186055
   84.824155
   81.473352
   78.111453
   74.727363
   71.354368
   67.970278
   64.608379
   61.191003
   57.851295
   54.489395
   51.083115
   47.721216
   44.337126
   40.975226
   37.602232
   34.140474
   30.867338
   27.449962
   24.065872
   20.715068
   17.297692
   14.013461
   10.596085
    7.234186
    3.850096
     .477101
   -2.894629
   -6.266360
   -9.638090
  347.196530
  343.845726
  340.472732
  337.099737
  333.726743
  330.353748
  326.958563
  323.652141
  320.234765
  316.895056
  313.499871
  310.149067
  306.787168
  303.391983
  300.030084
  296.657089
  293.250808
  289.888909
  286.527010
  283.142920
  279.781021
  276.374740
  273.057223
  269.673133
  266.277947
  262.949334
  259.587435
  256.192250
  252.841446
  249.435165
  246.106552
  242.711367
  239.327277
  235.954283
  232.548002
  229.197198
  225.813108
  222.462304
  219.111501
  215.683029
  212.354416
  208.981422
  205.597332
  202.213242
  198.840247
  195.522730
  192.127544
  188.787836
  185.370460
  182.008561
  178.691043
  175.273667
  171.911768
  168.516583
  165.110302
  161.803880
  158.397599
  155.013509
  151.662705
  148.267520
  144.950002
  141.543722
  138.192918
  134.797733
  131.413643
  128.085030
  124.700940
  121.305754
  117.921664
  114.581956
  111.197866
  107.802681
  104.462972
  101.078882
   97.672602
   94.343989
   90.948803
   87.575809
   84.225005
   80.863106
   77.467921
   74.161498
   70.699741
   67.360032
   63.987038
   60.636234
   57.229953
   53.834768
   50.461774
   47.099874
   43.704689
   40.364981
   36.947605
   33.596801
   30.223806
   26.839716
   23.511103
   20.115918
   16.731828
   13.403215
    9.963648
    6.612845
    3.250945
    -.121317
   -3.493579
   -6.865842
  349.937088
  346.552998
  343.168908
  339.851391
  336.445110
  333.083211
  329.721312
  326.326126
  323.008609
  319.613424
  316.262620
  312.900721
  309.494440
  306.121445
  302.781737
  299.331075
  295.991366
  292.607276
  289.234282
  285.916764
  282.521579
  279.093108
  275.753399
  272.369309
  268.996315
  265.634415
  262.261421
  258.943903
  255.537623
  252.142437
  248.813824
  245.418639
  242.101121
  238.672650
  235.310751
  231.937756
  228.564762
  225.202863
  221.785486
  218.412492
  215.050593
  211.677598
  208.326794
  204.942705
  201.580805
  198.185620
  194.834816
  191.495108
  188.122113
  184.738023
  181.376124
  177.958748
  174.630135
  171.246045
  167.839765
  164.477865
  161.115966
  157.754067
  154.392168
  150.974792
  147.646179
  144.228803
  140.911285
  137.505004
  134.165296
  130.836683
  127.430402
  124.046312
  120.717699
  117.289228
  113.960615
  110.521048
  107.159149
  103.797250
  100.390969
   97.051261
   93.667171
   90.294176
   86.976659
   83.559283
   80.164097
   76.813293
   73.473585
   70.100590
   66.716501
   63.299125
   59.992702
   56.564231
   53.213427
   49.818242
   46.467438
   43.072253
   39.721449
   36.292977
   32.975460
   29.569179
   26.251661
   22.834285
   19.472386
   16.088296
   12.704206
    9.397784
    5.958217
    2.585223
    -.787013
   -4.159249
   -7.531486
  349.271366
  345.942753
  342.558663
  339.174573
  335.845960
  332.461870
  329.066685
  325.693690
  322.365077
  318.980987
  315.619088
  312.301570
  308.862003
  305.533390
  302.127110
  298.754115
  295.425502
  292.019221
  288.612941
  285.251042
  281.878047
  278.505053
  275.120963
  271.803445
  268.408260
  265.035265
  261.673366
  258.300371
  254.927377
  251.576573
  248.192483
  244.808393
  241.446494
  238.117881
  234.667219
  231.316415
  227.921230
  224.570426
  221.219622
  217.802246
  214.440347
  211.100639
  207.694358
  204.354650
  200.970560
  197.608660
  194.235666
  190.829385
  187.511868
  184.149968
  180.743688
  177.370693
  173.953317
  170.613609
  167.240614
  163.856524
  160.505720
  157.121631
  153.748636
  150.364546
  147.002647
  143.674034
  140.278849
  136.928045
  133.555050
  130.148770
  126.820157
  123.413876
  120.074168
  116.701173
  113.272702
  109.932993
  106.559999
  103.187004
   99.825105
   96.374443
   93.068020
   89.661740
   86.310936
   82.971228
   79.531661
   76.191952
   72.885530
   69.445963
   66.117350
   62.677783
   59.349170
   55.998367
   52.625372
   49.207996
   45.812811
   42.462007
   39.077917
   35.704922
   32.354119
   28.903457
   25.619225
   22.179658
   18.839950
   15.489146
   12.071770
    8.732062
    5.381258
    1.952786
   -1.419502
   -4.791790
   -8.164077
  348.638929
  345.288125
  341.970608
  338.575422
  335.169142
  331.829433
  328.423153
  325.105635
  321.699354
  318.337455
  314.997747
  311.591466
  308.262853
  304.878763
  301.505769
  298.143869
  294.737589
  291.397880
  287.991600
  284.629701
  281.245611
  277.861521
  274.499622
  271.159913
  267.742537
  264.380638
  261.029834
  257.667935
  254.250559
  250.944137
  247.537856
  244.142671
  240.747485
  237.407777
  234.079164
  230.672883
  227.288793
  223.915799
  220.509518
  217.192000
  213.785720
  210.434916
  207.050826
  203.677832
  200.360314
  196.942938
  193.614325
  190.230235
  186.857240
  183.506437
  180.100156
  176.727161
  173.365262
  169.992268
  166.630368
  163.212992
  159.839998
  156.478099
  153.149486
  149.743205
  146.370210
  143.019407
  139.657508
  136.273418
  132.944805
  129.483047
  126.176625
  122.781439
  119.430636
  116.046546
  112.662456
  109.289461
  105.927562
  102.543472
   99.181573
   95.775292
   92.491061
   89.029303
   85.689595
   82.294410
   78.965797
   75.592802
   72.219807
   68.835718
   65.473818
   62.067538
   58.761115
   55.299358
   51.959649
   48.553369
   45.224756
   41.851761
   38.445481
   35.094677
   31.699491
   28.304306
   24.964598
   21.580508
   18.229704
   14.834519
   11.494810
    8.144007
    4.715535
    1.375827
   -1.996239
   -5.368305
   -8.740371
  348.028683
  344.711166
  341.338171
  337.931891
  334.569991
  331.208092
  327.846193
  324.473199
  321.155681
  317.738305
  314.354215
  311.014507
  307.685893
  304.279613
  300.906618
  297.511433
  294.127343
  290.754349
  287.403545
  284.019455
  280.668651
  277.251275
  273.911567
  270.516381
  267.165577
  263.781488
  260.386302
  257.035498
  253.695790
  250.289509
  246.927610
  243.521330
  240.214907
  236.808627
  233.446727
  230.051542
  226.667452
  223.283362
  219.943654
  216.559564
  213.186569
  209.791384
  206.462771
  203.078681
  199.683496
  196.343787
  192.981888
  189.619989
  186.280281
  182.862905
  179.489910
  176.128011
  172.743921
  169.393117
  165.975741
  162.647128
  159.251943
  155.878948
  152.561431
  149.110769
  145.759965
  142.398066
  139.036166
  135.707553
  132.267987
  128.950469
  125.555284
  122.226671
  118.842581
  115.414109
  112.107687
  108.701406
  105.317316
  101.977608
   98.560232
   95.231619
   91.847529
   88.496725
   85.068254
   81.706355
   78.399932
   74.960366
   71.609562
   68.269853
   64.852477
   61.479483
   58.095393
   54.800066
   51.349404
   47.987505
   44.603415
   41.219325
   37.912902
   34.484431
   31.089246
   27.738442
   24.343257
   21.014644
   17.575077
   14.257559
   10.862374
    7.489379
    4.160766
     .743390
   -2.627697
   -5.998784
   -9.369871
  347.473915
  344.067634
  340.739021
  337.343836
  333.970841
  330.675514
  327.235947
  323.896239
  320.523244
  317.161345
  313.799446
  310.426452
  307.064552
  303.658272
  300.274182
  296.945569
  293.539288
  290.177389
  286.782204
  283.420304
  280.036215
  276.629934
  273.245844
  269.950517
  266.510950
  263.193433
  259.798247
  256.447444
  253.074449
  249.701454
  246.317365
  242.933275
  239.582471
  236.165095
  232.781005
  229.474583
  226.046111
  222.695307
  219.289027
  215.938223
  212.565228
  209.158948
  205.819239
  202.457340
  199.084346
  195.711351
  192.316166
  189.009743
  185.658940
  182.263754
  178.857474
  175.473384
  172.133675
  168.727395
  165.365496
  161.970310
  158.641697
  155.235417
  151.906803
  148.467237
  145.160814
  141.732343
  138.392635
  135.030735
  131.646645
  128.351319
  124.945038
  121.549853
  118.176858
  114.803864
  111.475251
  108.024588
  104.684880
  101.289695
   97.905605
   94.588087
   91.170711
   87.797716
   84.446913
   81.062823
   77.734210
   74.350120
   70.966030
   67.593035
   64.197850
   60.847046
   57.462956
   54.078866
   50.694777
   47.355068
   43.959883
   40.564698
   37.169512
   33.851995
   30.423523
   27.139292
   23.699725
   20.348921
   16.964831
   13.591837
   10.252128
    6.834752
    3.472853
     .110954
   -3.261688
   -6.634329
  -10.006971
  346.808192
  343.435197
  340.062203
  336.744685
  333.338405
  329.987601
  326.625702
  323.197230
  319.890808
  316.495623
  313.122628
  309.760729
  306.343353
  303.059121
  299.630650
  296.257655
  292.895756
  289.489476
  286.183053
  282.787868
  279.381587
  276.019688
  272.657789
  269.273699
  265.867418
  262.549901
  259.165811
  255.792816
  252.430917
  249.080113
  245.684928
  242.323029
  238.961130
  235.554849
  232.159664
  228.842146
  225.413675
  222.040680
  218.689876
  215.305786
  211.943887
  208.548702
  205.231184
  201.813808
  198.463004
  195.112201
  191.728111
  188.355116
  184.937740
  181.642413
  178.236133
  174.863138
  171.512334
  168.083863
  164.788536
  161.348969
  157.998165
  154.602980
  151.241081
  147.879182
  144.506187
  141.122097
  137.771293
  134.376108
  131.058591
  127.674501
  124.312601
  120.895225
  117.511135
  114.171427
  110.765146
  107.403247
  104.052443
  100.646163
   97.306454
   93.889078
   90.571561
   87.209661
   83.758999
   80.452577
   77.068487
   73.695493
   70.333593
   66.960599
   63.565414
   60.214610
   56.797234
   53.490811
   50.017959
   46.711536
   43.316351
   39.965547
   36.581457
   33.164081
   29.802182
   26.440283
   23.089479
   19.694294
   16.332395
   12.970495
    9.597501
    6.224506
    2.862607
    -.509917
   -3.882441
   -7.254965
  349.515464
  346.186851
  342.758379
  339.429766
  336.056772
  332.683777
  329.310783
  325.926693
  322.631366
  319.213990
  315.896472
  312.479096
  309.128292
  305.699821
  302.360113
  299.020404
  295.625219
  292.196748
  288.879230
  285.428568
  282.155432
  278.738055
  275.365061
  272.036448
  268.607976
  265.268268
  261.906369
  258.544470
  255.160380
  251.776290
  248.458772
  245.063587
  241.646211
  238.306502
  234.866936
  231.571609
  228.176423
  224.792334
  221.430434
  218.046344
  214.673350
  211.311451
  207.916265
  204.598748
  201.170276
  197.863854
  194.490860
  191.106770
  187.755966
  184.371876
  180.998881
  177.648078
  174.219606
  170.902089
  167.517999
  164.133909
  160.727628
  157.354633
  153.981639
  150.641931
  147.246745
  143.895941
  140.534042
  137.194334
  133.788053
  130.403963
  127.097541
  123.702356
  120.307170
  116.911985
  113.572277
  110.177091
  106.826288
  103.386721
  100.069203
   96.674018
   93.312119
   89.939124
   86.577225
   83.237517
   79.831236
   76.447146
   73.129628
   69.701157
   66.394735
   62.977359
   59.626555
   56.231370
   52.836184
   49.485380
   46.090195
   42.717201
   39.344206
   35.937925
   32.576026
   29.225222
   25.830037
   22.501424
   19.072953
   15.766530
   12.371345
    8.976160
    5.636451
    2.252361
   -1.119468
   -4.491298
   -7.863127
  348.927409
  345.532224
  342.203611
  338.830616
  335.424335
  332.106818
  328.733823
  325.338638
  321.998930
  318.603744
  315.286227
  311.868851
  308.484761
  305.167243
  301.716581
  298.387968
  295.003878
  291.653074
  288.268984
  284.862703
  281.478614
  278.161096
  274.721529
  271.392916
  267.986635
  264.691308
  261.262837
  257.912033
  254.516848
  251.210426
  247.826336
  244.397864
  241.035965
  237.685161
  234.312167
  230.950268
  227.555082
  224.204279
  220.797998
  217.425003
  214.052009
  210.679014
  207.317115
  203.944121
  200.582221
  197.198132
  193.847328
  190.496524
  187.101339
  183.750535
  180.355350
  176.993450
  173.653742
  170.247461
  166.874467
  163.479281
  160.161764
  156.733292
  153.371393
  149.987303
  146.625404
  143.296791
  139.945987
  136.528611
  133.177807
  129.760431
  126.465105
  123.058824
  119.674734
  116.301739
  112.928745
  109.600132
  106.171660
  102.809761
   99.447862
   96.052677
   92.724064
   89.339974
   85.966979
   82.593985
   79.209895
   75.859091
   72.452810
   69.146388
   65.729012
   62.333827
   58.983023
   55.598933
   52.237034
   48.841849
   45.468854
   42.084764
   38.722865
   35.349870
   31.954685
   28.559500
   25.219791
   21.857892
   18.473802
   15.067522
   11.772195
    8.365914
    4.992920
    1.597734
   -1.774333
   -5.146400
   -8.518467
  348.306068
  344.933073
  341.571174
  338.242561
  334.825185
  331.463286
  328.079196
  324.739488
  321.366493
  318.015689
  314.598313
  311.291891
  307.896706
  304.534806
  301.139621
  297.733341
  294.382537
  291.009542
  287.636548
  284.263553
  280.879463
  277.506469
  274.155665
  270.771575
  267.398580
  264.003395
  260.663687
  257.279597
  253.906602
  250.544703
  247.193899
  243.809809
  240.447910
  237.041630
  233.690826
  230.317831
  226.911551
  223.538556
  220.165561
  216.792567
  213.441763
  210.057673
  206.706869
  203.300589
  199.949785
  196.621172
  193.214891
  189.908469
  186.457807
  183.129194
  179.722913
  176.349919
  172.954733
  169.592834
  166.208744
  162.880131
  159.462755
  156.134142
  152.694575
  149.365962
  146.004063
  142.653259
  139.235883
  135.873984
  132.523180
  129.161281
  125.777191
  122.415292
  119.031202
  115.724780
  112.274118
  108.912218
  105.528129
  102.155134
   98.837616
   95.431336
   92.058341
   88.652060
   85.312352
   81.939358
   78.577458
   75.182273
   71.820374
   68.436284
   65.096576
   61.668104
   58.317300
   54.922115
   51.593502
   48.187221
   44.792036
   41.474518
   38.057142
   34.684148
   31.322249
   27.927063
   24.576260
   21.169979
   17.808080
   14.457276
   11.084281
    7.722382
    4.316102
    1.020775
   -2.351335
   -5.723445
   -9.095555
  347.651441
  344.333923
  340.960928
  337.587934
  334.170558
  330.830849
  327.480046
  324.051574
  320.722961
  317.372157
  313.988067
  310.603978
  307.230983
  303.891275
  300.496089
  297.145286
  293.761196
  290.399296
  287.037397
  283.653307
  280.247027
  276.874032
  273.523228
  270.161329
  266.777239
  263.437531
  259.997964
  256.691542
  253.263070
  249.934457
  246.594749
  243.210659
  239.793283
  236.431384
  233.047294
  229.718681
  226.279114
  222.950501
  219.566411
  216.171226
  212.809327
  209.414141
  206.118814
  202.723629
  199.350635
  195.977640
  192.615741
  189.253842
  185.869752
  182.496757
  179.134858
  175.728577
  172.411060
  168.993684
  165.620689
  162.269885
  158.896891
  155.512801
  152.139806
  148.755716
  145.393817
  142.043014
  138.670019
  135.285929
  131.901839
  128.562131
  125.200232
  121.816142
  118.443147
  115.059057
  111.674967
  108.301973
  104.951169
  101.533793
   98.149703
   94.821090
   91.414809
   88.052910
   84.657725
   81.318016
   77.956117
   74.583123
   71.221224
   67.803848
   64.475234
   61.091145
   57.751436
   54.311869
   50.961066
   47.621357
   44.226172
   40.808796
   37.469087
   34.107188
   30.745289
   27.339008
   23.977109
   20.593019
   17.197834
   13.869221
   10.462940
    7.101041
    3.683665
     .377243
   -2.994970
   -6.367182
   -9.739395
  347.041195
  343.690391
  340.317397
  336.900021
  333.593598
  330.231699
  326.836514
  323.496805
  320.068334
  316.728626
  313.366726
  309.993732
  306.598547
  303.214457
  299.874748
  296.479563
  293.128759
  289.766860
  286.349484
  283.020871
  279.603495
  276.252691
  272.890792
  269.484511
  266.155898
  262.782904
  259.387718
  256.036915
  252.652825
  249.335307
  245.884645
  242.556032
  239.149751
  235.787852
  232.403762
  229.030767
  225.657773
  222.273683
  218.933975
  215.527694
  212.176890
  208.803896
  205.475283
  202.080097
  198.718198
  195.311917
  191.994400
  188.554833
  185.237315
  181.864321
  178.513517
  175.096141
  171.712051
  168.383438
  164.954967
  161.593067
  158.208978
  154.869269
  151.518465
  148.089994
  144.739190
  141.399482
  138.015392
  134.686779
  131.236117
  127.918599
  124.534509
  121.172610
  117.777425
  114.382239
  111.064722
  107.669536
  104.285446
  100.923547
   97.517267
   94.166463
   90.793468
   87.442664
   84.058574
   80.663389
   77.334776
   73.928495
   70.599882
   67.182506
   63.820607
   60.447613
   57.041332
   53.646147
   50.328629
   46.933444
   43.593735
   40.143073
   36.847746
   33.441466
   30.035185
   26.684381
   23.289196
   19.971678
   16.565398
   13.214594
    9.819408
    6.435319
    3.073419
    -.298960
   -3.671339
   -7.043718
  349.748467
  346.419854
  343.035764
  339.751532
  336.267584
  332.950066
  329.599263
  326.237363
  322.842178
  319.502470
  316.151666
  312.745385
  309.383486
  305.988301
  302.615306
  299.297789
  295.913699
  292.485227
  289.145519
  285.739238
  282.443911
  278.982154
  275.653541
  272.280546
  268.874266
  265.556748
  262.161563
  258.799663
  255.404478
  252.020388
  248.713966
  245.296590
  242.001263
  238.550601
  235.210892
  231.871184
  228.420522
  225.125195
  221.685628
  218.334824
  214.950734
  211.588835
  208.215841
  204.865037
  201.447661
  198.107952
  194.723862
  191.384154
  187.955683
  184.638165
  181.254075
  177.892176
  174.508086
  171.135091
  167.739906
  164.389102
  160.982822
  157.676399
  154.236833
  150.874933
  147.557416
  144.140040
  140.811427
  137.382955
  134.043247
  130.670252
  127.275067
  123.946454
  120.551269
  117.156083
  113.794184
  110.410094
  107.037100
  103.664105
  100.313301
   96.929212
   93.478549
   90.183222
   86.810228
   83.437233
   80.097525
   76.691244
   73.318250
   69.967446
   66.572261
   63.210362
   59.770795
   56.486563
   53.080283
   49.718383
   46.345389
   42.950204
   39.577209
   36.193119
   32.786838
   29.413844
   26.051945
   22.712236
   19.283765
   15.955152
   12.571062
    9.198067
    5.836168
    2.429888
    -.942616
   -4.315120
   -7.687624
  349.104935
  345.787417
  342.447709
  339.041428
  335.679529
  332.317630
  328.944635
  325.593832
  322.220837
  318.836747
  315.463753
  312.101853
  308.784336
  305.378055
  302.016156
  298.632066
  295.236881
  291.874982
  288.513082
  285.095706
  281.767093
  278.338622
  275.010009
  271.637014
  268.275115
  264.902121
  261.495840
  258.167227
  254.772042
  251.387952
  248.070434
  244.630867
  241.246777
  237.929260
  234.545170
  231.194366
  227.765895
  224.415091
  221.008810
  217.669102
  214.273916
  210.889826
  207.561213
  204.154933
  200.837415
  197.431134
  194.080331
  190.718431
  187.312151
  183.983538
  180.588352
  177.204263
  173.842363
  170.436083
  167.118565
  163.712284
  160.372576
  156.944105
  153.560015
  150.209211
  146.847312
  143.463222
  140.090227
  136.706137
  133.388620
  130.015625
  126.609344
  123.247445
  119.863355
  116.556933
  113.139557
  109.755467
  106.382473
  103.020573
   99.603197
   96.241298
   92.868304
   89.539691
   86.133410
   82.771511
   79.409612
   76.069903
   72.663623
   69.279533
   65.884347
   62.533544
   59.171644
   55.798650
   52.414560
   49.030470
   45.668571
   42.262290
   38.867105
   35.505206
   32.187688
   28.759217
   25.386222
   22.013228
   18.662424
   15.278334
   11.949721
    8.532345
    5.159350
    1.808546
   -1.563750
   -4.936045
   -8.308341
  348.505785
  345.132790
  341.781986
  338.397896
  335.024902
  331.663003
  328.334390
  324.928109
  321.555114
  318.193215
  314.820221
  311.469417
  308.063136
  304.723428
  301.317147
  297.944153
  294.615540
  291.220354
  287.825169
  284.485461
  281.090275
  277.750567
  274.355382
  270.993482
  267.587202
  264.258589
  260.852308
  257.490409
  254.117414
  250.766611
  247.371425
  243.998431
  240.603245
  237.274632
  233.912733
  230.539739
  227.155649
  223.738273
  220.431850
  217.014474
  213.652575
  210.224104
  206.939872
  203.555782
  200.138406
  196.798698
  193.425703
  190.041613
  186.668619
  183.295624
  179.933725
  176.560731
  173.198832
  169.814742
  166.408461
  163.068753
  159.673567
  156.356050
  152.927578
  149.576774
  146.214875
  142.830785
  139.435600
  136.084796
  132.722897
  129.394284
  125.999099
  122.637200
  119.242014
  115.869020
  112.540407
  109.134126
  105.738941
  102.354851
   98.981856
   95.653243
   92.269153
   88.862873
   85.512069
   82.127979
   78.799366
   75.359799
   72.020091
   68.624905
   65.307388
   61.890012
   58.494826
   55.166213
   51.771028
   48.386938
   45.002848
   41.618758
   38.267955
   34.883865
   31.488679
   28.126780
   24.753786
   21.414077
   17.974510
   14.634802
   11.272903
    7.922099
    4.560200
    1.142824
   -2.229780
   -5.602383
   -8.974987
  347.862253
  344.500354
  341.160645
  337.754365
  334.392465
  331.041662
  327.657572
  324.340054
  320.922678
  317.616256
  314.154498
  310.825885
  307.441795
  304.113182
  300.717997
  297.333907
  294.005294
  290.599013
  287.226019
  283.808643
  280.446743
  277.084844
  273.700754
  270.349951
  266.988051
  263.603962
  260.264253
  256.857972
  253.518264
  250.111983
  246.750084
  243.365994
  240.015191
  236.620005
  233.213725
  229.907302
  226.512117
  223.128027
  219.766128
  216.393133
  213.020139
  209.624954
  206.274150
  202.934441
  199.539256
  196.166261
  192.782172
  189.475749
  186.058373
  182.685379
  179.323480
  175.939390
  172.599681
  169.182305
  165.809311
  162.425221
  159.030035
  155.690327
  152.284046
  148.922147
  145.593534
  142.176158
  138.858640
  135.430169
  132.079365
  128.728561
  125.344471
  121.993668
  118.620673
  115.247679
  111.885779
  108.468403
  105.117600
  101.722414
   98.349420
   94.987521
   91.603431
   88.263722
   84.813060
   81.539924
   78.111453
   74.771744
   71.387654
   68.003564
   64.663856
   61.268671
   57.873485
   54.544872
   51.083115
   47.787788
   44.381507
   40.997417
   37.624423
   34.240333
   30.911720
   27.494344
   24.143540
   20.770545
   17.408646
   14.013461
   10.651562
    7.267472
    3.938859
     .499292
   -2.873325
   -6.245943
   -9.618560
  347.263102
  343.879013
  340.517113
  337.155214
  333.793315
  330.409225
  327.047326
  323.685427
  320.301337
  316.950533
  313.621920
  310.204544
  306.842645
  303.436364
  300.096656
  296.701470
  293.361762
  289.922195
  286.560296
  283.220588
  279.814307
  276.463503
  273.079413
  269.750800
  266.366710
  262.971525
  259.598531
  256.269917
  252.863637
  249.523928
  246.095457
  242.789035
  239.382754
  235.998664
  232.614574
  229.252675
  225.901871
  222.473400
  219.100405
  215.749601
  212.409893
  209.003612
  205.641713
  202.302005
  198.917915
  195.522730
  192.171926
  188.776741
  185.425937
  182.041847
  178.713234
  175.295858
  171.922863
  168.538773
  165.187970
  161.814975
  158.397599
  155.068986
  151.662705
  148.322997
  144.938907
  141.543722
  138.215109
  134.886496
  131.469119
  128.140506
  124.712035
  121.372327
  117.988237
  114.637433
  111.220057
  107.835967
  104.474068
  101.101073
   97.716983
   94.332893
   91.015376
   87.631286
   84.258291
   80.863106
   77.512302
   74.117117
   70.821790
   67.382223
   64.009229
   60.647329
   57.263240
   53.890245
   50.483964
   47.144256
   43.749071
   40.387171
   37.014177
   33.618992
   30.257092
   26.906289
   23.511103
   20.138109
   16.787305
   13.436501
   10.041316
    6.646131
    3.262041
    -.110522
   -3.483086
   -6.855649
  349.981470
  346.608475
  343.246576
  339.895772
  336.478396
  333.127592
  329.810075
  326.425985
  323.064086
  319.635614
  316.340287
  312.956197
  309.572108
  306.199113
  302.837214
  299.486410
  296.069034
  292.729326
  289.311950
  285.961146
  282.588151
  279.204061
  275.831067
  272.491358
  269.051792
  265.734274
  262.327993
  259.010476
  255.615290
  252.209010
  248.869301
  245.518497
  242.200980
  238.761413
  235.377323
  231.959947
  228.609143
  225.258339
  221.896440
  218.479064
  215.128260
  211.733075
  208.404462
  205.009277
  201.658473
  198.263288
  194.890293
  191.572775
  188.155399
  184.793500
  181.420506
  178.058607
  174.652326
  171.312617
  167.917432
  164.555533
  161.127062
  157.831735
  154.403263
  151.074650
  147.690560
  144.273184
  140.944571
  137.604863
  134.198582
  130.847778
  127.430402
  124.079599
  120.739890
  117.344705
  114.004996
  110.554334
  107.214626
  103.830536
  100.479732
   97.073451
   93.700457
   90.394035
   86.998849
   83.592569
   80.219574
   76.868770
   73.517967
   70.167163
   66.727596
   63.398983
   59.992702
   56.664089
   53.213427
   49.884814
   46.500724
   43.116634
   39.732544
   36.359550
   32.997651
   29.613561
   26.240566
   22.900858
   19.472386
   16.165964
   12.770779
    9.386689
    6.024790
    2.596318
    -.776349
   -4.149015
   -7.521682
  349.304652
  345.987134
  342.625235
  339.218954
  335.879246
  332.517347
  329.133257
  325.804644
  322.376172
  319.036464
  315.696756
  312.290475
  308.950766
  305.533390
  302.260254
  298.831783
  295.480979
  292.041412
  288.712799
  285.339805
  281.944619
  278.604911
  275.187535
  271.847826
  268.474832
  265.124028
  261.717747
  258.378039
  254.960663
  251.632050
  248.225769
  244.897156
  241.479780
  238.117881
  234.722696
  231.349701
  228.021088
  224.592617
  221.219622
  217.846628
  214.495824
  211.167211
  207.749835
  204.343554
  201.037132
  197.630851
  194.302238
  190.884862
  187.522963
  184.138873
  180.799165
  177.426170
  174.030985
  170.657990
  167.296091
  163.900906
  160.561197
  157.132726
  153.737541
  150.453309
  147.035933
  143.718415
  140.301039
  136.972426
  133.588336
  130.204247
  126.864538
  123.458257
  120.085263
  116.734459
  113.350369
  109.999565
  106.582189
  103.209195
   99.858391
   96.474301
   93.123497
   89.739407
   86.388604
   82.971228
   79.642615
   76.258525
   72.885530
   69.534726
   66.150636
   62.744356
   59.393552
   56.009462
   52.625372
   49.263473
   45.846097
   42.517484
   39.111203
   35.782590
   32.365214
   28.981124
   25.641416
   22.257326
   18.906522
   15.511337
   12.127247
    8.787538
    5.414544
    2.008263
   -1.363279
   -4.734821
   -8.106363
  348.727692
  345.387984
  341.992798
  338.653090
  335.269000
  331.918196
  328.523011
  325.183303
  321.765927
  318.448409
  315.064319
  311.702420
  308.307235
  304.956431
  301.550150
  298.154965
  294.826352
  291.442262
  288.080363
  284.685177
  281.345469
  277.950284
  274.610575
  271.215390
  267.820205
  264.447210
  261.085311
  257.745603
  254.350417
  250.999614
  247.626619
  244.253624
  240.869535
  237.485445
  234.101355
  230.750551
  227.333175
  223.982371
  220.587186
  217.258573
  213.863387
  210.501488
  207.128494
  203.744404
  200.426886
  196.998415
  193.647611
  190.274616
  186.901622
  183.528627
  180.166728
  176.793734
  173.431834
  170.047745
  166.685845
  163.279565
  159.973142
  156.533576
  153.204963
  149.820873
  146.414592
  143.085979
  139.712984
  136.339990
  132.955900
  129.627287
  126.254292
  122.848012
  119.486113
  116.124213
  112.695742
  109.344938
  105.949753
  102.598949
   99.214859
   95.852960
   92.479965
   89.129162
   85.767263
   82.372077
   79.032369
   75.614993
   72.241998
   68.924481
   65.496009
   62.123015
   58.783306
   55.377026
   52.026222
   48.597750
   45.291328
   41.873952
   38.512053
   35.150154
   31.754968
   28.359783
   24.986789
   21.702557
   18.251895
   14.901091
   11.539192
    8.132911
    4.793203
    1.398017
   -1.974383
   -5.346782
   -8.719182
  348.095256
  344.733357
  341.382553
  338.020654
  334.625468
  331.274665
  327.901670
  324.561962
  321.166776
  317.804877
  314.431883
  311.058888
  307.674798
  304.268517
  300.939904
  297.600196
  294.193915
  290.809825
  287.425735
  284.063836
  280.701937
  277.295656
  273.978139
  270.571858
  267.232150
  263.825869
  260.463970
  257.102071
  253.740172
  250.378272
  246.971992
  243.643379
  240.248193
  236.875199
  233.502204
  230.084828
  226.756215
  223.361030
  219.999131
  216.592850
  213.230951
  209.913433
  206.507153
  203.167444
  199.783354
  196.399264
  193.081747
  189.686561
  186.313567
  182.907286
  179.578673
  176.205679
  172.788303
  169.426403
  166.075600
  162.702605
  159.340706
  155.934425
  152.594717
  149.166245
  145.804346
  142.486829
  139.069453
  135.763030
  132.334559
  128.939374
  125.644047
  122.237766
  118.831485
  115.480682
  112.118782
  108.767979
  105.328412
  101.999799
   98.604613
   95.264905
   91.903006
   88.474534
   85.134826
   81.772927
   78.411028
   75.038033
   71.665039
   68.292044
   64.907954
   61.523864
   58.184156
   54.766780
   51.438167
   48.031886
   44.658892
   41.274802
   37.879616
   34.562099
   31.133627
   27.805014
   24.432020
   21.047930
   17.674935
   14.301941
   10.917851
    7.544856
    4.171862
     .809963
   -2.562092
   -5.934147
   -9.306203
  347.485010
  344.145302
  340.783402
  337.421503
  334.004127
  330.642228
  327.324710
  323.940620
  320.556531
  317.216822
  313.832732
  310.459738
  307.086743
  303.724844
  300.351849
  296.945569
  293.639146
  290.210675
  286.893157
  283.486877
  280.080596
  276.740888
  273.378988
  269.983803
  266.621904
  263.204528
  259.898106
  256.536207
  253.141021
  249.768027
  246.350651
  243.055324
  239.615757
  236.298239
  232.847577
  229.507869
  226.179256
  222.772975
  219.355599
  216.015891
  212.642896
  209.269901
  205.885812
  202.546103
  199.162013
  195.766828
  192.449310
  189.009743
  185.736607
  182.330327
  178.957332
  175.551051
  172.200248
  168.849444
  165.409877
  162.070169
  158.686079
  155.324180
  151.951185
  148.589286
  145.238482
  141.810011
  138.448111
  135.108403
  131.702122
  128.351319
  124.989419
  121.682997
  118.243430
  114.859340
  111.475251
  108.102256
  104.729261
  101.367362
   98.027654
   94.621373
   91.292760
   87.886479
   84.502390
   81.162681
   77.756400
   74.405597
   71.021507
   67.670703
   64.319899
   60.902523
   57.551719
   54.156534
   50.761349
   47.410545
   44.004264
   40.653461
   37.258275
   33.918567
   30.512286
   27.150387
   23.766297
   20.426589
   17.075785
   13.647313
   10.285414
    6.923515
    3.561616
     .155335
   -3.217159
   -6.589652
   -9.962146
  346.874764
  343.546151
  340.139871
  336.800162
  333.416072
  330.065268
  326.714465
  323.274898
  319.990666
  316.584386
  313.189200
  309.827301
  306.498688
  303.092408
  299.697222
  296.346418
  293.006710
  289.589334
  286.249626
  282.832249
  279.503636
  276.108451
  272.746552
  269.395748
  265.978372
  262.660855
  259.243478
  255.870484
  252.486394
  249.146686
  245.762596
  242.367410
  239.038797
  235.643612
  232.270618
  228.886528
  225.513533
  222.162729
  218.756449
  215.383454
  212.054841
  208.681846
  205.297757
  201.891476
  198.551767
  195.145487
  191.816874
  188.443879
  185.059789
  181.697890
  178.269419
  174.985187
  171.578907
  168.172626
  164.832917
  161.448828
  158.098024
  154.680648
  151.363130
  147.979040
  144.561664
  141.210860
  137.837866
  134.442680
  131.114067
  127.718882
  124.423555
  120.972893
  117.655375
  114.249095
  110.831719
  107.514201
  104.107920
  100.757117
   97.384122
   94.000032
   90.682514
   87.276234
   83.858858
   80.519149
   77.157250
   73.839732
   70.377975
   67.027171
   63.687463
   60.270087
   56.919283
   53.557384
   50.151103
   46.778109
   43.382923
   40.043215
   36.659125
   33.275035
   29.913136
   26.540141
   23.178242
   19.794152
   16.443348
   13.037068
    9.664073
    6.324365
    2.951370
    -.421081
   -3.793531
   -7.165982
  349.626418
  346.264519
  342.902619
  339.540720
  336.156630
  332.828017
  329.421737
  326.093124
  322.675748
  319.291658
  315.985235
  312.567859
  309.239246
  305.821870
  302.471066
  299.109167
  295.713982
  292.352083
  288.979088
  285.594998
  282.210908
  278.826818
  275.487110
  272.125211
  268.718930
  265.390317
  261.984037
  258.666519
  255.249143
  251.898339
  248.525344
  245.174541
  241.779355
  238.406361
  235.044462
  231.638181
  228.276282
  224.858906
  221.485911
  218.124012
  214.762113
  211.411309
  208.027219
  204.643129
  201.303421
  197.952617
  194.568527
  191.162247
  187.778157
  184.482830
  181.065454
  177.714650
  174.319465
  170.957565
  167.584571
  164.200481
  160.838582
  157.476683
  154.037116
  150.752884
  147.368794
  143.962514
  140.622805
  137.216525
  133.887912
  130.470536
  127.108636
  123.757833
  120.407029
  117.045130
  113.594467
  110.243664
  106.881765
  103.486579
  100.146871
   96.718399
   93.378691
   90.016792
   86.632702
   83.270803
   79.864522
   76.558100
   73.162914
   69.823206
   66.428021
   63.021740
   59.704222
   56.320133
   52.924947
   49.551953
   46.167863
   42.805964
   39.399683
   35.993402
   32.653694
   29.280699
   25.940991
   22.523615
   19.172811
   15.844198
   12.415727
    9.076018
    5.658642
    2.385506
    -.986294
   -4.358094
   -7.729895
  349.005077
  345.698654
  342.303469
  338.952665
  335.535289
  332.162295
  328.844777
  325.449592
  322.076597
  318.703603
  315.341703
  311.979804
  308.595714
  305.222720
  301.838630
  298.510017
  295.103736
  291.686360
  288.346652
  284.962562
  281.589567
  278.227668
  274.865769
  271.492774
  268.130875
  264.724595
  261.395982
  258.000796
  254.627802
  251.243712
  247.892908
  244.519913
  241.113633
  237.762829
  234.412025
  231.050126
  227.643845
  224.281946
  220.875666
  217.547053
  214.129676
  210.756682
  207.405878
  204.021788
  200.693175
  197.331276
  193.947186
  190.552001
  187.167911
  183.850393
  180.477399
  177.093309
  173.698123
  170.291843
  166.963230
  163.590235
  160.195050
  156.844246
  153.437965
  150.109352
  146.658690
  143.330077
  139.968178
  136.628470
  133.255475
  129.849194
  126.542772
  123.125396
  119.774592
  116.390502
  112.995317
  109.655609
  106.249328
  102.854143
   99.525530
   96.141440
   92.779541
   89.339974
   86.022456
   82.660557
   79.276467
   75.925663
   72.519383
   69.224056
   65.784489
   62.411494
   59.027404
   55.665505
   52.325797
   48.886230
   45.546522
   42.162432
   38.789437
   35.394252
   32.043448
   28.659358
   25.297459
   21.924465
   18.540375
   15.167380
   11.838767
    8.454677
    5.070587
    1.697593
   -1.674825
   -5.047242
   -8.419660
  348.372640
  345.010741
  341.671033
  338.353515
  334.902853
  331.552049
  328.179054
  324.828251
  321.444161
  318.115548
  314.731458
  311.336272
  307.963278
  304.623569
  301.239480
  297.833199
  294.449109
  291.076114
  287.747501
  284.341221
  280.968226
  277.584136
  274.222237
  270.871433
  267.509534
  264.092158
  260.752450
  257.346169
  254.028651
  250.600180
  247.227185
  243.898572
  240.503387
  237.141488
  233.701921
  230.406594
  227.000314
  223.627319
  220.221038
  216.859139
  213.530526
  210.135341
  206.784537
  203.411543
  200.060739
  196.665553
  193.270368
  189.919564
  186.579856
  183.195766
  179.833867
  176.394300
  173.054592
  169.692692
  166.286412
  162.935608
  159.540423
  156.222905
  152.805529
  149.443630
  146.092826
  142.697641
  139.402314
  135.984938
  132.589753
  129.216758
  125.865954
  122.515150
  119.131060
  115.702589
  112.362881
  108.989886
  105.605796
  102.221706
   98.837616
   95.497908
   92.102723
   88.751919
   85.334543
   82.050311
   78.621840
   75.282131
   71.875851
   68.558333
   65.185339
   61.790153
   58.417159
   55.021973
   51.648979
   48.287080
   44.880799
   41.474518
   38.134810
   34.750720
   31.388821
   27.971445
   24.676118
   21.280933
   17.885747
   14.534944
   11.161949
    7.822241
    4.404865
    1.042965
   -2.329672
   -5.702308
   -9.074945
  347.729108
  344.356114
  340.994215
  337.665602
  334.259321
  330.908517
  327.535523
  324.151433
  320.789533
  317.427634
  314.010258
  310.737122
  307.353032
  303.957847
  300.562662
  297.167476
  293.849959
  290.454773
  287.070683
  283.708784
  280.346885
  276.984986
  273.567610
  270.194615
  266.821621
  263.448626
  260.086727
  256.713733
  253.340738
  250.001030
  246.594749
  243.221754
  239.848760
  236.475765
  233.080580
  229.707585
  226.356782
  222.972692
  219.588602
  216.193417
  212.875899
  209.458523
  206.107719
  202.779106
  199.372825
  195.999831
  192.615741
  189.287128
  185.903038
  182.552234
  179.179240
  175.772959
  172.433251
  169.049161
  165.631785
  162.280981
  158.885795
  155.546087
  152.150902
  148.789003
  145.438199
  142.031918
  138.692210
  135.308120
  131.946221
  128.573226
  125.200232
  121.860523
  118.443147
  115.114534
  111.708253
  108.346354
  104.928978
  101.600365
   98.216275
   94.876567
   91.459191
   88.108387
   84.713202
   81.362398
   78.011594
   74.605313
   71.298891
   67.892611
   64.530711
   61.102240
   57.751436
   54.367346
   50.994352
   47.632453
   44.192886
   40.886463
   37.491278
   34.140474
   30.734194
   27.416676
   24.010395
   20.648496
   17.264406
   13.858126
   10.540608
    7.134327
    3.783523
     .432720
   -2.939757
   -6.312235
   -9.684712
  347.118863
  343.756963
  340.383969
  337.022070
  333.660171
  330.309367
  326.914181
  323.496805
  320.179288
  316.817389
  313.444394
  310.071399
  306.676214
  303.336506
  299.952416
  296.601612
  293.217522
  289.822337
  286.482628
  283.098539
  279.714449
  276.330359
  272.957364
  269.606560
  266.222470
  262.871667
  259.509768
  256.103487
  252.785969
  249.368593
  245.995599
  242.633699
  239.249610
  235.865520
  232.470334
  229.097340
  225.735441
  222.373541
  219.000547
  215.583171
  212.232367
  208.859373
  205.486378
  202.113383
  198.740389
  195.411776
  192.016591
  188.643596
  185.270601
  181.875416
  178.535708
  175.162713
  171.789719
  168.383438
  165.010443
  161.681830
  158.264454
  154.913651
  151.540656
  148.156566
  144.827953
  141.432768
  138.048678
  134.675683
  131.291593
  127.985171
  124.567795
  121.183705
  117.855092
  114.437716
  111.120198
  107.680632
  104.352019
  100.945738
   97.583839
   94.221940
   90.826754
   87.487046
   84.069670
   80.741057
   77.356967
   73.950686
   70.610978
   67.237983
   63.853893
   60.514185
   57.074618
   53.734910
   50.384106
   46.977825
   43.638117
   40.198550
   36.869937
   33.441466
   30.123948
   26.750953
   23.344673
   20.027155
   16.587588
   13.214594
    9.863790
    6.490795
    3.128896
    -.243666
   -3.616228
   -6.988790
  349.792848
  346.464235
  343.124527
  339.729342
  336.356347
  332.972257
  329.621453
  326.248459
  322.897655
  319.491374
  316.162761
  312.789767
  309.427868
  306.032682
  302.615306
  299.319979
  295.891508
  292.562895
  289.167710
  285.783620
  282.443911
  279.070917
  275.675731
  272.280546
  268.907552
  265.556748
  262.205944
  258.821854
  255.459955
  252.064770
  248.702871
  245.296590
  241.945786
  238.583887
  235.166511
  231.826802
  228.398331
  225.080813
  221.685628
  218.334824
  214.939639
  211.511168
  208.171459
  204.809560
  201.458756
  198.063571
  194.712767
  191.328677
  187.955683
  184.604879
  181.242980
  177.825604
  174.485895
  171.123996
  167.739906
  164.378007
  160.982822
  157.632018
  154.225737
  150.863838
  147.501939
  144.106754
  140.778141
  137.371860
  134.009961
  130.648062
  127.297258
  123.902073
  120.562364
  117.178274
  113.794184
  110.354617
  107.003814
  103.653010
  100.257825
   96.884830
   93.545122
   90.172127
   86.788037
   83.415043
   80.042048
   76.713435
   73.284964
   69.945255
   66.572261
   63.188171
   59.815176
   56.397800
   53.069187
   49.707288
   46.323198
   42.950204
   39.499541
   36.204214
   32.786838
   29.458225
   26.074135
   22.690046
   19.328146
   15.944056
   12.571062
    9.198067
    5.836168
    2.452078
    -.920862
   -4.293802
   -7.666743
  349.127126
  345.820703
  342.436614
  339.063619
  335.668434
  332.306535
  329.011208
  325.582736
  322.209742
  318.836747
  315.463753
  312.135140
  308.773240
  305.355864
  301.982870
  298.632066
  295.247976
  291.897172
  288.468701
  285.117897
  281.722712
  278.383003
  275.010009
  271.625919
  268.264020
  264.857739
  261.506935
  258.133941
  254.760946
  251.399047
  248.014957
  244.641963
  241.268968
  237.907069
  234.500788
  231.149984
  227.799181
  224.392900
  221.031001
  217.658006
  214.273916
  210.923113
  207.539023
  204.143837
  200.793034
  197.397848
  194.091426
  190.662955
  187.323246
  183.961347
  180.610543
  177.170976
  173.820173
  170.480464
  167.051993
  163.701189
  160.328194
  156.955200
  153.593301
  150.187020
  146.847312
  143.496508
  140.112418
  136.717233
  133.366429
  130.048911
  126.631535
  123.269636
  119.874451
  116.490361
  113.139557
  109.744372
  106.393568
  103.042764
   99.614293
   96.307870
   92.879399
   89.539691
   86.155601
   82.815892
   79.409612
   76.036617
   72.696909
   69.268437
   65.939824
   62.533544
   59.193835
   55.798650
   52.414560
   49.063756
   45.690762
   42.284481
   38.900391
   35.516301
   32.176593
   28.770312
   25.397317
   22.046514
   18.695710
   15.322715
   11.905339
    8.521249
    5.203732
    1.797451
   -1.575127
   -4.947705
   -8.320283
  348.527975
  345.154981
  341.815272
  338.420087
  335.102570
  331.663003
  328.301104
  324.950300
  321.621687
  318.193215
  314.809125
  311.491608
  308.140804
  304.745619
  301.328243
  297.988534
  294.626635
  291.220354
  287.836264
  284.496556
  281.112466
  277.728376
  274.322096
  271.015673
  267.609393
  264.247493
  260.907785
  257.446027
  254.117414
  250.766611
  247.360330
  244.042812
  240.614341
  237.263537
  233.890543
  230.528643
  227.155649
  223.727177
  220.387469
  217.014474
  213.641480
  210.257390
  206.873300
  203.533592
  200.149502
  196.798698
  193.425703
  190.030518
  186.657524
  183.317815
  179.933725
  176.560731
  173.132259
  169.803646
  166.419556
  163.046562
  159.662472
  156.289477
  152.949769
  149.554584
  146.214875
  142.797499
  139.424505
  136.106987
  132.689611
  129.327712
  125.976908
  122.537341
  119.186537
  115.846829
  112.484930
  109.100840
  105.705655
  102.332660
   98.959666
   95.608862
   92.224772
   88.873968
   85.512069
   82.116884
   78.754984
   75.393085
   72.020091
   68.636001
   65.274102
   61.901107
   58.572494
   55.166213
   51.771028
   48.398034
   44.991753
   41.663140
   38.245764
   34.839483
   31.521965
   28.093494
   24.775976
   21.358600
   17.996701
   14.634802
   11.261807
    7.866622
    4.515818
    1.198301
   -2.174628
   -5.547558
   -8.920487
  347.862253
  344.500354
  341.138454
  337.754365
  334.381370
  331.030566
  327.657572
  324.273482
  320.922678
  317.560779
  314.187784
  310.814790
  307.419604
  304.079896
  300.717997
  297.322812
  293.972008
  290.565727
  287.237114
  283.808643
  280.424553
  277.095940
  273.667468
  270.372141
  266.954765
  263.570675
  260.186585
  256.824686
  253.484978
  250.067602
  246.716798
  243.332708
  239.959714
  236.620005
  233.213725
  229.862921
  226.456640
  223.083646
  219.699556
  216.326561
  212.986853
  209.647144
  206.251959
  202.878964
  199.472684
  196.144071
  192.737790
  189.375891
  186.058373
  182.629902
  179.290193
  175.872817
  172.544204
  169.137924
  165.753834
  162.425221
  158.985654
  155.634850
  152.228569
  148.944338
  145.560248
  142.187253
  138.814259
  135.396883
  132.079365
  128.684180
  125.311185
  121.927095
  118.587387
  115.192202
  111.830303
  108.479499
  105.084313
  101.722414
   98.293943
   94.932044
   91.614526
   88.230436
   84.835251
   81.462256
   78.078166
   74.727363
   71.354368
   67.959183
   64.619474
   61.202098
   57.851295
   54.467205
   51.083115
   47.754502
   44.348221
   40.964131
   37.602232
   34.195951
   30.878434
   27.483248
   24.110254
   20.726164
   17.353169
   13.980175
   10.607180
    7.223090
    3.894477
     .454910
   -2.917939
   -6.290787
   -9.663636
  347.218721
  343.812440
  340.494923
  337.088642
  333.748934
  330.387034
  327.014040
  323.663236
  320.268051
  316.906152
  313.499871
  310.149067
  306.798263
  303.391983
  300.018988
  296.701470
  293.306285
  289.888909
  286.515915
  283.165111
  279.781021
  276.396931
  273.046127
  269.639847
  266.266852
  262.904953
  259.554149
  256.192250
  252.774874
  249.446261
  246.028885
  242.744653
  239.327277
  235.932092
  232.570193
  229.152817
  225.835299
  222.373541
  219.033833
  215.671934
  212.265653
  208.937040
  205.530759
  202.191051
  198.806961
  195.456157
  192.105354
  188.699073
  185.359364
  181.964179
  178.602280
  175.207095
  171.856291
  168.461106
  165.088111
  161.704021
  158.297741
  154.958032
  151.607228
  148.212043
  144.839048
  141.499340
  138.093059
  134.753351
  131.358166
  127.996267
  124.634367
  121.239182
  117.910569
  114.482098
  111.186771
  107.747204
  104.374209
  101.023406
   97.617125
   94.277416
   90.871136
   87.553618
   84.136242
   80.785438
   77.423539
   74.028354
   70.677550
   67.293460
   63.931561
   60.569662
   57.163381
   53.834768
   50.428487
   47.077684
   43.660308
   40.287313
   36.925414
   33.519133
   30.168329
   26.828621
   23.444531
   20.038250
   16.654161
   13.336643
    9.963648
    6.535177
    3.206564
    -.165641
   -3.537846
   -6.910051
  349.892707
  346.541903
  343.191099
  339.829200
  336.422919
  333.127592
  329.688026
  326.370508
  322.953132
  319.591233
  316.295906
  312.834148
  309.527726
  306.121445
  302.726260
  299.397647
  295.991366
  292.629467
  289.212091
  285.861287
  282.488293
  279.104203
  275.731208
  272.391500
  268.985219
  265.656606
  262.228135
  258.844045
  255.504336
  252.086960
  248.680680
  245.340971
  241.945786
  238.561696
  235.188702
  231.893375
  228.498189
  225.103004
  221.763296
  218.334824
  215.006211
  211.611026
  208.271318
  204.865037
  201.492042
  198.163429
  194.768244
  191.417440
  188.022255
  184.649260
  181.309552
  177.925462
  174.530277
  171.146187
  167.795383
  164.422389
  161.038299
  157.676399
  154.314500
  150.897124
  147.535225
  144.162231
  140.822522
  137.427337
  134.076533
  130.725729
  127.352735
  124.013026
  120.595650
  117.222656
  113.860757
  110.443380
  107.092577
  103.664105
  100.379874
   96.951402
   93.589503
   90.249795
   86.832419
   83.525996
   80.130811
   76.768912
   73.373727
   69.989637
   66.649928
   63.265838
   59.881748
   56.519849
   53.135759
   49.784956
   46.423056
   42.972394
   39.643781
   36.259691
   32.897792
   29.469321
   26.096326
   22.756618
   19.372528
   16.021724
   12.648730
    9.297926
    5.891645
    2.529746
    -.843237
   -4.216219
   -7.589202
  349.171507
  345.876180
  342.503186
  339.108001
  335.757197
  332.384202
  329.044494
  325.627118
  322.342886
  318.947701
  315.552516
  312.168426
  308.806527
  305.455723
  302.038347
  298.720829
  295.325644
  291.952649
  288.535273
  285.184469
  281.866952
  278.394099
  275.087677
  271.725777
  268.352783
  264.946502
  261.573508
  258.222704
  254.827519
  251.476715
  248.092625
  244.730726
  241.346636
  237.951450
  234.611742
  231.227652
  227.854658
  224.448377
  221.053192
  217.713483
  214.373775
  210.967494
  207.583404
  204.243696
  200.892892
  197.530993
  194.135808
  190.762813
  187.378723
  184.027919
  180.677115
  177.248644
  173.897840
  170.502655
  167.151851
  163.734475
  160.383671
  157.043963
  153.615492
  150.275783
  146.880598
  143.563080
  140.167895
  136.794900
  133.433001
  130.060007
  126.709203
  123.280731
  119.941023
  116.579124
  113.206129
  109.799849
  106.426854
  103.109336
   99.714151
   96.341157
   92.934876
   89.584072
   86.244364
   82.871369
   79.509470
   76.092094
   72.730195
   69.412677
   66.017492
   62.611211
   59.249312
   55.876317
   52.525514
   49.152519
   45.724048
   42.339958
   38.966963
   35.605064
   32.220974
   28.814693
   25.486080
   22.090895
   18.740091
   15.333811
   12.005198
    8.621108
    5.259209
    1.908405
   -1.464231
   -4.836867
   -8.209503
  348.594548
  345.232649
  341.870749
  338.519946
  335.069283
  331.751766
  328.378771
  325.016872
  321.632782
  318.270883
  314.942270
  311.513798
  308.185185
  304.790000
  301.439196
  298.077297
  294.648826
  291.298022
  287.913932
  284.552033
  281.156848
  277.839330
  274.444145
  271.071150
  267.687060
  264.291875
  260.929976
  257.534790
  254.172891
  250.866469
  247.504570
  244.109385
  240.703104
  237.352300
  233.990401
  230.595216
  227.200030
  223.804845
  220.454041
  217.081047
  213.674766
  210.312867
  206.939872
  203.577973
  200.249360
  196.854175
  193.470085
  190.130377
  186.713000
  183.417674
  180.000298
  176.616208
  173.221022
  169.859123
  166.519415
  163.113134
  159.762330
  156.333859
  152.960864
  149.621156
  146.270352
  142.886262
  139.491077
  136.118082
  132.745088
  129.405379
  126.032385
  122.681581
  119.264205
  115.913401
  112.562597
  109.145221
  105.794418
  102.399232
   99.059524
   95.653243
   92.291344
   88.907254
   85.523164
   82.216742
   78.810461
   75.448562
   72.075568
   68.691478
   65.385055
   61.956584
   58.583589
   55.177309
   51.815410
   48.442415
   45.047230
   41.685331
   38.312336
   34.917151
   31.544156
   28.148971
   24.809262
   21.414077
   18.074369
   14.723565
   11.306189
    7.955385
    4.626772
    1.220491
   -2.152565
   -5.525621
   -8.898677
  347.895539
  344.555831
  341.205027
  337.809841
  334.436847
  331.074948
  327.701953
  324.351149
  320.967059
  317.616256
  314.221070
  310.848076
  307.463986
  304.102087
  300.762378
  297.356098
  294.016389
  290.632299
  287.237114
  283.841929
  280.502220
  277.140321
  273.734041
  270.394332
  266.976956
  263.648343
  260.286444
  256.869068
  253.529359
  250.145270
  246.772275
  243.365994
  240.004095
  236.675482
  233.258106
  229.862921
  226.489926
  223.094741
  219.755033
  216.348752
  212.997948
  209.580572
  206.274150
  202.901155
  199.517065
  196.144071
  192.782172
  189.431368
  186.013992
  182.707569
  179.279098
  175.917199
  172.533109
  169.171210
  165.787120
  162.425221
  159.030035
  155.668136
  152.306237
  148.899956
  145.549153
  142.165063
  138.825354
  135.463455
  132.068270
  128.717466
  125.311185
  121.949286
  118.565196
  115.181106
  111.841398
  108.446213
  105.084313
  101.678033
   98.349420
   94.954234
   91.592335
   88.208245
   84.835251
   81.495542
   78.111453
   74.760649
   71.376559
   67.981374
   64.663856
   61.257575
   57.895676
   54.511586
   51.094210
   47.754502
   44.348221
   41.019608
   37.613327
   34.251428
   30.878434
   27.483248
   24.154635
   20.770545
   17.386455
   14.024556
   10.629371
    7.311853
    3.872286
     .532578
   -2.840569
   -6.213716
   -9.586863
  347.196530
  343.867917
  340.506018
  337.121928
  333.760029
  330.409225
  327.058421
  323.641045
  320.312432
  316.950533
  313.533157
  310.193449
  306.798263
  303.458555
  300.074465
  296.701470
  293.339571
  289.966577
  286.538105
  283.198397
  279.792116
  276.463503
  273.079413
  269.684228
  266.355615
  262.927144
  259.620721
  256.225536
  252.830351
  249.501738
  246.084362
  242.711367
  239.327277
  235.965378
  232.603479
  229.230484
  225.868585
  222.451209
  219.078215
  215.738506
  212.332225
  208.948136
  205.597332
  202.224337
  198.895724
  195.489443
  192.127544
  188.765645
  185.392651
  182.008561
  178.646662
  175.229285
  171.878482
  168.483296
  165.143588
  161.781689
  158.353217
  155.002414
  151.629419
  148.256425
  144.894525
  141.521531
  138.170727
  134.808828
  131.446929
  128.040648
  124.723130
  121.339040
  117.921664
  114.570861
  111.175675
  107.835967
  104.385305
  101.034501
   97.672602
   94.277416
   90.937708
   87.542523
   84.180624
   80.807629
   77.456825
   74.083831
   70.666455
   67.337842
   63.942656
   60.580757
   57.207763
   53.768196
   50.472869
   47.055493
   43.682498
   40.287313
   36.903223
   33.596801
   30.190520
   26.839716
   23.444531
   20.038250
   16.720733
   13.325548
    9.963648
    6.568463
    3.217659
    -.154961
   -3.527580
   -6.900200
  349.892707
  346.530808
  343.224385
  339.807009
  336.456205
  333.083211
  329.699121
  326.359413
  322.964227
  319.591233
  316.273715
  312.889625
  309.527726
  306.110350
  302.726260
  299.408742
  295.991366
  292.640563
  289.234282
  285.883478
  282.510484
  279.104203
  275.764494
  272.369309
  269.029601
  265.634415
  262.272516
  258.910617
  255.515432
  252.153533
  248.780538
  245.485211
  242.090026
  238.661555
  235.310751
  231.893375
  228.575857
  225.147386
  221.785486
  218.412492
  215.039497
  211.677598
  208.282413
  204.953800
  201.536424
  198.174525
  194.823721
  191.439631
  188.111018
  184.660356
  181.353933
  177.969844
  174.574658
  171.190568
  167.795383
  164.477865
  161.071585
  157.709686
  154.336691
  150.930410
  147.623988
  144.195517
  140.833617
  137.471718
  134.065438
  130.770111
  127.386021
  124.001931
  120.628936
  117.255942
  113.860757
  110.476667
  107.136958
  103.719582
  100.346588
   96.995784
   93.611694
   90.227604
   86.854609
   83.492710
   80.153002
   76.735626
   73.418108
   70.011827
   66.638833
   63.276934
   59.892844
   56.519849
   53.113569
   49.773860
   46.400866
   43.005680
   39.632686
   36.248596
   32.864506
   29.513702
   26.129612
   22.745522
   19.383623
   15.999533
   12.682016
    9.275735
    5.902740
    2.529746
    -.843427
   -4.216600
   -7.589772
  349.226984
  345.876180
  342.492090
  339.163477
  335.746101
  332.428584
  329.011208
  325.660404
  322.331791
  318.903319
  315.563611
  312.179521
  308.806527
  305.433532
  302.027251
  298.720829
  295.314548
  291.952649
  288.535273
  285.184469
  281.866952
  278.405194
  275.098772
  271.692491
  268.330592
  264.935407
  261.551317
  258.233799
  254.849709
  251.476715
  248.092625
  244.730726
  241.368826
  237.940355
  234.633933
  231.205461
  227.843562
  224.470568
  221.053192
  217.746769
  214.329393
  210.989685
  207.594500
  204.210410
  200.892892
  197.486611
  194.157998
  190.785004
  187.389818
  184.072301
  180.666020
  177.270835
  173.886745
  170.524846
  167.140756
  163.767761
  160.383671
  156.999581
  153.648778
  150.275783
  146.913884
  143.551985
  140.190086
  136.805996
  133.433001
  130.026720
  126.709203
  123.314018
  119.952118
  116.590219
  113.206129
  109.855325
  106.437949
  103.098241
   99.703056
   96.330061
   92.968162
   89.617358
   86.199982
   82.826988
   79.476184
   76.092094
   72.741290
   69.346105
   65.984206
   62.611211
   59.216026
   55.831936
   52.492228
   49.141424
   45.701857
   42.351053
   38.978059
   35.593969
   32.220974
   28.803598
   25.463890
   22.101991
   18.751187
   15.356001
   11.994102
    8.610012
    5.259209
    1.897309
   -1.475451
   -4.848210
   -8.220970
  348.572357
  345.232649
  341.837463
  338.464469
  335.102570
  331.773956
  328.334390
  324.983586
  321.577305
  318.215406
  314.809125
  311.469417
  308.129709
  304.734523
  301.339338
  297.966343
  294.648826
  291.175973
  287.802978
  284.441079
  281.034798
  277.706185
  274.377572
  271.015673
  267.620488
  264.258589
  260.885594
  257.490409
  254.183987
  250.766611
  247.415807
  244.009526
  240.680913
  237.274632
  233.846161
  230.462071
  227.066886
  223.771559
  220.331992
  217.025570
  213.619289
  210.224104
  206.917682
  203.489210
  200.193883
  196.798698
  193.425703
  190.085995
  186.657524
  183.328911
  179.911534
  176.538540
  173.187736
  169.770360
  166.441747
  163.068753
  159.740140
  156.311668
  152.949769
  149.565679
  146.214875
  142.852976
  139.435600
  136.095892
  132.733992
  129.360998
  125.999099
  122.581723
  119.264205
  115.857924
  112.518216
  109.134126
  105.761131
  102.399232
   98.959666
   95.608862
   92.246963
   88.873968
   85.545355
   82.127979
   78.788271
   75.381990
   72.008995
   68.658192
   65.274102
   61.923298
   58.494826
   55.110736
   51.771028
   48.375843
   45.002848
   41.618758
   38.267955
   34.883865
   31.477584
   28.137876
   24.753786
   21.414077
   17.985606
   14.623707
   11.283998
    7.866622
    4.549104
    1.131728
   -2.241234
   -5.614196
   -8.987158
  347.873348
  344.455972
  341.138454
  337.754365
  334.359179
  331.030566
  327.657572
  324.284577
  320.922678
  317.549683
  314.187784
  310.792599
  307.452891
  304.068801
  300.684711
  297.322812
  293.905436
  290.587918
  287.181637
  283.830833
  280.446743
  277.040463
  273.722945
  270.316664
  266.976956
  263.570675
  260.219872
  256.857972
  253.429501
  250.089793
  246.705703
  243.365994
  240.004095
  236.564528
  233.247011
  229.862921
  226.467735
  223.083646
  219.677365
  216.359847
  212.986853
  209.580572
  206.207577
  202.890060
  199.505970
  196.110785
  192.771076
  189.386986
  186.058373
  182.618806
  179.245812
  175.939390
  172.510918
  169.137924
  165.731643
  162.403030
  159.063322
  155.657041
  152.272951
  148.888861
  145.538057
  142.220540
  138.780973
  135.463455
  132.034984
  128.684180
  125.322281
  121.904905
  118.565196
  115.147820
  111.808112
  108.424022
  105.017741
  101.700224
   98.293943
   94.920948
   91.536858
   88.174959
   84.824155
   81.440066
   78.089262
   74.705172
   71.309987
   67.992469
   64.597284
   61.213194
   57.806913
   54.456109
   51.083115
   47.699025
   44.326030
   40.919750
   37.580041
   34.173760
   30.822957
   27.483248
   24.043681
   20.715068
   17.330979
   13.969079
   10.584989
    7.167613
    3.827905
     .432720
   -2.940184
   -6.313087
   -9.685991
  347.207626
  343.801345
  340.450541
  337.055356
  333.704552
  330.375939
  326.980754
  323.618855
  320.212574
  316.828484
  313.510966
  310.060304
  306.731691
  303.336506
  299.974607
  296.612707
  293.206427
  289.888909
  286.493724
  283.154015
  279.747735
  276.363645
  273.001746
  269.650942
  266.289043
  262.871667
  259.509768
  256.170059
  252.719397
  249.424070
  246.028885
  242.678081
  239.260705
  235.876615
  232.581288
  229.163912
  225.790917
  222.417923
  219.011642
  215.671934
  212.254558
  208.881563
  205.530759
  202.168860
  198.818057
  195.422871
  192.094258
  188.699073
  185.314983
  181.941988
  178.591185
  175.207095
  171.800814
  168.416724
  165.077016
  161.704021
  158.331027
  154.880364
  151.629419
  148.200948
  144.827953
  141.477149
  138.081964
  134.753351
  131.358166
  127.996267
  124.612177
  121.228087
  117.932760
  114.482098
  111.120198
  107.736109
  104.352019
  101.023406
   97.628220
   94.266321
   90.882231
   87.498141
   84.136242
   80.785438
   77.368062
   74.006163
   70.644264
   67.315651
   63.887179
   60.558566
   57.130095
   53.757100
   50.406297
   47.000016
   43.660308
   40.254027
   36.903223
   33.485847
   30.112853
   26.806430
   23.377959
   20.027155
   16.643065
   13.270071
    9.941458
    6.501891
    3.151087
    -.221885
   -3.594856
   -6.967828
  349.826134
  346.508617
  343.124527
  339.762628
  336.422919
  333.005543
  329.699121
  326.281745
  322.919846
  319.535756
  316.184952
  312.800862
  309.405677
  306.065968
  302.692974
  299.297789
  295.969176
  292.529609
  289.212091
  285.794715
  282.432816
  279.070917
  275.664636
  272.313832
  268.918647
  265.590034
  262.183753
  258.821854
  255.482146
  252.042579
  248.747252
  245.329876
  241.967977
  238.606078
  235.177606
  231.837898
  228.442713
  225.080813
  221.741105
  218.323729
  214.995116
  211.622121
  208.215841
  204.853941
  201.480947
  198.107952
  194.723862
  191.361963
  188.011160
  184.604879
  181.287361
  177.881081
  174.574658
  171.179473
  167.762097
  164.378007
  161.005012
  157.643113
  154.236833
  150.863838
  147.535225
  144.195517
  140.800331
  137.416241
  134.054342
  130.692443
  127.297258
  123.946454
  120.584555
  117.200465
  113.794184
  110.398999
  107.048195
  103.686296
  100.324397
   96.929212
   93.567312
   90.216509
   86.832419
   83.448329
   80.086430
   76.713435
   73.340441
   70.011827
   66.572261
   63.232552
   59.848462
   56.464372
   53.058092
   49.696193
   46.345389
   42.983490
   39.577209
   36.215310
   32.820125
   29.469321
   26.063040
   22.712236
   19.372528
   15.966247
   12.615443
    9.220258
    5.869454
    2.507555
    -.865301
   -4.238157
   -7.611013
  349.182603
  345.809608
  342.447709
  339.085810
  335.690624
  332.373107
  328.977922
  325.604927
  322.198646
  318.870033
  315.474848
  312.079663
  308.651191
  305.311483
  301.949584
  298.654257
  295.236881
  291.841695
  288.501987
  285.106802
  281.733807
  278.371908
  274.965627
  271.637014
  268.230734
  264.891025
  261.540221
  258.111750
  254.760946
  251.421238
  248.037148
  244.641963
  241.257873
  237.895974
  234.522979
  231.172175
  227.743704
  224.403995
  221.031001
  217.646911
  214.262821
  210.889826
  207.561213
  204.177124
  200.781938
  197.420039
  194.058140
  190.707336
  187.301055
  183.916966
  180.610543
  177.204263
  173.853459
  170.436083
  167.063088
  163.678998
  160.261622
  156.988486
  153.560015
  150.198115
  146.858407
  143.474317
  140.123513
  136.717233
  133.388620
  129.993434
  126.631535
  123.269636
  119.852260
  116.534742
  113.095176
  109.777658
  106.371377
  102.987287
   99.636483
   96.230203
   92.901590
   89.484214
   86.144505
   82.793702
   79.387421
   76.025522
   72.641432
   69.312819
   65.917633
   62.533544
   59.171644
   55.798650
   52.414560
   49.041565
   45.601999
   42.273386
   38.844914
   35.483015
   32.098925
   28.748121
   25.375127
   22.024323
   18.618042
   15.245048
   11.894244
    8.521249
    5.148255
    1.775260
   -1.597662
   -4.970585
   -8.343507
  348.439212
  345.077313
  341.737605
  338.386801
  335.013806
  331.629717
  328.256722
  324.861537
  321.521828
  318.148834
  314.786935
  311.391749
  308.029850
  304.656856
  301.294956
  297.910867
  294.548967
  291.142687
  287.769692
  284.407793
  281.045894
  277.695090
  274.288809
  270.960196
  267.576106
  264.192017
  260.807927
  257.446027
  254.084128
  250.733324
  247.315948
  243.954049
  240.614341
  237.219156
  233.835066
  230.473166
  227.111267
  223.738273
  220.331992
  216.992284
  213.597098
  210.224104
  206.862205
  203.489210
  200.127311
  196.743221
  193.370227
  190.030518
  186.635333
  183.284529
  179.878248
  176.516349
  173.154450
  169.748169
  166.408461
  163.024371
  159.651376
  156.245096
  152.861006
  149.543488
  146.148303
  142.808595
  139.446695
  136.018224
  132.722897
  129.327712
  125.954717
  122.570627
  119.197633
  115.857924
  112.429453
  109.078649
  105.694559
  102.288279
   98.959666
   95.575576
   92.224772
   88.807396
   85.412210
   82.150170
   78.699508
   75.337608
   71.997900
   68.591619
   65.285197
   61.856726
   58.494826
   55.099641
   51.715551
   48.375843
   44.947371
   41.585472
   38.201382
   34.806197
   31.455393
   28.038017
   24.720499
   21.358600
   17.996701
   14.623707
   11.184140
    7.888813
    4.482532
    1.120633
   -2.251936
   -5.624504
   -8.997073
  347.773490
  344.455972
  341.082978
  337.698888
  334.336989
  330.963994
  327.624286
  324.251291
  320.867201
  317.538588
  314.121212
  310.770408
  307.430700
  304.035515
  300.662520
  297.278430
  293.916531
  290.499155
  287.092874
  283.808643
  280.369076
  277.040463
  273.623087
  270.272283
  266.921479
  263.515199
  260.175490
  256.780305
  253.462787
  250.089793
  246.650226
  243.310517
  239.926427
  236.575624
  233.180438
  229.796348
  226.445545
  223.039264
  219.677365
  216.271084
  212.931376
  209.569477
  206.207577
  202.823488
  199.428302
  196.088594
  192.704504
  189.353700
  185.958515
  182.585520
  179.245812
  175.850627
  172.488727
  169.104638
  165.742738
  162.369744
  158.974559
  155.568278
  152.206379
  148.888861
  145.515866
  142.087395
  138.736591
  135.374692
  132.012793
  128.617608
  125.244613
  121.927095
  118.520815
  115.136725
  111.730444
  108.379640
  104.984455
  101.622556
   98.305038
   94.909853
   91.514668
   88.141673
   84.757583
   81.417875
   78.033785
   74.716267
   71.265605
   67.948087
   64.541807
   61.168812
   57.818008
   54.445014
   51.060924
   47.632453
   44.292744
   40.919750
   37.502374
   34.162665
   30.811861
   27.427771
   24.010395
   20.681782
   17.286597
   13.957984
   10.551703
    7.200900
    3.816810
     .410529
   -2.961605
   -6.333739
   -9.705874
  347.129958
  343.745868
  340.439446
  337.010974
  333.693457
  330.331557
  326.925277
  323.596664
  320.190383
  316.850675
  313.444394
  310.082495
  306.764977
  303.292124
  299.974607
  296.590517
  293.206427
  289.855623
  286.393865
  283.120729
  279.714449
  276.352549
  272.968460
  269.551083
  266.255757
  262.849476
  259.476481
  256.081296
  252.697206
  249.390784
  245.995599
  242.666986
  239.249610
  235.876615
  232.514716
  229.130626
  225.779822
  222.362446
  218.978356
  215.627552
  212.254558
  208.903754
  205.486378
  202.179956
  198.773675
  195.400680
  192.060972
  188.665787
  185.326078
  181.930893
  178.546803
  175.195999
  171.800814
  168.416724
  165.010443
  161.692926
  158.297741
  154.913651
  151.551751
  148.189852
  144.827953
  141.477149
  138.059773
  134.686779
  131.335975
  127.974076
  124.578890
  121.250277
  117.866188
  114.471002
  111.075817
  107.691727
  104.374209
  100.979024
   97.628220
   94.244130
   90.837850
   87.520332
   84.091861
   80.741057
   77.379158
   74.006163
   70.633169
   67.226888
   63.920466
   60.503090
   57.130095
   53.812577
   50.328629
   47.033302
   43.627021
   40.220741
   36.881032
   33.441466
   30.168329
   26.739858
   23.389054
   20.004964
   16.620874
   13.292261
    9.841599
    6.512986
    3.151087
    -.221702
   -3.594491
   -6.967280
  349.848325
  346.475331
  343.102336
  339.751532
  336.345252
  333.005543
  329.621453
  326.248459
  322.930941
  319.524661
  316.173857
  312.789767
  309.427868
  306.065968
  302.670783
  299.319979
  295.935889
  292.540704
  289.156614
  285.839097
  282.421721
  279.070917
  275.653541
  272.313832
  268.951933
  265.534557
  262.217039
  258.821854
  255.448860
  252.109151
  248.713966
  245.374257
  241.956881
  238.594982
  235.244178
  231.837898
  228.509285
  225.103004
  221.707819
  218.334824
  214.995116
  211.611026
  208.226936
  204.898323
  201.492042
  198.107952
  194.768244
  191.361963
  188.022255
  184.649260
  181.265170
  177.925462
  174.508086
  171.168378
  167.784288
  164.378007
  161.038299
  157.632018
  154.303405
  150.908220
  147.501939
  144.140040
  140.789236
  137.460623
  134.076533
  130.681348
  127.308353
  123.946454
  120.595650
  117.200465
  113.794184
  110.465571
  107.037100
  103.719582
  100.302206
   96.940307
   93.567312
   90.161032
   86.832419
   83.437233
   80.108620
   76.757817
   73.329345
   69.978541
   66.594451
   63.254743
   59.870653
   56.475468
   53.102473
   49.751669
   46.356484
   42.972394
   39.588304
   36.248596
   32.842315
   29.491511
   26.118517
   22.734427
   19.350337
   15.999533
   12.582157
    9.231353
    5.880550
    2.474269
    -.898351
   -4.270970
   -7.643590
  349.182603
  345.831799
  342.492090
  339.108001
  335.723911
  332.373107
  329.000112
  325.649308
  322.265219
  318.936606
  315.519229
  312.157330
  308.817622
  305.411341
  302.049442
  298.676448
  295.325644
  291.930458
  288.501987
  285.206660
  281.833666
  278.405194
  275.065486
  271.659205
  268.341687
  264.902121
  261.551317
  258.189418
  254.827519
  251.465619
  248.092625
  244.741821
  241.346636
  237.951450
  234.611742
  231.227652
  227.832467
  224.415091
  221.064287
  217.724579
  214.340489
  210.978589
  207.594500
  204.232600
  200.881797
  197.497707
  194.113617
  190.751718
  187.400914
  183.994633
  180.632734
  177.215358
  173.853459
  170.480464
  167.107470
  163.723380
  160.372576
  156.977391
  153.637682
  150.220306
  146.902789
  143.496508
  140.178990
  136.772710
  133.388620
  130.037816
  126.642631
  123.269636
  119.907737
  116.523647
  113.139557
  109.755467
  106.404663
  103.020573
   99.636483
   96.318966
   92.901590
   89.528595
   86.166696
   82.804797
   79.453993
   76.036617
   72.696909
   69.323914
   65.950920
   62.622307
   59.193835
   55.820841
   52.458941
   49.074851
   45.746238
   42.262290
   38.944772
   35.582873
   32.209879
   28.825789
   25.397317
   22.090895
   18.695710
   15.344906
   11.994102
    8.576726
    5.270304
    1.797451
   -1.575517
   -4.948485
   -8.321453
  348.550166
  345.177172
  341.848559
  338.497755
  335.069283
  331.751766
  328.345485
  324.994681
  321.599496
  318.270883
  314.897888
  311.535989
  308.140804
  304.801096
  301.428101
  298.010725
  294.671017
  291.264736
  287.891741
  284.518747
  281.156848
  277.817139
  274.399763
  271.037864
  267.664869
  264.269684
  260.952166
  257.523695
  254.206177
  250.866469
  247.437998
  244.109385
  240.703104
  237.363395
  233.946019
  230.561929
  227.211126
  223.782654
  220.442946
  217.069951
  213.730243
  210.346153
  206.928777
  203.589069
  200.204979
  196.865270
  193.447894
  190.119281
  186.757382
  183.395483
  180.000298
  176.594017
  173.243213
  169.836932
  166.497224
  163.124229
  159.729044
  156.322763
  152.983055
  149.654442
  146.259257
  142.886262
  139.502172
  136.151368
  132.800565
  129.372093
  126.021289
  122.681581
  119.286396
  115.924497
  112.507121
  109.156317
  105.805513
  102.399232
   99.048429
   95.631052
   92.324630
   88.940540
   85.545355
   82.205647
   78.843747
   75.470753
   72.097758
   68.713668
   65.362865
   61.956584
   58.605780
   55.210595
   51.837600
   48.486797
   45.069420
   41.707521
   38.334527
   34.950437
   31.588538
   28.182257
   24.842549
   21.447363
   18.096560
   14.712470
   11.317284
    7.955385
    4.615677
    1.231587
   -2.141002
   -5.513591
   -8.886180
  347.951016
  344.578021
  341.216122
  337.854223
  334.470133
  331.130425
  327.779621
  324.362245
  321.011441
  317.638446
  314.309833
  310.892457
  307.508367
  304.201945
  300.773474
  297.433765
  294.027485
  290.632299
  287.336972
  283.886310
  280.546602
  277.173607
  273.811708
  270.427618
  267.043528
  263.692725
  260.275349
  256.957831
  253.607027
  250.200746
  246.883229
  243.454757
  240.081763
  236.697673
  233.346869
  229.951684
  226.556498
  223.183504
  219.832700
  216.470801
  213.064520
  209.713717
  206.329627
  202.978823
  199.605828
  196.188452
  192.893125
  189.509035
  186.113850
  182.751951
  179.356766
  176.017057
  172.588586
  169.248877
  165.886978
  162.491793
  159.118798
  155.745804
  152.383905
  148.999815
  145.660106
  142.298207
  138.891927
  135.552218
  132.157033
  128.795134
  125.444330
  122.038049
  118.698341
  115.303155
  111.919066
  108.557166
  105.161981
  101.788987
   98.427087
   95.031902
   91.658908
   88.319199
   84.946205
   81.573210
   78.178025
   74.860507
   71.487513
   68.025755
   64.719333
   61.335243
   57.973344
   54.589254
   51.160782
   47.854360
   44.459175
   41.063989
   37.713186
   34.295810
   30.989387
   27.527630
   24.210112
   20.814927
   17.464123
   14.102224
   10.662657
    7.334044
    4.005431
     .588055
   -2.784039
   -6.156134
   -9.528228
  347.318579
  343.967776
  340.572590
  337.221786
  333.826601
  330.486893
  327.102803
  323.729808
  320.379005
  317.028201
  313.610825
  310.282212
  306.898122
  303.536223
  300.152133
  296.768043
  293.417239
  290.022054
  286.637964
  283.287160
  279.903070
  276.552266
  273.101604
  269.795182
  266.433283
  263.060288
  259.687294
  256.292108
  252.974591
  249.512833
  246.173125
  242.811225
  239.438231
  236.054141
  232.670051
  229.352533
  225.935157
  222.551067
  219.166978
  215.816174
  212.454275
  209.059089
  205.697190
  202.335291
  198.951201
  195.589302
  192.238498
  188.865504
  185.492509
  182.108419
  178.735425
  175.351335
  172.011626
  168.572059
  165.232351
  161.848261
  158.464171
  155.057891
  151.729277
  148.378474
  144.950002
  141.665771
  138.259490
  134.886496
  131.535692
  128.107220
  124.778607
  121.383422
  118.010427
  114.681814
  111.253343
  107.913635
  104.529545
  101.156550
   97.772460
   94.377275
   91.059757
   87.631286
   84.258291
   80.907487
   77.545588
   74.194785
   70.788504
   67.448795
   64.053610
   60.713902
   57.307621
   53.956817
   50.561632
   47.188637
   43.837834
   40.442648
   37.047463
   33.674469
   30.290379
   26.961766
   23.533294
   20.182490
   16.809496
   13.425406
   10.107888
    6.646131
    3.317518
    -.055346
   -3.428210
   -6.801075
  349.948184
  346.686143
  343.302053
  339.940154
  336.589350
  333.205260
  329.854456
  326.425985
  323.086276
  319.724377
  316.329192
  312.978388
  309.616489
  306.254590
  302.881595
  299.508601
  296.157797
  292.729326
  289.378522
  285.972241
  282.643628
  279.237347
  275.897639
  272.491358
  269.096173
  265.778655
  262.394565
  259.043762
  255.648576
  252.275582
  248.946969
  245.540688
  242.200980
  238.761413
  235.410609
  232.081996
  228.642429
  225.302721
  221.918631
  218.534541
  215.161547
  211.766361
  208.426653
  205.064754
  201.658473
  198.307669
  194.956865
  191.617157
  188.166495
  184.815691
  181.475983
  178.080797
  174.707803
  171.290427
  167.972909
  164.599915
  161.193634
  157.865021
  154.425454
  151.096841
  147.701656
  144.317566
  140.955667
  137.615958
  134.287345
  130.836683
  127.463688
  124.112885
  120.750985
  117.400182
  113.993901
  110.620906
  107.225721
  103.897108
  100.479732
   97.128928
   93.778125
   90.382939
   87.032135
   83.681332
   80.230669
   76.890961
   73.517967
   70.178258
   66.816359
   63.410078
   60.048179
   56.675185
   53.302190
   49.951386
   46.522915
   43.194302
   39.799117
   36.426122
   33.086414
   29.669038
   26.318234
   22.923048
   19.550054
   16.210345
   12.781874
    9.508738
    6.113553
    2.718367
    -.654159
   -4.026686
   -7.399212
  349.426701
  346.064802
  342.725093
  339.318813
  335.979104
  332.550633
  329.233115
  325.882311
  322.498221
  319.136322
  315.763328
  312.412524
  309.039529
  305.644344
  302.293540
  298.898355
  295.525361
  292.152366
  288.790467
  285.384186
  282.055573
  278.627102
  275.298489
  271.958780
  268.530309
  265.201696
  261.806511
  258.466802
  255.060521
  251.698622
  248.358914
  244.919347
  241.590734
  238.239930
  234.822554
  231.482846
  228.054374
  224.736857
  221.352767
  217.946486
  214.606778
  211.189402
  207.849693
  204.476699
  201.103704
  197.730710
  194.346620
  190.984721
  187.633917
  184.260922
  180.876832
  177.492742
  174.164129
  170.713467
  167.340473
  163.989669
  160.583388
  157.221489
  153.881781
  150.486595
  147.124696
  143.751702
  140.378707
  137.027903
  133.666004
  130.293010
  126.931110
  123.502639
  120.162931
  116.812127
  113.394751
  110.032852
  106.659857
  103.264672
   99.902773
   96.518683
   93.190070
   89.739407
   86.410794
   83.093277
   79.642615
   76.269620
   72.929912
   69.556917
   66.206113
   62.788737
   59.449029
   56.064939
   52.669754
   49.330045
   45.912669
   42.539675
   39.188871
   35.793685
   32.453977
   29.025506
   25.707988
   22.312803
   18.917617
   15.577909
   12.193819
    8.843015
    5.481116
    2.085931
   -1.286973
   -4.659878
   -8.032782
  348.749883
  345.421270
  342.059371
  338.697472
  335.313382
  331.962578
  328.600679
  325.216589
  321.876880
  318.481695
  315.141987
  311.757897
  308.351616
  305.056289
  301.605627
  298.310300
  294.881829
  291.508834
  288.158030
  284.762845
  281.423137
  277.994665
  274.654957
  271.293058
  267.897872
  264.524878
  261.185169
  257.812175
  254.428085
  251.066186
  247.693191
  244.309101
  240.925011
  237.563112
  234.212308
  230.772742
  227.444129
  224.060039
  220.664853
  217.291859
  213.918864
  210.579156
  207.161780
  203.788785
  200.415791
  196.976224
  193.581039
  190.241330
  186.835050
  183.517532
  180.166728
  176.782638
  173.376358
  170.047745
  166.641464
  163.268469
  159.939856
  156.544671
  153.171676
  149.798682
  146.425687
  143.030502
  139.712984
  136.317799
  132.966995
  129.582905
  126.209911
  122.881298
  119.430636
  116.079832
  112.729028
  109.300557
  105.960848
  102.554568
   99.192668
   95.852960
   92.468870
   89.095876
   85.700690
   82.360982
   78.965797
   75.614993
   72.230903
   68.891194
   65.473818
   62.156301
   58.849878
   55.343739
   52.026222
   48.631036
   45.269137
   41.907238
   38.489862
   35.183440
   31.788254
   28.404165
   25.053361
   21.680366
   18.340658
   14.945473
   11.572478
    8.221674
    4.848680
    1.497876
   -1.875133
   -5.248141
   -8.621150
  348.228400
  344.899787
  341.526793
  338.153798
  334.791899
  331.430000
  328.079196
  324.728392
  321.344302
  317.960212
  314.664885
  311.280796
  307.907801
  304.523711
  301.150717
  297.811008
  294.360346
  290.998447
  287.658738
  284.274648
  280.934940
  277.495373
  274.122379
  270.793766
  267.387485
  264.069967
  260.641496
  257.213025
  253.840030
  250.411559
  247.082946
  243.676665
  240.314766
  236.930676
  233.513300
  230.162496
  226.800597
  223.372125
  220.021322
  216.615041
  213.264237
  209.835766
  206.473866
  203.134158
  199.727877
  196.377074
  192.992984
  189.642180
  186.269185
  182.874000
  179.512101
  176.128011
  172.777207
  169.481880
  166.075600
  162.746987
  159.340706
  156.012093
  152.639098
  149.266104
  145.882014
  142.531210
  139.191502
  135.785221
  132.445513
  129.050327
  125.655142
  122.337624
  118.931344
  115.569445
  112.196450
  108.823455
  105.450461
  102.033085
   98.726663
   95.320382
   91.947387
   88.618774
   85.190303
   81.883881
   78.466505
   75.071319
   71.753802
   68.369712
   65.018908
   61.612627
   58.284014
   54.866638
   51.460358
   48.098458
   44.747655
   41.374660
   37.968379
   34.628671
   31.255676
   27.893777
   24.476401
   21.070121
   17.819175
   14.379608
   11.017709
    7.633619
    4.216243
     .909821
   -2.463262
   -5.836345
   -9.209428
  347.595964
  344.256255
  340.872165
  337.532457
  334.137272
  330.775373
  327.413473
  324.062670
  320.678580
  317.305585
  313.965877
  310.570691
  307.186602
  303.835798
  300.440612
  297.078713
  293.661337
  290.343820
  286.948634
  283.553449
  280.191550
  276.796365
  273.478847
  270.061471
  266.721762
  263.337672
  259.953583
  256.602779
  253.229784
  249.801313
  246.350651
  243.010942
  239.626852
  236.231667
  232.858672
  229.518964
  226.090493
  222.739689
  219.322313
  215.960414
  212.587419
  209.214425
  205.841430
  202.457340
  199.095441
  195.711351
  192.360547
  188.932076
  185.570177
  182.252659
  178.846378
  175.451193
  172.067103
  168.705204
  165.332209
  161.925929
  158.608411
  155.224321
  151.818040
  148.445046
  145.038765
  141.732343
  138.303872
  134.953068
  131.668836
  128.306937
  124.945038
  121.549853
  118.210144
  114.837150
  111.464155
  108.068970
  104.707071
  101.367362
   97.938891
   94.643564
   91.226188
   87.886479
   84.535676
   81.140490
   77.822973
   74.405597
   71.032602
   67.637417
   64.264422
   60.969095
   57.507338
   54.200916
   50.794635
   47.421640
   44.059741
   40.675651
   37.313752
   33.974044
   30.578858
   27.228055
   23.832869
   20.459875
   17.086880
   13.769363
   10.374177
    7.034469
    3.628188
     .299575
   -3.073674
   -6.446923
   -9.820172
  346.974623
  343.679296
  340.306301
  336.844544
  333.571408
  330.154031
  326.814323
  323.452424
  320.012857
  316.717530
  313.344536
  309.938255
  306.620737
  303.203361
  299.863653
  296.457372
  293.073282
  289.711383
  286.338389
  282.965394
  279.570209
  276.230500
  272.835315
  269.473416
  266.111517
  262.738522
  259.387718
  255.992533
  252.597348
  249.224353
  245.818073
  242.422887
  239.016607
  235.643612
  232.248427
  228.875432
  225.502438
  222.062871
  218.789735
  215.327977
  211.977173
  208.604179
  205.208994
  201.880381
  198.474100
  195.090010
  191.728111
  188.321830
  184.971026
  181.575841
  178.225037
  174.840947
  171.467953
  168.106054
  164.710868
  161.371160
  157.964879
  154.602980
  151.241081
  147.812609
  144.550569
  141.210860
  137.793484
  134.453776
  131.080781
  127.718882
  124.323697
  120.961798
  117.566612
  114.193618
  110.876100
  107.447629
  104.130111
  100.701640
   97.339740
   94.011127
   90.571561
   87.254043
   83.858858
   80.508054
   77.168346
   73.773160
   70.400166
   67.004980
   63.609795
   60.292277
   56.874901
   53.490811
   50.151103
   46.755918
   43.382923
   40.032119
   36.648030
   33.252844
   29.890945
   26.529046
   23.178242
   19.838534
   16.387872
   13.059258
    9.697359
    6.324365
    2.940275
    -.433739
   -3.807753
   -7.181768
  349.670799
  346.286709
  342.913715
  339.607292
  336.167726
  332.861303
  329.455023
  326.082028
  322.764511
  319.358230
  315.996331
  312.612241
  309.261437
  305.877347
  302.493257
  299.131358
  295.769459
  292.429750
  288.990184
  285.639380
  282.255290
  278.904486
  275.509301
  272.136306
  268.829884
  265.390317
  262.072800
  258.688710
  255.282429
  251.976007
  248.603012
  245.207827
  241.868118
  238.461838
  235.066652
  231.704753
  228.309568
  224.947669
  221.585770
  218.135107
  214.839781
  211.444595
  208.005028
  204.609843
  201.203563
  197.863854
  194.513050
  191.073484
  187.733775
  184.316399
  180.954500
  177.659173
  174.197415
  170.857707
  167.429236
  164.067336
  160.727628
  157.254775
  153.959448
  150.586454
  147.191268
  143.851560
  140.411993
  137.127762
  133.721481
  130.326296
  126.986587
  123.635783
  120.307170
  116.856508
  113.583372
  110.177091
  106.804097
  103.420007
  100.047012
   96.751686
   93.334309
   89.972410
   86.599416
   83.259707
   79.953285
   76.513718
   73.185105
   69.823206
   66.428021
   63.121599
   59.682032
   56.353419
   52.980424
   49.607430
   46.234435
   42.861441
   39.466255
   36.137642
   32.731362
   29.369462
   26.007563
   22.634569
   19.305956
   15.966247
   12.559967
    9.198067
    5.825073
    2.474269
    -.898127
   -4.270523
   -7.642920
  349.249175
  345.876180
  342.547567
  339.119096
  335.790483
  332.406393
  329.033398
  325.715881
  322.276314
  318.936606
  315.607993
  312.157330
  308.862003
  305.433532
  302.071633
  298.720829
  295.336739
  291.952649
  288.601845
  285.217756
  281.855856
  278.449576
  275.054390
  271.714682
  268.330592
  264.913216
  261.518031
  258.089559
  254.738755
  251.387952
  248.026053
  244.697440
  241.280063
  237.907069
  234.611742
  231.183271
  227.743704
  224.370709
  220.953333
  217.591434
  214.218439
  210.856540
  207.483546
  204.077265
  200.704271
  197.309085
  193.969377
  190.585287
  187.212292
  183.817107
  180.477399
  177.093309
  173.687028
  170.302938
  166.929944
  163.590235
  160.250527
  156.822055
  153.460156
  150.064971
  146.669786
  143.374459
  139.923797
  136.606279
  133.211094
  129.827004
  126.520581
  123.147587
  119.796783
  116.434884
  113.072985
  109.722181
  106.293710
  102.976192
   99.569911
   96.185821
   92.846113
   89.462023
   86.122315
   82.760415
   79.376325
   76.025522
   72.641432
   69.301723
   65.928729
   62.544639
   59.182740
   55.843031
   52.458941
   49.052661
   45.712952
   42.317767
   38.955868
   35.605064
   32.165497
   28.847980
   25.463890
   22.124181
   18.751187
   15.344906
   12.005198
    8.621108
    5.281399
    1.897309
   -1.475282
   -4.847873
   -8.220464
  348.605643
  345.232649
  341.904035
  338.497755
  335.158046
  331.818338
  328.434248
  325.061254
  321.666068
  318.348551
  314.975556
  311.535989
  308.240662
  304.812191
  301.472482
  298.121679
  294.704303
  291.386785
  287.925027
  284.629701
  281.234515
  277.817139
  274.444145
  271.071150
  267.720346
  264.302970
  260.985453
  257.612458
  254.250559
  250.799897
  247.371425
  244.065003
  240.680913
  237.341205
  233.868352
  230.528643
  227.177840
  223.749368
  220.387469
  216.992284
  213.652575
  210.213008
  206.862205
  203.467019
  200.127311
  196.721030
  193.359131
  190.052709
  186.624237
  183.251243
  179.900439
  176.494158
  173.143355
  169.759265
  166.364079
  163.024371
  159.651376
  156.278382
  152.960864
  149.576774
  146.192684
  142.852976
  139.468886
  136.140273
  132.733992
  129.383189
  126.032385
  122.570627
  119.230919
  115.891210
  112.507121
  109.156317
  105.716750
  102.432518
   99.015142
   95.653243
   92.280249
   88.873968
   85.567546
   82.183456
   78.799366
   75.448562
   72.086663
   68.735859
   65.318483
   61.978775
   58.594685
   55.199499
   51.881982
   48.442415
   45.124897
   41.707521
   38.356718
   34.972628
   31.577442
   28.282115
   24.864739
   21.502840
   18.129846
   14.734660
   11.383857
    7.966481
    4.626772
    1.298159
   -2.074853
   -5.447866
   -8.820878
  347.995397
  344.611307
  341.304885
  337.898604
  334.547801
  331.163711
  327.812907
  324.473199
  321.066918
  317.738305
  314.343120
  310.947934
  307.608226
  304.224136
  300.895523
  297.500338
  294.116248
  290.754349
  287.336972
  283.986169
  280.613174
  277.229084
  273.856090
  270.538572
  267.132291
  263.726011
  260.397398
  256.980022
  253.662504
  250.245128
  246.761180
  243.465853
  240.004095
  236.686577
  233.291392
  229.851825
  226.523212
  223.105836
  219.721746
  216.370943
  212.986853
  209.580572
  206.207577
  202.856774
  199.483779
  196.099689
  192.704504
  189.353700
  185.991801
  182.574425
  179.245812
  175.839531
  172.466537
  169.104638
  165.709452
  162.380839
  158.952368
  155.601564
  152.239665
  148.855575
  145.571343
  142.109586
  138.725496
  135.396883
  132.112651
  128.706371
  125.333376
  121.971477
  118.587387
  115.236583
  111.830303
  108.523880
  105.117600
  101.722414
   98.382706
   94.954234
   91.636717
   88.219341
   84.901823
   81.539924
   78.133643
   74.771744
   71.432036
   68.059041
   64.663856
   61.279766
   57.928962
   54.567063
   51.160782
   47.776692
   44.436984
   41.052894
   37.690995
   34.340191
   30.889529
   27.572011
   24.187921
   20.803831
   17.441932
   14.091129
   10.718134
    7.334044
    3.972145
     .621341
   -2.752500
   -6.126342
   -9.500183
  347.351865
  343.945585
  340.616972
  337.199596
  333.815506
  330.486893
  327.102803
  323.763094
  320.367909
  317.039296
  313.655206
  310.282212
  306.909217
  303.547318
  300.129942
  296.801329
  293.372857
  290.033149
  286.649059
  283.264969
  279.891975
  276.507885
  273.157081
  269.784086
  266.422187
  263.038097
  259.687294
  256.347585
  252.952400
  249.601596
  246.184220
  242.800130
  239.371659
  236.009759
  232.570193
  229.219389
  225.846394
  222.417923
  219.022738
  215.638648
  212.243462
  208.881563
  205.519664
  202.113383
  198.773675
  195.400680
  192.072067
  188.654691
  185.292792
  181.864321
  178.535708
  175.162713
  171.734242
  168.438915
  165.021539
  161.637449
  158.308836
  154.935841
  151.651610
  148.189852
  144.894525
  141.510435
  138.126346
  134.753351
  131.358166
  128.073934
  124.656558
  121.327945
  117.921664
  114.570861
  111.197866
  107.824872
  104.496259
  101.101073
   97.750269
   94.388370
   91.004280
   87.631286
   84.280482
   80.940774
   77.545588
   74.183689
   70.821790
   67.448795
   64.097992
   60.691711
   57.340907
   53.956817
   50.628204
   47.221924
   43.815643
   40.487030
   37.125131
   33.774327
   30.379142
   26.983956
   23.666439
   20.293444
   16.876068
   13.547455
   10.185556
    6.823657
    3.417376
     .066572
   -3.305648
   -6.677867
  -10.050087
  346.741620
  343.390816
  340.017821
  336.655922
  333.260737
  329.898838
  326.570225
  323.152849
  319.846426
  316.440146
  313.044960
  309.749634
  306.343353
  302.981454
  299.597364
  296.191083
  292.884661
  289.411808
  286.072100
  282.754582
  279.315015
  275.930925
  272.602312
  269.240413
  265.856323
  262.450042
  258.966094
  255.626386
  252.242296
  248.836015
  245.518497
  242.078931
  238.739222
  235.377323
  231.971042
  228.642429
  225.191767
  221.796582
  218.467969
  215.050593
  211.710884
  208.304604
  204.953800
  201.558615
  198.230002
  194.823721
  191.484012
  188.099923
  184.738023
  181.353933
  177.992034
  174.663421
  171.323713
  167.895241
  164.566628
  161.193634
  157.820639
  154.436549
  151.074650
  147.723846
  144.328661
  140.977857
  137.593767
  134.242964
  130.858874
  127.485879
  124.157266
  120.762081
  117.400182
  113.982806
  110.632002
  107.303389
  103.874917
  100.546304
   97.162214
   93.800315
   90.449512
   87.098708
   83.703522
   80.341623
   77.001915
   73.617825
   70.278117
   66.871836
   63.532127
   60.181324
   56.741757
   53.402048
   50.062340
