file    init    last    diff   count
   1    2373   18872   16500   16500
   2   18873   35372   16500   16500
   3   35373   51872   16500   16500
   4   51873   68372   16500   16500
   5   68373   84872   16500   16500
   6   84873  101372   16500   16500
   7  101373  117872   16500   16500
   8  117873  134372   16500   16500
   9  134373  150872   16500   16500
  10  150873  167372   16500   16500
  11  167373  183872   16500   16500
  12  183873  200372   16500   16500
  13  200373  216872   16500   16500
  14  216873  233372   16500   16500
  15  233373  249872   16500   16500
  16  249873  266372   16500   16500
  17  266373  270097    3725    3725
