    1   -6.020971    0.000214    0.088763  356.749352  353.409941    3.339411
    2   -6.020992    0.000192    2.851512  359.512002  356.172492    3.339510
    3   -6.020884    0.000175    2.296743  358.986821  355.676899    3.309922
    4   -6.020682    0.000167    1.753070  358.324896  354.896722    3.428174
    5   -6.021317    0.000203    1.142824  357.792317  354.441811    3.350507
    6   -6.020637    0.000211    0.610246  357.270835  353.931424    3.339411
    7   -6.021079    0.000177    0.077668  356.727161  353.376655    3.350506
    8   -6.021150    0.000202    2.818226  359.486113  356.153999    3.332113
    9   -6.019372    0.000185    2.296743  358.964630  355.632517    3.332113
   10   -6.020446    0.000177    1.753070  358.347087  354.941103    3.405983
   11   -6.021109    0.000187    1.198301  357.836699  354.475097    3.361602
   12   -6.020757    0.000194    0.576960  357.270835  353.964710    3.306125
   13   -6.020683    0.000211    0.077668  356.765995  353.454323    3.311673
   14   -6.019265    0.000241    2.884798  359.548986  356.213175    3.335812
   15   -6.020861    0.000199    2.330029  359.009011  355.687994    3.321018
   16   -6.020760    0.000187    1.753070  358.330444  354.907817    3.422626
   17   -6.021138    0.000167    1.165015  357.820056  354.475097    3.344959
   18   -6.021054    0.000168    0.532578  357.204263  353.875947    3.328316
   19   -6.021418    0.000209    0.066572  356.721613  353.376655    3.344958
   20   -6.020902    0.000186    2.818226  359.486113  356.153999    3.332113
   21   -6.021258    0.000178    2.252361  358.931343  355.610326    3.321018
   22   -6.021310    0.000198    1.642116  358.225037  354.807959    3.417079
   23   -6.019894    0.000176    1.042965  357.720198  354.397430    3.322767
   24   -6.021108    0.000228    0.510387  357.193167  353.875947    3.317220
   25   -6.018934    0.001235    2.108122  357.686912  353.265701    4.421211
   26   -6.020769    0.000213    2.729463  359.404747  356.080030    3.324716
   27   -6.021091    0.000208    2.174694  358.842581  355.510467    3.332113
   28   -6.019288    0.000259    1.642116  358.236132  354.830149    3.405983
   29   -6.020954    0.000220    0.998584  357.653625  354.308667    3.344958
   30   -6.020605    0.000205    0.521483  357.209811  353.898138    3.311672
   31   -6.021054    0.000199   -0.055477  356.616207  353.287892    3.328316
   32   -6.020523    0.000226    2.740558  359.404746  356.068935    3.335812
   33   -6.020507    0.000264    2.219075  358.886962  355.554849    3.332113
   34   -6.021511    0.000192    1.619925  358.197299  354.774673    3.422626
   35   -6.021613    0.000184    1.020775  357.670269  354.319762    3.350506
   36   -6.020908    0.000169    0.399434  357.087761  353.776089    3.311672
   37   -6.020051    0.000206    3.206564  359.870752  356.534941    3.335812
   38   -6.020587    0.000166    2.662890  359.338174  356.013458    3.324716
   39   -6.020686    0.000161    2.141408  358.809295  355.477181    3.332113
   40   -6.020563    0.000168    1.553353  358.169560  354.785768    3.383792
   41   -6.020420    0.000206    1.087347  357.720197  354.353048    3.367150
   42   -6.019420    0.000233    0.454910  357.137690  353.820470    3.317220
   43   -6.021349    0.000182    3.284232  359.937325  356.590418    3.346907
   44   -6.021119    0.000184    2.651795  359.330777  356.009760    3.321018
   45   -6.021059    0.000188    2.130312  358.798199  355.466086    3.332113
   46   -6.020453    0.000186    1.586639  358.191751  354.796863    3.394888
   47   -6.020561    0.000235    1.020775  357.648078  354.275381    3.372697
   48   -6.021053    0.000172    0.388338  357.048927  353.709516    3.339411
   49   -6.021002    0.000198    3.262041  359.907737  356.553433    3.354304
   50   -6.020984    0.000180    2.640700  359.315984  355.991267    3.324716
   51   -6.020219    0.000185    2.008263  358.698341  355.388419    3.309922
   52   -6.021155    0.000161    1.497876  358.108536  354.719196    3.389340
   53   -6.021099    0.000184    0.932012  357.575958  354.219904    3.356054
   54   -6.021144    0.000186    0.299575  356.976807  353.654039    3.322768
   55   -6.021358    0.000202    3.106705  359.781989  356.457273    3.324716
   56   -6.019844    0.000233    2.529746  359.208728  355.887711    3.321018
   57   -6.021206    0.000177    1.952786  358.474683  354.996580    3.478103
   58   -6.021056    0.000179    1.342541  357.969844  354.597147    3.372697
   59   -6.021296    0.000161    0.732295  357.370694  354.009092    3.361602
   60   -6.020787    0.000195    0.144240  356.821472  353.498704    3.322768
   61   -6.020138    0.000224    2.929179  359.600764  356.272350    3.328415
   62   -6.021043    0.000165    2.407697  359.060790  355.713883    3.346907
   63   -6.020923    0.000188    1.808546  358.347086  354.885626    3.461460
   64   -6.020882    0.000180    1.242682  357.858890  354.475097    3.383792
   65   -6.020259    0.000163    0.643532  357.315217  353.986901    3.328316
   66   -6.021214    0.000193    0.055477  356.716066  353.376655    3.339411
   67   -6.021051    0.000196    2.796035  359.467620  356.139206    3.328415
   68   -6.020864    0.000198    2.296743  358.957233  355.617723    3.339510
   69   -6.020742    0.000189    1.675402  358.280514  354.885626    3.394888
   70   -6.019907    0.000215    1.042965  357.703554  354.364144    3.339410
   71   -6.021228    0.000197    0.532578  357.176524  353.820470    3.356054
   72   -6.021404    0.000172    3.306422  359.974309  356.642196    3.332113
   73   -6.021464    0.000176    2.718367  359.386254  356.054141    3.332113
   74   -6.021504    0.000168    2.019359  358.705738  355.392117    3.313621
   75   -6.020453    0.000206    1.475685  358.064154  354.652623    3.411531
   76   -6.020904    0.000175    0.865439  357.509385  354.153331    3.356054
   77   -6.020926    0.000171    0.310671  356.987903  353.665135    3.322768
   78   -6.021021    0.000181    3.117801  359.774592  356.431384    3.343209
   79   -6.020493    0.000196    2.585223  359.249411  355.913600    3.335812
   80   -6.020585    0.000212    1.974977  358.668753  355.362529    3.306224
   81   -6.020444    0.000170    1.475685  358.086345  354.697005    3.389340
   82   -6.020825    0.000170    0.909821  357.542671  354.175522    3.367150
   83   -6.020667    0.000179    0.343957  356.998998  353.654039    3.344959
   84   -6.019128    0.000193    3.162182  359.826371  356.490559    3.335811
   85   -6.020433    0.000182    2.651795  359.304888  355.957981    3.346907
   86   -6.020827    0.000177    2.052645  358.546804  355.040962    3.505842
   87   -6.020701    0.000170    1.464590  358.091893  354.719196    3.372697
   88   -6.020722    0.000161    0.976393  357.598148  354.219904    3.378244
   89   -6.019633    0.000205    0.388338  357.060023  353.731707    3.328316
   90   -6.020895    0.000166    3.228755  359.855959  356.483162    3.372796
   91   -6.020615    0.000175    2.596318  359.256808  355.917298    3.339510
   92   -6.020684    0.000179    2.052645  358.731627  355.410609    3.321018
   93   -6.020483    0.000181    1.475685  358.080798  354.685910    3.394888
   94   -6.020549    0.000168    0.943107  357.587053  354.230999    3.356054
   95   -6.020230    0.000170    0.388338  357.071118  353.753898    3.317220
   96   -6.020750    0.000177    3.206564  359.881848  356.557131    3.324716
   97   -6.020402    0.000175    2.673986  359.356667  356.039347    3.317319
   98   -6.019296    0.000178    2.185789  358.831485  355.477181    3.354304
   99   -6.020655    0.000176    1.586639  358.152918  354.719196    3.433721
  100   -6.020595    0.000176    1.020775  357.670269  354.319762    3.350506
  101   -6.020707    0.000167    0.466006  357.143238  353.820470    3.322768
  102   -6.020740    0.000172    3.284232  359.937325  356.590418    3.346907
  103   -6.019634    0.000198    2.696177  359.360365  356.024554    3.335812
  104   -6.020758    0.000183    2.196885  358.846279  355.495674    3.350606
  105   -6.020867    0.000160    1.597734  358.197298  354.796863    3.400436
  106   -6.020635    0.000179    0.987489  357.631435  354.275381    3.356054
  107   -6.020678    0.000195    0.510387  357.148786  353.787184    3.361601
  108   -6.020612    0.000178    3.228755  359.907737  356.586719    3.321018
  109   -6.020777    0.000168    2.729463  359.404747  356.080030    3.324716
  110   -6.020755    0.000171    2.119217  358.798199  355.477182    3.321018
  111   -6.020891    0.000170    1.597734  358.208394  354.819054    3.389340
  112   -6.019354    0.000203    1.087347  357.698007  354.308667    3.389340
  113   -6.020769    0.000173    0.521483  357.170976  353.820470    3.350506
  114   -6.020458    0.000182   -0.033286  356.643946  353.321178    3.322768
  115   -6.020899    0.000183    2.751653  359.415842  356.080030    3.335811
  116   -6.020866    0.000169    2.141408  358.838882  355.536356    3.302526
  117   -6.019014    0.000220    1.608830  358.213942  354.819054    3.394888
  118   -6.020533    0.000158    1.087347  357.709102  354.330857    3.378245
  119   -6.020488    0.000148    0.554769  357.209811  353.864852    3.344959
  120   -6.020475    0.000167    0.000000  356.671684  353.343369    3.328316
  121   -6.020539    0.000139    2.840416  359.497208  356.153999    3.343208
  122   -6.020340    0.000186    2.341125  359.001615  355.662104    3.339510
  123   -6.020724    0.000177    1.775260  358.347086  354.918912    3.428174
  124   -6.020828    0.000169    1.187205  357.831151  354.475097    3.356054
  125   -6.021002    0.000176    0.621341  357.304121  353.986901    3.317220
  126   -6.019235    0.000178    0.122049  356.777090  353.432132    3.344958
  127   -6.021126    0.000169    2.862607  359.537891  356.213174    3.324716
  128   -6.020689    0.000174    2.296743  358.972027  355.647310    3.324716
  129   -6.020683    0.000181    1.697593  358.297158  354.896722    3.400435
  130   -6.020696    0.000166    1.209396  357.853342  354.497288    3.356054
  131   -6.018652    0.000209    0.732295  357.354050  353.975805    3.378245
  132   -6.020136    0.000178    0.177526  356.832567  353.487609    3.344958
  133   -6.021329    0.000146    2.973561  359.626654  356.279747    3.346907
  134   -6.020964    0.000143    2.396601  359.057091  355.717581    3.339510
  135   -6.021141    0.000172    1.819642  358.380373  354.941103    3.439269
  136   -6.020373    0.000197    1.264873  357.897723  354.530574    3.367150
  137   -6.020646    0.000172    0.732295  357.387336  354.042378    3.344959
  138   -6.021032    0.000162    0.133145  356.799282  353.465418    3.333864
  139   -6.020767    0.000177    2.951370  359.615558  356.279747    3.335812
  140   -6.019639    0.000164    2.374411  359.031202  355.687994    3.343209
  141   -6.020929    0.000162    1.797451  358.352634  354.907817    3.444817
  142   -6.021153    0.000165    1.187205  357.858890  354.530574    3.328316
  143   -6.021284    0.000162    0.643532  357.309668  353.975805    3.333864
  144   -6.020752    0.000187    0.110954  356.777090  353.443227    3.333864
  145   -6.019503    0.000223    2.940275  359.608162  356.276048    3.332113
  146   -6.021109    0.000188    2.330029  358.986821  355.643612    3.343208
  147   -6.021058    0.000185    1.719783  358.302705  354.885626    3.417079
  148   -6.020528    0.000192    1.209396  357.869985  354.530574    3.339411
  149   -6.020789    0.000185    0.676818  357.326311  353.975805    3.350507
  150   -6.020081    0.000207    0.099858  356.815924  353.531990    3.283934
  151   -6.020645    0.000185    2.940275  359.600765  356.261255    3.339510
  152   -6.020344    0.000176    2.429888  359.090378  355.750867    3.339510
  153   -6.020477    0.000186    1.864023  358.402563  354.941103    3.461460
  154   -6.019122    0.000183    1.275968  357.919914  354.563860    3.356054
