    1   -6.020814    0.000196    2.796035  359.463922  356.131808    3.332113
    2   -6.019239    0.000201    2.241266  358.931344  355.621422    3.309922
    3   -6.020631    0.000160    1.730879  358.308252  354.885626    3.422626
    4   -6.020959    0.000185    1.131728  357.786769  354.441811    3.344959
    5   -6.020575    0.000177    0.621341  357.304121  353.986901    3.317220
    6   -6.020756    0.000189    0.066572  356.765995  353.465418    3.300577
    7   -6.020034    0.000204    2.973561  359.634051  356.294541    3.339510
    8   -6.020683    0.000174    2.429888  359.094076  355.758265    3.335812
    9   -6.020124    0.000168    1.897309  358.452492  355.007675    3.444817
   10   -6.019936    0.000176    1.353636  358.008677  354.663719    3.344958
   11   -6.020309    0.000188    0.809963  357.437265  354.064568    3.372697
   12   -6.021983    0.000156    0.221908  356.876949  353.531990    3.344959
   13   -6.021907    0.000182    2.951370  359.619257  356.287144    3.332113
   14   -6.020995    0.000198    2.396601  359.082980  355.769360    3.313621
   15   -6.021113    0.000197    1.797451  358.369277  354.941103    3.428174
   16   -6.019648    0.000225    1.253778  357.908819  354.563860    3.344959
   17   -6.020788    0.000209    0.743390  357.392884  354.042378    3.350506
   18   -6.021142    0.000182    0.144240  356.832567  353.520895    3.311673
   19   -6.020984    0.000179    2.973561  359.634051  356.294541    3.339510
   20   -6.021199    0.000193    2.418792  359.086679  355.754566    3.332113
   21   -6.020615    0.000265    1.864023  358.413658  354.963294    3.450364
   22   -6.020196    0.000208    1.253778  357.914367  354.574956    3.339411
   23   -6.021361    0.000172    0.743390  357.398432  354.053473    3.344958
   24   -6.021362    0.000195    0.177526  356.865854  353.554181    3.311672
   25   -6.020740    0.000157    2.962466  359.622956  356.283445    3.339510
   26   -6.021306    0.000190    2.396601  359.071885  355.747169    3.324716
   27   -6.021355    0.000148    1.808546  358.363729  354.918912    3.444817
   28   -6.020593    0.000202    1.264873  357.875533  354.486193    3.389340
   29   -6.021249    0.000208    0.743390  357.403979  354.064568    3.339411
   30   -6.019368    0.000180    0.144240  356.827020  353.509800    3.317220
   31   -6.020752    0.000210    3.029038  359.700623  356.372209    3.328415
   32   -6.020803    0.000186    2.452078  359.123663  355.795249    3.328415
   33   -6.020760    0.000148    1.875119  358.435850  354.996580    3.439270
   34   -6.020562    0.000180    1.309254  357.964295  354.619337    3.344959
   35   -6.019706    0.000198    0.832153  357.492742  354.153331    3.339411
   36   -6.020907    0.000166    0.288480  356.965712  353.642944    3.322768
   37   -6.020378    0.000143    3.162182  359.837466  356.512750    3.324716
   38   -6.020623    0.000168    2.607414  359.293793  355.980172    3.313621
   39   -6.019823    0.000176    2.074835  358.746420  355.418006    3.328415
   40   -6.020917    0.000198    1.486780  358.114083  354.741386    3.372697
   41   -6.020942    0.000202    0.909821  357.575958  354.242094    3.333864
   42   -6.021059    0.000204    0.410529  357.087761  353.764993    3.322768
   43   -6.021131    0.000205    3.173278  359.844863  356.516449    3.328415
   44   -6.019994    0.000207    2.651795  359.319682  355.987569    3.332113
   45   -6.021343    0.000179    2.063740  358.731627  355.399514    3.332113
   46   -6.021421    0.000218    1.453494  358.064154  354.674814    3.389340
   47   -6.020994    0.000202    0.920916  357.564862  354.208808    3.356054
   48   -6.020965    0.000172    0.332861  357.010094  353.687326    3.322767
   49   -6.019580    0.000255    3.173278  359.844863  356.516449    3.328415
   50   -6.021016    0.000180    2.574127  359.264205  355.954283    3.309922
   51   -6.020782    0.000198    2.108122  358.776009  355.443895    3.332113
   52   -6.020624    0.000220    1.475685  358.125179  354.774673    3.350506
   53   -6.020168    0.000191    0.987489  357.648078  354.308667    3.339411
   54   -6.020551    0.000205    0.443815  357.098857  353.753898    3.344958
   55   -6.021049    0.000189    3.228755  359.911436  356.594116    3.317319
   56   -6.020819    0.000177    2.707272  359.371460  356.035649    3.335812
   57   -6.020976    0.000192    2.230171  358.883264  355.536357    3.346907
   58   -6.019661    0.000186    1.597734  358.225037  354.852340    3.372697
   59   -6.021138    0.000151    1.054061  357.703554  354.353048    3.350506
   60   -6.020943    0.000186    0.499292  357.148786  353.798279    3.350507
   61   -6.020379    0.000476    0.710104  357.021189  353.332274    3.688915
   62   -6.020712    0.000162    2.762749  359.441731  356.120713    3.321018
   63   -6.019996    0.000229    2.241266  358.898058  355.554849    3.343208
   64   -6.020645    0.000153    1.664307  358.269419  354.874531    3.394888
   65   -6.020718    0.000193    1.131728  357.803413  354.475097    3.328316
   66   -6.020597    0.000191    0.632436  357.276383  353.920329    3.356054
   67   -6.020361    0.000173    0.088763  356.771543  353.454323    3.317220
   68   -6.021255    0.000171    2.918084  359.585971  356.253858    3.332113
   69   -6.020945    0.000202    2.352220  359.023805  355.695391    3.328415
   70   -6.020837    0.000178    1.808546  358.385920  354.963294    3.422626
   71   -6.021037    0.000182    1.264873  357.897723  354.530574    3.367150
   72   -6.019586    0.000194    0.665723  357.365146  354.064568    3.300578
   73   -6.020803    0.000195    0.221908  356.860306  353.498704    3.361602
   74   -6.021073    0.000202    2.906989  359.597067  356.287145    3.309922
   75   -6.020747    0.000198    2.429888  359.101473  355.773058    3.328415
   76   -6.020485    0.000162    1.897309  358.413658  354.930008    3.483651
   77   -6.019505    0.000237    1.353636  358.008677  354.663719    3.344958
   78   -6.021629    0.000183    0.776676  357.398432  354.020187    3.378244
   79   -6.021118    0.000188    0.188621  356.843662  353.498704    3.344959
   80   -6.021692    0.000190    3.006847  359.667337  356.327827    3.339510
   81   -6.021545    0.000223    2.418792  359.097774  355.776757    3.321018
   82   -6.021406    0.000186    1.786356  358.363729  354.941103    3.422627
   83   -6.021242    0.000194    1.275968  357.881080  354.486193    3.394887
   84   -6.020740    0.000186    0.710104  357.365146  354.020187    3.344958
   85   -6.021355    0.000193    0.088763  356.765995  353.443227    3.322768
   86   -6.019682    0.000179    2.906989  359.589670  356.272350    3.317319
   87   -6.021488    0.000190    2.363315  359.031202  355.699089    3.332113
   88   -6.021747    0.000194    1.719783  358.297157  354.874531    3.422626
   89   -6.021434    0.000207    1.153919  357.781222  354.408525    3.372697
   90   -6.021183    0.000178    0.588055  357.281930  353.975805    3.306125
   91   -6.019293    0.000218    0.088763  356.727162  353.365560    3.361601
   92   -6.021438    0.000206    2.807130  359.486112  356.165095    3.321018
   93   -6.020924    0.000198    2.263457  358.927645  355.591834    3.335812
   94   -6.021007    0.000177    1.686497  358.274967  354.863436    3.411531
   95   -6.021565    0.000186    1.142824  357.759031  354.375239    3.383792
   96   -6.021209    0.000191    0.532578  357.182072  353.831566    3.350506
   97   -6.021573    0.000192    3.262041  359.926229  356.590418    3.335812
   98   -6.021374    0.000182    2.673986  359.338174  356.002363    3.335812
   99   -6.021954    0.000197    2.097026  358.753818  355.410609    3.343208
  100   -6.020039    0.000186    1.442399  358.053059  354.663719    3.389340
  101   -6.021584    0.000164    0.832153  357.498290  354.164427    3.333863
  102   -6.021245    0.000184    0.288480  356.987903  353.687326    3.300577
  103   -6.021293    0.000199    3.051229  359.722814  356.394400    3.328415
  104   -6.021865    0.000211    2.474269  359.142156  355.810043    3.332113
  105   -6.020262    0.000246    1.897309  358.458040  355.018771    3.439269
  106   -6.020992    0.000194    1.320350  357.969844  354.619337    3.350507
  107   -6.021089    0.000177    0.787772  357.442813  354.097855    3.344959
  108   -6.022257    0.000199    0.133145  356.821473  353.509800    3.311673
  109   -6.022751    0.000181    2.873703  359.548987  356.224270    3.324716
  110   -6.022381    0.000213    2.241266  358.912851  355.584437    3.328415
  111   -6.021712    0.000185    1.631020  358.241680  354.852340    3.389340
  112   -6.021968    0.000176    1.042965  357.703554  354.364144    3.339410
  113   -6.021690    0.000221    0.499292  357.148786  353.798279    3.350507
  114   -6.021806    0.000182    3.195469  359.885546  356.575624    3.309923
  115   -6.022217    0.000183    2.585223  359.271602  355.957981    3.313621
  116   -6.022832    0.000184    1.919500  358.620673  355.321846    3.298827
  117   -6.022444    0.000179    1.375827  358.008677  354.641528    3.367150
  118   -6.022737    0.000191    0.665723  357.370694  354.075664    3.295029
  119   -6.021465    0.000233    0.077668  356.732709  353.387750    3.344959
  120   -6.022626    0.000183    2.784940  359.463922  356.142904    3.321018
  121   -6.022736    0.000212    2.085931  358.794501  355.503071    3.291430
  122   -6.022561    0.000186    1.497876  358.108536  354.719196    3.389340
  123   -6.022675    0.000187    0.887630  357.537124  354.186618    3.350506
  124   -6.022205    0.000209    0.244098  356.926878  353.609658    3.317220
  125   -6.022711    0.000177    2.940275  359.615559  356.290842    3.324716
  126   -6.022664    0.000186    2.296743  358.968328  355.639914    3.328415
  127   -6.023120    0.000166    1.608830  358.236133  354.863436    3.372697
  128   -6.021791    0.000170    0.965298  357.642530  354.319762    3.322768
  129   -6.022994    0.000166    0.321766  357.015641  353.709516    3.306125
  130   -6.022393    0.000173    3.040133  359.719115  356.398098    3.321018
  131   -6.022659    0.000163    2.396601  359.060790  355.724978    3.335811
  132   -6.023256    0.000175    1.708688  358.319348  354.930008    3.389340
  133   -6.022019    0.000251    1.020775  357.681364  354.341953    3.339411
  134   -6.020990    0.000225    0.410529  357.115499  353.820470    3.295029
  135   -6.022416    0.000186    3.239850  359.885546  356.531242    3.354304
  136   -6.022582    0.000212    2.529746  359.216125  355.902504    3.313621
  137   -6.023201    0.000261    1.886214  358.424754  354.963294    3.461460
  138   -6.021733    0.000283    1.187205  357.847794  354.508383    3.339411
  139   -6.022814    0.000197    0.543673  357.232001  353.920329    3.311672
  140   -6.022839    0.000188    3.250945  359.911435  356.571925    3.339510
  141   -6.022701    0.000214    2.551937  359.249411  355.946885    3.302526
  142   -6.021970    0.000172    1.963882  358.463588  354.963294    3.500294
  143   -6.022146    0.000207    1.309254  357.936557  354.563860    3.372697
  144   -6.021918    0.000186    0.665723  357.342955  354.020187    3.322768
  145   -6.021644    0.000218    0.066572  356.749352  353.432132    3.317220
  146   -6.022778    0.000190    2.773844  359.460223  356.146603    3.313621
  147   -6.020669    0.000218    2.141408  358.812993  355.484579    3.328415
  148   -6.022545    0.000180    1.508971  358.141822  354.774673    3.367149
  149   -6.022427    0.000182    0.876535  357.537124  354.197713    3.339411
  150   -6.022541    0.000178    0.255194  356.915783  353.576372    3.339411
  151   -6.022858    0.000176    2.973561  359.645146  356.316732    3.328415
  152   -6.021787    0.000212    2.330029  359.009011  355.687994    3.321018
  153   -6.022752    0.000183    1.642116  358.252776  354.863436    3.389340
