    1   -6.019114    0.000202    1.231587  357.881080  354.530574    3.350506
    2   -6.021487    0.000205    0.699009  357.348502  353.997996    3.350506
    3   -6.020232    0.000173    0.110954  356.760447  353.409941    3.350506
    4   -6.021180    0.000190    2.840416  359.500906  356.161396    3.339510
    5   -6.020662    0.000182    2.252361  358.935042  355.617723    3.317319
    6   -6.021285    0.000180    1.631020  358.230584  354.830149    3.400436
    7   -6.020954    0.000166    0.998584  357.653625  354.308667    3.344958
    8   -6.020177    0.000165    0.454910  357.143238  353.831566    3.311672
    9   -6.020701    0.000184    3.217659  359.881847  356.546036    3.335812
   10   -6.019043    0.000190    2.629604  359.297491  355.965378    3.332113
   11   -6.018085    0.000250    2.052645  358.716833  355.381022    3.335812
   12   -6.020658    0.000186    1.464590  358.064154  354.663719    3.400435
   13   -6.020323    0.000190    0.898726  357.542672  354.186618    3.356054
   14   -6.020121    0.000174    0.266289  356.943521  353.620753    3.322768
   15   -6.019535    0.000224    3.095610  359.741306  356.387002    3.354304
   16   -6.020151    0.000212    2.496460  359.171744  355.847027    3.324716
   17   -6.020085    0.000194    1.897309  358.441397  354.985485    3.455912
   18   -6.020991    0.000188    1.242682  357.892176  354.541670    3.350506
   19   -6.021866    0.000193    0.576960  357.232001  353.887042    3.344959
   20   -6.020685    0.000197   -0.022191  356.638398  353.298987    3.339411
   21   -6.020798    0.000188    2.729463  359.386254  356.043046    3.343209
   22   -6.019966    0.000222    2.141408  358.801898  355.462387    3.339510
   23   -6.018554    0.000219    1.508971  358.102988  354.697005    3.405983
   24   -6.018215    0.000216    0.887630  357.514933  354.142236    3.372697
   25   -6.018922    0.000220    0.277384  356.926878  353.576372    3.350506
   26   -6.019618    0.000200    3.062324  359.730211  356.398098    3.332113
   27   -6.020513    0.000196    2.440983  359.112568  355.784154    3.328415
   28   -6.020220    0.000159    1.841833  358.385920  354.930008    3.455913
   29   -6.018759    0.000229    1.220491  357.853342  354.486193    3.367149
   30   -6.020017    0.000168    0.687913  357.293025  353.898138    3.394887
   31   -6.019817    0.000188    0.099858  356.782638  353.465418    3.317220
   32   -6.020133    0.000175    2.873703  359.515700  356.157698    3.358003
   33   -6.019968    0.000179    2.285648  358.957233  355.628819    3.328415
   34   -6.018788    0.000190    1.753070  358.308253  354.863436    3.444817
   35   -6.020091    0.000183    1.198301  357.792317  354.386334    3.405984
   36   -6.021118    0.000161    0.599150  357.248644  353.898138    3.350506
   37   -6.020311    0.000161    0.000000  356.688328  353.376655    3.311672
   38   -6.019177    0.000216    2.784940  359.434334  356.083729    3.350606
   39   -6.020954    0.000168    2.130312  358.798199  355.466086    3.332113
   40   -6.020902    0.000178    1.520067  358.130726  354.741386    3.389341
   41   -6.019552    0.000186    0.965298  357.620340  354.275381    3.344959
   42   -6.020883    0.000187    0.466006  357.093309  353.720612    3.372697
   43   -6.019283    0.000229    3.151087  359.826371  356.501654    3.324716
   44   -6.020546    0.000173    2.596318  359.256808  355.917298    3.339510
   45   -6.019684    0.000274    1.941691  358.446945  354.952199    3.494746
   46   -6.019265    0.000229    1.420208  358.041964  354.663719    3.378244
   47   -6.019241    0.000299    0.809963  357.431718  354.053473    3.378245
   48   -6.020020    0.000176    0.244098  356.888044  353.531990    3.356054
   49   -6.020935    0.000180    2.984656  359.641448  356.298239    3.343208
   50   -6.019761    0.000193    2.463174  359.094076  355.724978    3.369098
   51   -6.018790    0.000207    1.886214  358.419206  354.952199    3.467007
   52   -6.019218    0.000180    1.275968  357.897723  354.519479    3.378244
   53   -6.019486    0.000180    0.732295  357.359598  353.986901    3.372697
   54   -6.020080    0.000181    0.177526  356.827020  353.476513    3.350506
   55   -6.020677    0.000186    2.873703  359.530494  356.187286    3.343209
   56   -6.019495    0.000183    2.341125  359.012710  355.684295    3.328415
   57   -6.018706    0.000242    1.764165  358.352634  354.941103    3.411531
   58   -6.021081    0.000170    1.131728  357.747936  354.364144    3.383792
   59   -6.019508    0.000194    0.499292  357.165429  353.831566    3.333863
   60   -6.019839    0.000180   -0.011095  356.627303  353.265701    3.361602
   61   -6.020456    0.000170    2.773844  359.434334  356.094824    3.339510
   62   -6.018949    0.000192    2.219075  358.883264  355.547452    3.335811
   63   -6.019295    0.000179    1.653211  358.258323  354.863436    3.394888
   64   -6.020535    0.000167    1.120633  357.731293  354.341953    3.389340
   65   -6.020825    0.000185    0.510387  357.148786  353.787184    3.361601
   66   -6.018901    0.000700    1.098442  357.187619  353.276797    3.910822
   67   -6.019801    0.000172    2.740558  359.412143  356.083729    3.328415
   68   -6.018300    0.000218    2.174694  358.853676  355.532659    3.321018
   69   -6.019461    0.000197    1.664307  358.252776  354.841245    3.411531
   70   -6.020800    0.000173    1.020775  357.664721  354.308667    3.356054
   71   -6.018964    0.000201    0.488197  357.143238  353.798279    3.344959
   72   -6.020414    0.000197    3.262041  359.900340  356.538639    3.361701
   73   -6.018912    0.000194    2.729463  359.393651  356.057840    3.335812
   74   -6.019554    0.000191    2.152503  358.816691  355.480880    3.335812
   75   -6.018479    0.000228    1.675402  358.258324  354.841245    3.417078
   76   -6.018413    0.000265    1.065156  357.692459  354.319762    3.372697
   77   -6.020237    0.000172    0.454910  357.104404  353.753898    3.350506
   78   -6.020223    0.000174    3.317518  359.944722  356.571925    3.372796
   79   -6.020396    0.000176    2.696177  359.330778  355.965378    3.365399
   80   -6.020896    0.000163    2.041549  358.727928  355.414308    3.313621
   81   -6.020915    0.000165    1.475685  358.064154  354.652623    3.411531
   82   -6.020861    0.000213    0.920916  357.542671  354.164427    3.378244
   83   -6.020516    0.000231    0.299575  356.971259  353.642944    3.328316
   84   -6.020119    0.000210    3.128896  359.800481  356.472067    3.328415
   85   -6.018859    0.000194    2.574127  359.245712  355.917298    3.328415
   86   -6.020186    0.000173    2.052645  358.742722  355.432800    3.309923
   87   -6.019864    0.000197    1.475685  358.086345  354.697005    3.389340
   88   -6.019827    0.000180    0.965298  357.598148  354.230999    3.367150
   89   -6.020557    0.000171    0.310671  356.993450  353.676230    3.317221
   90   -6.019130    0.000198    3.106705  359.778290  356.449876    3.328415
   91   -6.020442    0.000199    2.574127  359.230919  355.887710    3.343208
   92   -6.020652    0.000181    1.986072  358.491326  354.996580    3.494746
   93   -6.020051    0.000172    1.431304  358.053059  354.674814    3.378245
   94   -6.019645    0.000175    0.932012  357.553767  354.175522    3.378245
   95   -6.020187    0.000196    0.355052  356.987903  353.620753    3.367150
   96   -6.020540    0.000178    3.162182  359.793084  356.423987    3.369098
   97   -6.020386    0.000166    2.518651  359.182839  355.847028    3.335812
   98   -6.021099    0.000181    1.919500  358.424754  354.930008    3.494746
   99   -6.019226    0.000183    1.320350  357.964296  354.608242    3.356054
  100   -6.021108    0.000192    0.743390  357.403979  354.064568    3.339411
  101   -6.020429    0.000179    0.255194  356.904688  353.554181    3.350506
  102   -6.019790    0.000169    3.051229  359.708020  356.364812    3.343209
  103   -6.019145    0.000171    2.540841  359.212426  355.884012    3.328415
  104   -6.018217    0.000249    2.019359  358.694643  355.369926    3.324716
  105   -6.019413    0.000174    1.431304  358.047512  354.663719    3.383792
  106   -6.019088    0.000175    0.932012  357.564863  354.197713    3.367149
  107   -6.018810    0.000177    0.410529  357.082213  353.753898    3.328316
  108   -6.020201    0.000162    3.239850  359.904038  356.568227    3.335812
  109   -6.019894    0.000178    2.696177  359.360365  356.024554    3.335812
  110   -6.019536    0.000170    2.163598  358.842580  355.521563    3.321018
  111   -6.019562    0.000177    1.653211  358.247228  354.841245    3.405983
  112   -6.019323    0.000202    1.109538  357.747936  354.386334    3.361602
  113   -6.019031    0.000183    0.510387  357.187619  353.864852    3.322767
  114   -6.020049    0.000204    0.022191  356.649494  353.276797    3.372697
  115   -6.019877    0.000185    2.829321  359.497208  356.165095    3.332113
  116   -6.019913    0.000168    2.241266  358.901756  355.562246    3.339510
  117   -6.019983    0.000169    1.686497  358.297157  354.907817    3.389340
  118   -6.018290    0.000240    1.076252  357.747936  354.419620    3.328316
  119   -6.020063    0.000194    0.588055  357.220905  353.853756    3.367150
  120   -6.020385    0.000180    0.000000  356.632851  353.265701    3.367150
  121   -6.020268    0.000189    2.762749  359.423239  356.083729    3.339510
  122   -6.020610    0.000190    2.174694  358.864772  355.554850    3.309922
  123   -6.020102    0.000181    1.597734  358.213942  354.830149    3.383792
  124   -6.019318    0.000183    1.098442  357.736841  354.375239    3.361601
  125   -6.019221    0.000175    0.521483  357.187619  353.853756    3.333864
  126   -6.018536    0.000167    0.122049  356.782638  353.443227    3.339411
  127   -6.018945    0.000212    2.873703  359.537891  356.202080    3.335812
  128   -6.020264    0.000182    2.307838  358.968328  355.628818    3.339510
  129   -6.019615    0.000256    1.741974  358.319348  354.896722    3.422626
  130   -6.020632    0.000188    1.076252  357.720198  354.364144    3.356054
  131   -6.020296    0.000189    0.499292  357.176524  353.853756    3.322768
  132   -6.016562    0.001398    2.385506  357.814508  353.243511    4.570998
  133   -6.019919    0.000193    2.718367  359.389952  356.061538    3.328415
  134   -6.020332    0.000172    2.141408  358.809295  355.477181    3.332113
  135   -6.020352    0.000165    1.564448  358.186204  354.807959    3.378244
  136   -6.020331    0.000166    1.009679  357.659173  354.308667    3.350506
  137   -6.020466    0.000181    0.388338  357.026737  353.665135    3.361601
  138   -6.020999    0.000178    3.162182  359.830069  356.497956    3.332113
  139   -6.020279    0.000159    2.551937  359.234618  355.917298    3.317319
  140   -6.019784    0.000269    1.986072  358.485778  354.985485    3.500294
  141   -6.019249    0.000247    1.375827  358.014225  354.652623    3.361602
  142   -6.020623    0.000170    0.876535  357.514933  354.153331    3.361602
  143   -6.020996    0.000169    0.266289  356.943521  353.620753    3.322768
  144   -6.020851    0.000160    3.073419  359.711718  356.350017    3.361701
  145   -6.021214    0.000214    2.440983  359.086679  355.732375    3.354304
  146   -6.018787    0.000255    1.797451  358.385920  354.974389    3.411531
  147   -6.020252    0.000182    1.298159  357.903271  354.508383    3.394888
  148   -6.019884    0.000233    0.565864  357.265287  353.964710    3.300577
  149   -6.018979    0.000222    0.144240  356.793734  353.443227    3.350507
  150   -6.019587    0.000180    2.929179  359.585971  356.242762    3.343208
  151   -6.019015    0.000230    2.396601  359.064488  355.732375    3.332113
  152   -6.019268    0.000201    1.841833  358.419206  354.996580    3.422627
  153   -6.019457    0.000182    1.253778  357.897724  354.541670    3.356054
  154   -6.019170    0.000198    0.798867  357.426170  354.053473    3.372697
