    1   -6.018048    0.000189    2.951370  359.567478  356.183587    3.383892
    2   -6.018559    0.000272    2.396601  359.009011  355.621421    3.387590
    3   -6.018982    0.000135    1.830737  358.450544  355.070351    3.380193
    4   -6.016759    0.000194    1.287064  357.781223  354.275381    3.505842
    5   -6.018213    0.000278    0.809963  357.354050  353.898138    3.455912
    6   -6.018557    0.000352    0.221908  356.793734  353.365560    3.428174
    7   -6.019118    0.000317    2.995752  359.600765  356.205778    3.394987
    8   -6.015654    0.000171    2.607414  359.208728  355.810043    3.398686
    9   -6.017302    0.000149    2.041549  358.668753  355.295957    3.372796
   10   -6.017993    0.000317    1.486780  357.947653  354.408525    3.539128
   11   -6.017056    0.000403    0.843249  357.453909  354.064568    3.389341
   12   -6.013383    0.000456    0.610246  357.148786  353.687326    3.461460
   13   -6.010216    0.000493    0.554769  357.082214  353.609658    3.472555
   14   -6.016685    0.000248    0.011095  356.610659  353.210224    3.400436
   15   -6.017531    0.000400    2.851512  359.475017  356.098523    3.376495
   16   -6.017992    0.000304    2.318934  358.949836  355.580739    3.369098
   17   -6.018066    0.000327    1.830737  358.450544  355.070351    3.380193
   18   -6.015281    0.000561    1.386922  357.881080  354.375239    3.505842
   19   -6.017348    0.000314    0.887630  357.420623  353.953615    3.467007
   20   -6.016465    0.000316    0.477101  357.065570  353.654039    3.411531
   21   -6.016353    0.000991    1.664307  357.426171  353.188034    4.238136
   22   -6.020344    0.000631    2.762749  359.386254  356.009760    3.376495
   23   -6.014635    0.000604    2.252361  358.901756  355.551151    3.350605
   24   -6.015952    0.000566    1.930596  358.557800  355.185003    3.372796
   25   -6.017300    0.000335    1.375827  357.858890  354.341953    3.516937
   26   -6.016400    0.000178    0.920916  357.453909  353.986901    3.467007
   27   -6.018154    0.000304    0.366147  356.971259  353.576372    3.394888
   28   -6.012385    0.001800    3.062324  358.108536  353.154748    4.953788
   29   -6.015725    0.000291    2.895893  359.515700  356.135507    3.380193
   30   -6.015937    0.000422    2.474269  359.101473  355.728676    3.372796
   31   -6.018743    0.000248    1.997168  358.605879  355.214590    3.391289
   32   -6.015504    0.000357    1.497876  357.969843  354.441811    3.528033
   33   -6.017744    0.000347    0.954202  357.492742  354.031282    3.461460
   34   -6.016516    0.000432    0.543673  357.082213  353.620753    3.461460
   35   -6.015137    0.000369    0.133145  356.710519  353.287892    3.422627
   36   -6.017548    0.000459    3.017942  359.611860  356.205777    3.406082
   37   -6.015989    0.000517    2.474269  359.101473  355.728676    3.372796
   38   -6.016848    0.000385    1.997168  358.565196  355.133225    3.431972
   39   -6.017752    0.000371    1.398017  357.869985  354.341953    3.528032
   40   -6.011452    0.000395    1.176110  357.686912  354.197713    3.489198
   41   -6.017901    0.000318    0.643532  357.187619  353.731707    3.455913
   42   -6.010626    0.000632    0.443815  356.993450  353.543086    3.450364
   43   -6.016621    0.000383    3.306422  359.904038  356.501655    3.402384
   44   -6.016478    0.000404    2.851512  359.463922  356.076332    3.387590
   45   -6.016573    0.000443    2.396601  359.023805  355.651009    3.372796
   46   -6.015233    0.000460    1.919500  358.539307  355.159114    3.380193
   47   -6.018082    0.000250    1.364731  357.875532  354.386334    3.489199
   48   -6.013563    0.000465    1.065156  357.587053  354.108950    3.478103
   49   -6.016301    0.000285    0.488197  357.048927  353.609658    3.439269
   50   -6.017933    0.000753    3.184373  359.770894  356.357414    3.413479
   51   -6.013636    0.000577    2.796035  359.401048  356.006061    3.394987
   52   -6.017955    0.000385    2.219075  358.842580  355.466086    3.376495
   53   -6.017584    0.000333    1.753070  358.361781  354.970492    3.391289
   54   -6.016198    0.000461    1.298159  357.775675  354.253190    3.522484
   55   -6.016804    0.000371    0.865439  357.409527  353.953615    3.455912
   56   -6.014398    0.000364    0.443815  357.026737  353.609658    3.417078
   57   -6.018564    0.000277    3.317518  359.918832  356.520147    3.398686
   58   -6.016021    0.000446    2.929179  359.530494  356.131809    3.398685
   59   -6.017544    0.000385    2.341125  358.964630  355.588136    3.376495
   60   -6.016644    0.000435    1.886214  358.506021  355.125828    3.380193
   61   -6.016643    0.000334    1.420208  357.875532  354.330857    3.544676
   62   -6.016829    0.000438    1.031870  357.553767  354.075664    3.478103
   63   -6.017671    0.000352    0.499292  357.010094  353.520895    3.489199
   64   -6.014831    0.000457    0.110954  356.699423  353.287892    3.411531
   65   -6.020501    0.000704    2.751653  359.367762  355.983870    3.383891
   66   -6.015767    0.000397    2.374411  358.986821  355.599231    3.387590
   67   -6.017865    0.000546    1.775260  358.402464  355.029668    3.372796
   68   -6.015391    0.000302    1.364731  357.864438  354.364144    3.500293
   69   -6.017565    0.000316    0.898726  357.437265  353.975805    3.461461
   70   -6.015666    0.000364    0.244098  356.804829  353.365560    3.439269
   71   -6.017443    0.000199    3.206564  359.807879  356.409194    3.398685
   72   -6.017757    0.000268    2.673986  359.282697  355.891408    3.391289
   73   -6.014880    0.000277    2.163598  358.776008  355.388418    3.387590
   74   -6.017762    0.000372    1.497876  358.008677  354.519479    3.489199
   75   -6.015177    0.000439    1.231587  357.736840  354.242094    3.494746
   76   -6.016839    0.000270    0.843249  357.342955  353.842661    3.500294
   77   -6.012675    0.000402    0.432720  356.987903  353.543086    3.444817
   78   -6.015589    0.000239    3.239850  359.841165  356.442480    3.398685
   79   -6.020240    0.000613    2.596318  359.201331  355.806344    3.394987
   80   -6.015910    0.000593    1.974977  358.624372  355.273767    3.350605
   81   -6.017485    0.000283    1.564448  357.986487  354.408525    3.577962
   82   -6.017732    0.000347    0.954202  357.487194  354.020187    3.467007
   83   -6.016976    0.000284    0.377243  356.921330  353.465418    3.455913
   84   -6.017716    0.000316    3.162182  359.759798  356.357415    3.402384
   85   -6.017229    0.000315    2.529746  359.105171  355.680597    3.424575
   86   -6.015920    0.000258    1.886214  358.524513  355.162812    3.361701
   87   -6.019118    0.000191    1.331445  357.803413  354.275381    3.528032
   88   -6.018958    0.000287    0.665723  357.220906  353.776089    3.444817
   89   -6.019369    0.000360    3.428471    0.018690  356.608910    3.409781
   90   -6.015564    0.000489    2.973561  359.582272  356.190983    3.391289
   91   -6.018463    0.000313    2.429888  359.042298  355.654707    3.387590
   92   -6.016372    0.000274    1.941691  358.546704  355.151717    3.394987
   93   -6.018200    0.000170    1.298159  357.786770  354.275381    3.511389
   94   -6.019114    0.000271    0.532578  357.115499  353.698421    3.417079
   95   -6.016818    0.000188    0.177526  356.743805  353.310083    3.433721
   96   -6.018012    0.000259    2.929179  359.534192  356.139206    3.394987
   97   -6.014775    0.000408    2.452078  359.075583  355.699089    3.376495
   98   -6.015986    0.000587    1.819642  358.435750  355.051859    3.383892
   99   -6.016120    0.000196    1.320350  357.808961  354.297571    3.511390
  100   -6.019129    0.000124    0.732295  357.270835  353.809375    3.461460
  101   -6.019014    0.000238    0.099858  356.677232  353.254606    3.422626
  102   -6.018142    0.000162    2.962466  359.552685  356.142904    3.409781
  103   -6.005674    0.000599    2.807130  359.408445  356.009760    3.398685
  104   -6.019063    0.000193    2.163598  358.787103  355.410609    3.376495
  105   -6.018382    0.000368    1.597734  358.030868  354.464002    3.566866
  106   -6.019655    0.000513    1.031870  357.542671  354.053473    3.489199
  107   -6.014730    0.000350    0.432720  356.998998  353.565276    3.433722
  108   -6.019843    0.000295    3.206564  359.818974  356.431384    3.387590
  109   -6.017638    0.000180    2.673986  359.282697  355.891408    3.391289
  110   -6.017565    0.000418    2.152503  358.783405  355.414308    3.369098
  111   -6.019037    0.000401    1.653211  358.276716  354.900222    3.376495
  112   -6.017705    0.000300    1.065156  357.564862  354.064568    3.500294
  113   -6.019145    0.000430    0.454910  357.015641  353.576372    3.439269
  114   -6.018008    0.000347    3.217659  359.826371  356.435082    3.391288
  115   -6.022344    0.000687    2.540841  359.145854  355.750867    3.394987
  116   -6.018133    0.000563    1.997168  358.635467  355.273766    3.361701
  117   -6.019233    0.000392    1.431304  357.881080  354.330857    3.550224
  118   -6.017911    0.000352    0.932012  357.465004  353.997996    3.467008
  119   -6.017816    0.000466    0.377243  356.954616  353.531990    3.422627
  120   -6.017850    0.000274    3.239850  359.833768  356.427685    3.406082
  121   -6.015380    0.000162    2.784940  359.401048  356.017157    3.383892
  122   -6.017131    0.000363    2.341125  358.942439  355.543754    3.398686
  123   -6.014234    0.000950    2.185789  358.805596  355.425403    3.380193
  124   -6.018985    0.000961    1.664307  358.276717  354.889126    3.387590
  125   -6.016904    0.000515    1.209396  357.681363  354.153331    3.528033
  126   -6.016071    0.000437    0.554769  357.154334  353.753898    3.400436
  127   -6.016711    0.000544    0.122049  356.666136  353.210224    3.455913
  128   -6.013979    0.001167    3.206564  359.796783  356.387003    3.409781
  129   -6.015259    0.000520    2.629604  359.278999  355.928394    3.350605
  130   -6.016475    0.000393    2.296743  358.912851  355.528960    3.383892
  131   -6.017297    0.000179    1.786356  358.413560  355.040763    3.372796
  132   -6.017846    0.000451    1.220491  357.714649  354.208808    3.505842
  133   -6.017996    0.000337    0.765581  357.281930  353.798279    3.483651
  134   -6.018730    0.000138    0.177526  356.754900  353.332274    3.422626
  135   -6.018400    0.000533    2.995752  359.597066  356.198381    3.398686
  136   -6.018566    0.000311    2.418792  359.031202  355.643612    3.387590
  137   -6.019489    0.000140    1.819642  358.446846  355.074049    3.372796
  138   -6.018541    0.000131    1.275968  357.742388  354.208808    3.533580
  139   -6.019214    0.000291    0.676818  357.209811  353.742803    3.467008
  140   -6.016522    0.000300    0.144240  356.699423  353.254606    3.444817
  141   -6.015741    0.000255    2.951370  359.545288  356.139205    3.406082
  142   -6.017616    0.000364    2.341125  358.960932  355.580739    3.380193
  143   -6.017445    0.000326    1.897309  358.517116  355.136923    3.380193
  144   -6.018359    0.000386    1.287064  357.742389  354.197713    3.544675
  145   -6.016952    0.000418    0.599150  357.187619  353.776089    3.411530
  146   -6.017930    0.000308    0.122049  356.732709  353.343369    3.389340
  147   -6.018382    0.000431    2.984656  359.608161  356.231667    3.376495
  148   -6.017964    0.000478    2.429888  359.060790  355.691692    3.369098
  149   -6.017110    0.000447    2.052645  358.676150  355.299656    3.376495
  150   -6.020585    0.000451    1.431304  357.914367  354.397430    3.516937
  151   -6.018277    0.000294    0.965298  357.503838  354.042378    3.461460
  152   -6.020092    0.000374    0.321766  356.915783  353.509800    3.405983
  153   -6.018392    0.000286    3.128896  359.752401  356.375907    3.376495
  154   -6.018890    0.000405    2.551937  359.179141  355.806344    3.372796
