    1   -6.017054    0.000226    2.296743  358.916550  355.536357    3.380193
    2   -6.015711    0.000238    1.841833  358.469037  355.096240    3.372796
    3   -6.016536    0.000362    1.398017  357.869985  354.341953    3.528032
    4   -6.016730    0.000334    0.865439  357.431717  353.997996    3.433721
    5   -6.015373    0.000352    0.466006  357.021189  353.576372    3.444817
    6   -6.013130    0.001816    3.162182  358.169560  353.176938    4.992622
    7   -6.016294    0.000297    2.918084  359.508303  356.098523    3.409781
    8   -6.016386    0.000264    2.474269  359.071885  355.669501    3.402384
    9   -6.015444    0.000236    2.008263  358.631768  355.255274    3.376495
   10   -6.016613    0.000151    1.520067  357.980939  354.441811    3.539128
   11   -6.016895    0.000224    1.054061  357.581505  354.108950    3.472555
   12   -6.016980    0.000142    0.621341  357.143238  353.665135    3.478103
   13   -6.017290    0.000276    0.133145  356.682780  353.232415    3.450365
   14   -6.015468    0.000172    3.017942  359.611860  356.205777    3.406082
   15   -6.017332    0.000232    2.485364  359.086679  355.687994    3.398685
   16   -6.017631    0.000214    1.997168  358.609578  355.221988    3.387590
   17   -6.017228    0.000133    1.520067  357.958748  354.397430    3.561318
   18   -6.017443    0.000151    1.020775  357.531577  354.042378    3.489199
   19   -6.017138    0.000124    0.532578  357.093309  353.654039    3.439269
   20   -6.016780    0.000145    0.077668  356.638398  353.199129    3.439269
   21   -6.016587    0.000150    3.017942  359.611860  356.205777    3.406082
   22   -6.017192    0.000159    2.518651  359.123664  355.728677    3.394987
   23   -6.015552    0.000166    2.041549  358.661356  355.281163    3.380193
   24   -6.016784    0.000153    1.542257  357.992034  354.441811    3.550223
   25   -6.015888    0.000164    1.187205  357.670268  354.153331    3.516937
   26   -6.016632    0.000149    0.754486  357.270835  353.787184    3.483651
   27   -6.016520    0.000188    0.255194  356.804829  353.354464    3.450365
   28   -6.015625    0.000244    3.151087  359.733909  356.316732    3.417178
   29   -6.016095    0.000153    2.696177  359.301190  355.906203    3.394987
   30   -6.016717    0.000166    2.274552  358.868470  355.462387    3.406082
   31   -6.016175    0.000141    1.841833  358.457941  355.074050    3.383892
   32   -6.016582    0.000224    1.364731  357.836699  354.308667    3.528032
   33   -6.016706    0.000192    0.809963  357.354050  353.898138    3.455912
   34   -6.016205    0.000207    0.432720  356.987903  353.543086    3.444817
   35   -6.016801    0.000140    3.350804  359.929928  356.509051    3.420876
   36   -6.016909    0.000146    2.918084  359.512002  356.105919    3.406082
   37   -6.015777    0.000194    2.374411  358.997916  355.621422    3.376495
   38   -6.016453    0.000164    1.952786  358.576291  355.199797    3.376495
   39   -6.016959    0.000237    1.531162  357.964296  354.397430    3.566866
   40   -6.016091    0.000302    0.987489  357.548220  354.108950    3.439269
   41   -6.016208    0.000227    0.676818  357.209811  353.742803    3.467008
   42   -6.015094    0.000144    0.221908  356.765996  353.310083    3.455912
   43   -6.017395    0.000257    3.029038  359.626654  356.224270    3.402384
   44   -6.016799    0.000159    2.529746  359.145854  355.761963    3.383892
   45   -6.016992    0.000346    2.130312  358.727928  355.325545    3.402384
   46   -6.017043    0.000164    1.586639  358.019773  354.452907    3.566866
   47   -6.017422    0.000216    1.087347  357.570410  354.053473    3.516937
   48   -6.016758    0.000172    0.610246  357.148786  353.687326    3.461460
   49   -6.017308    0.000155    0.122049  356.660589  353.199129    3.461460
   50   -6.017831    0.000212    2.973561  359.563780  356.154000    3.409781
   51   -6.016203    0.000165    2.407697  359.012710  355.617723    3.394987
   52   -6.017090    0.000145    1.963882  358.576292  355.188702    3.387590
   53   -6.017834    0.000195    1.442399  357.897723  354.353048    3.544676
   54   -6.017726    0.000158    0.909821  357.415075  353.920329    3.494746
   55   -6.018345    0.000163    0.332861  356.865854  353.398846    3.467007
   56   -6.017127    0.000232    3.162182  359.745004  356.327827    3.417178
   57   -6.017216    0.000166    2.662890  359.245712  355.828535    3.417178
   58   -6.016623    0.000282    2.152503  358.753818  355.355133    3.398685
   59   -6.016528    0.000182    1.697593  358.298907  354.900222    3.398686
   60   -6.016903    0.000205    1.176110  357.664720  354.153331    3.511390
   61   -6.016186    0.000267    0.687913  357.215358  353.742803    3.472555
   62   -6.017259    0.000233    0.177526  356.716066  353.254606    3.461460
   63   -6.016911    0.000176    3.073419  359.671035  356.268652    3.402384
   64   -6.016894    0.000214    2.574127  359.182839  355.791550    3.391288
   65   -6.015702    0.000216    2.130312  358.746421  355.362529    3.383891
   66   -6.016907    0.000193    1.697593  358.298907  354.900222    3.398686
   67   -6.016821    0.000220    1.176110  357.648077  354.120045    3.528032
   68   -6.017144    0.000289    0.632436  357.170976  353.709516    3.461460
   69   -6.016643    0.000202    0.199717  356.738257  353.276797    3.461460
   70   -6.015702    0.000227    3.062324  359.648845  356.235365    3.413479
   71   -6.017061    0.000170    2.574127  359.179140  355.784154    3.394987
   72   -6.016600    0.000194    2.063740  358.668753  355.273766    3.394987
   73   -6.016745    0.000217    1.575544  357.992034  354.408525    3.583509
   74   -6.016591    0.000288    1.120633  357.598148  354.075664    3.522484
   75   -6.016654    0.000252    0.610246  357.137691  353.665135    3.472555
   76   -6.017236    0.000170    0.133145  356.677233  353.221320    3.455913
   77   -6.017560    0.000177    2.984656  359.571177  356.157698    3.413479
   78   -6.017067    0.000153    2.485364  359.090377  355.695391    3.394987
   79   -6.016318    0.000185    2.041549  358.639165  355.236782    3.402384
   80   -6.016766    0.000149    1.486780  357.925462  354.364144    3.561318
   81   -6.016397    0.000208    1.076252  357.575958  354.075664    3.500294
   82   -6.016957    0.000232    0.576960  357.087762  353.598563    3.489198
   83   -6.016088    0.000143    0.133145  356.682780  353.232415    3.450365
   84   -6.015361    0.000164    2.995752  359.585971  356.176190    3.409781
   85   -6.017444    0.000181    2.429888  359.042298  355.654707    3.387590
   86   -6.016831    0.000159    1.997168  358.616975  355.236782    3.380193
   87   -6.016408    0.000144    1.531162  357.947653  354.364144    3.583509
   88   -6.016297    0.000160    1.120633  357.598148  354.075664    3.522484
   89   -6.015781    0.000191    0.643532  357.165429  353.687326    3.478103
   90   -6.016963    0.000135    0.177526  356.721613  353.265701    3.455913
   91   -6.017087    0.000157    3.040133  359.619257  356.198381    3.420876
   92   -6.017278    0.000158    2.563032  359.171744  355.780455    3.391288
   93   -6.016049    0.000234    2.108122  358.702040  355.295957    3.406082
   94   -6.017042    0.000258    1.597734  357.997582  354.397430    3.600152
   95   -6.016934    0.000274    1.131728  357.603696  354.075664    3.528032
   96   -6.016103    0.000180    0.654627  357.198715  353.742803    3.455912
   97   -6.016402    0.000190    0.210812  356.777090  353.343369    3.433721
   98   -6.015546    0.000227    3.128896  359.715417  356.301937    3.413479
   99   -6.016755    0.000166    2.662890  359.267903  355.872917    3.394987
  100   -6.016985    0.000173    2.174694  358.783405  355.392116    3.391289
  101   -6.016597    0.000141    1.708688  358.324796  354.940905    3.383892
  102   -6.016642    0.000154    1.253778  357.742389  354.230999    3.511390
  103   -6.016052    0.000165    0.787772  357.326312  353.864852    3.461460
  104   -6.016611    0.000179    0.332861  356.893592  353.454323    3.439269
  105   -6.016499    0.000142    3.273136  359.867054  356.460971    3.406082
  106   -6.017143    0.000140    2.773844  359.367762  355.961679    3.406082
  107   -6.016552    0.000177    2.285648  358.912852  355.540055    3.372796
  108   -6.017219    0.000150    1.808546  358.420956  355.033366    3.387590
  109   -6.017072    0.000189    1.364731  357.858890  354.353048    3.505842
  110   -6.016986    0.000160    0.920916  357.453909  353.986901    3.467007
  111   -6.017401    0.000247    0.499292  357.015641  353.531990    3.483651
  112   -6.016060    0.000195    3.339708  359.937324  356.534941    3.402384
  113   -6.017046    0.000144    2.873703  359.478716  356.083729    3.394987
  114   -6.016101    0.000150    2.496460  359.094076  355.691692    3.402384
  115   -6.017075    0.000230    1.986072  358.613276  355.240480    3.372796
  116   -6.016316    0.000157    1.564448  358.025321  354.486193    3.539128
  117   -6.015783    0.000189    1.098442  357.609244  354.120045    3.489198
  118   -6.016625    0.000331    0.699009  357.243096  353.787184    3.455912
  119   -6.017353    0.000133    0.221908  356.777091  353.332274    3.444817
  120   -6.016933    0.000278    3.095610  359.708020  356.320430    3.387590
  121   -6.017477    0.000234    2.596318  359.212426  355.828535    3.383892
  122   -6.016454    0.000188    2.119217  358.742722  355.366228    3.376495
  123   -6.017642    0.000295    1.619925  358.047511  354.475097    3.572414
  124   -6.017879    0.000276    1.098442  357.620339  354.142236    3.478103
  125   -6.017474    0.000224    0.632436  357.182072  353.731707    3.450365
  126   -6.015541    0.000308    0.144240  356.716066  353.287892    3.428174
  127   -6.017174    0.000157    3.073419  359.674734  356.276049    3.398685
  128   -6.017295    0.000218    2.585223  359.193934  355.802645    3.391289
  129   -6.017549    0.000165    2.141408  358.761215  355.381022    3.380193
  130   -6.016557    0.000311    1.664307  358.284114  354.903921    3.380193
  131   -6.015384    0.000201    1.264873  357.764579  354.264285    3.500294
  132   -6.017061    0.000244    0.776676  357.309669  353.842661    3.467007
  133   -6.017455    0.000172    0.277384  356.849211  353.421037    3.428173
  134   -6.017145    0.000172    3.250945  359.848561  356.446178    3.402384
  135   -6.016910    0.000333    2.751653  359.352968  355.954283    3.398685
  136   -6.016865    0.000305    2.263457  358.864772  355.466087    3.398685
  137   -6.017280    0.000304    1.719783  358.354384  354.988985    3.365399
  138   -6.017103    0.000135    1.275968  357.759031  354.242094    3.516937
  139   -6.016419    0.000177    0.843249  357.365145  353.887042    3.478104
  140   -6.015590    0.000214    0.366147  356.937973  353.509800    3.428174
  141   -6.016585    0.000290    3.317518  359.918832  356.520147    3.398686
  142   -6.017234    0.000187    2.884798  359.478716  356.072633    3.406082
  143   -6.017042    0.000207    2.363315  358.972027  355.580738    3.391288
  144   -6.016840    0.000141    1.886214  358.506021  355.125828    3.380193
  145   -6.015012    0.000152    1.453494  357.942105  354.430716    3.511389
  146   -6.016801    0.000240    0.965298  357.498290  354.031282    3.467008
  147   -6.016818    0.000160    0.532578  357.098857  353.665135    3.433721
  148   -6.015932    0.000164    0.144240  356.699423  353.254606    3.444817
  149   -6.016399    0.000136    3.073419  359.663638  356.253858    3.409781
  150   -6.016253    0.000173    2.618509  359.223522  355.828535    3.394987
  151   -6.017909    0.000160    2.108122  358.727929  355.347736    3.380193
  152   -6.017145    0.000158    1.608830  358.036416  354.464002    3.572414
  153   -6.017023    0.000159    1.176110  357.675816  354.175522    3.500294
  154   -6.015746    0.000358    0.687913  357.226453  353.764993    3.461460
