    1   -6.016846    0.000189    3.106705  359.696924  356.287144    3.409781
    2   -6.016845    0.000148    2.629604  359.238316  355.847027    3.391288
    3   -6.018059    0.000152    2.108122  358.720532  355.332941    3.387590
    4   -6.015121    0.000157    1.653211  358.064154  354.475097    3.589057
    5   -6.017971    0.000147    1.120633  357.631435  354.142236    3.489198
    6   -6.017331    0.000135    0.610246  357.159881  353.709516    3.450365
    7   -6.018206    0.000164    0.055477  356.627303  353.199129    3.428174
    8   -6.017850    0.000149    2.962466  359.560082  356.157698    3.402384
    9   -6.018023    0.000163    2.429888  359.038599  355.647310    3.391289
   10   -6.018230    0.000134    1.919500  358.513418  355.107335    3.406082
   11   -6.018406    0.000142    1.320350  357.797866  354.275381    3.522485
   12   -6.017535    0.000148    0.843249  357.387336  353.931424    3.455913
   13   -6.016744    0.000203    0.310671  356.888044  353.465418    3.422627
   14   -6.017337    0.000152    3.239850  359.822672  356.405495    3.417178
   15   -6.017641    0.000140    2.696177  359.319682  355.943188    3.376495
   16   -6.017258    0.000145    2.241266  358.853676  355.466086    3.387590
   17   -6.017644    0.000159    1.797451  358.391369  354.985286    3.406082
   18   -6.016167    0.000156    1.231587  357.736840  354.242094    3.494746
   19   -6.017713    0.000139    0.710104  357.237549  353.764993    3.472555
   20   -6.017952    0.000135    0.210812  356.765995  353.321178    3.444817
   21   -6.018210    0.000157    3.051229  359.648845  356.246461    3.402384
   22   -6.017957    0.000149    2.529746  359.138457  355.747168    3.391289
   23   -6.017229    0.000182    2.019359  358.635467  355.251576    3.383892
   24   -6.018185    0.000148    1.475685  357.931009  354.386334    3.544676
   25   -6.017501    0.000150    1.009679  357.498290  353.986901    3.511389
   26   -6.017986    0.000145    0.443815  357.004546  353.565276    3.439269
   27   -6.016228    0.000179    3.328613  359.922531  356.516448    3.406082
   28   -6.017751    0.000147    2.829321  359.419540  356.009760    3.409781
   29   -6.017587    0.000156    2.318934  358.935042  355.551151    3.383892
   30   -6.018381    0.000171    1.808546  358.417258  355.025969    3.391288
   31   -6.018019    0.000133    1.275968  357.753484  354.230999    3.522484
   32   -6.016436    0.000180    0.710104  357.265287  353.820470    3.444817
   33   -6.017836    0.000130    0.210812  356.771543  353.332274    3.439269
   34   -6.018196    0.000143    3.029038  359.630353  356.231668    3.398685
   35   -6.018130    0.000171    2.540841  359.127362  355.713883    3.413479
   36   -6.018405    0.000141    1.963882  358.576292  355.188702    3.387590
   37   -6.017869    0.000200    1.431304  357.892176  354.353048    3.539128
   38   -6.018125    0.000144    0.887630  357.409527  353.931424    3.478103
   39   -6.018605    0.000153    0.332861  356.888044  353.443227    3.444817
   40   -6.017766    0.000160    3.184373  359.778291  356.372208    3.406082
   41   -6.016840    0.000167    2.651795  359.256808  355.861821    3.394987
   42   -6.018027    0.000148    2.119217  358.727928  355.336639    3.391289
   43   -6.017923    0.000145    1.575544  358.008677  354.441811    3.566867
   44   -6.017648    0.000155    1.109538  357.592601  354.075664    3.516937
   45   -6.017896    0.000142    0.565864  357.115499  353.665135    3.450364
   46   -6.016363    0.000178    0.066572  356.616207  353.165843    3.450365
   47   -6.017991    0.000152    2.906989  359.497208  356.087427    3.409781
   48   -6.018439    0.000148    2.318934  358.938741  355.558548    3.380193
   49   -6.018024    0.000137    1.808546  358.446845  355.085144    3.361701
   50   -6.017916    0.000203    1.287064  357.781223  354.275381    3.505842
   51   -6.016526    0.000183    0.776676  357.326311  353.875947    3.450365
   52   -6.017400    0.000143    0.355052  356.904688  353.454323    3.450365
   53   -6.017174    0.000175    3.228755  359.807879  356.387002    3.420876
   54   -6.017786    0.000148    2.673986  359.286396  355.898806    3.387590
   55   -6.016840    0.000158    2.185789  358.805596  355.425403    3.380193
   56   -6.018092    0.000145    1.653211  358.291510  354.929809    3.361701
   57   -6.018245    0.000210    1.131728  357.642530  354.153331    3.489199
   58   -6.017840    0.000153    0.610246  357.159881  353.709516    3.450365
   59   -6.017794    0.000152    0.122049  356.688328  353.254606    3.433721
   60   -6.016525    0.000168    2.973561  359.567479  356.161396    3.406082
   61   -6.016548    0.000166    2.551937  359.149553  355.747169    3.402384
   62   -6.018196    0.000156    2.008263  358.624371  355.240480    3.383892
   63   -6.017739    0.000153    1.497876  357.908819  354.319762    3.589057
   64   -6.018057    0.000149    0.954202  357.470551  353.986901    3.483651
   65   -6.016411    0.000177    0.410529  356.965712  353.520895    3.444817
   66   -6.017581    0.000214    3.228755  359.841165  356.453575    3.387590
   67   -6.018200    0.000153    2.696177  359.304888  355.913599    3.391289
   68   -6.016762    0.000153    2.252361  358.857374  355.462388    3.394987
   69   -6.017233    0.000219    1.719783  358.335892  354.952000    3.383891
   70   -6.017563    0.000268    1.187205  357.670268  354.153331    3.516937
   71   -6.017107    0.000375    0.643532  357.170976  353.698421    3.472555
   72   -6.017861    0.000184    0.144240  356.704971  353.265701    3.439270
   73   -6.017789    0.000209    3.006847  359.600765  356.194682    3.406082
   74   -6.016161    0.000186    2.507555  359.112568  355.717581    3.394987
   75   -6.017679    0.000167    2.008263  358.624371  355.240480    3.383892
   76   -6.017551    0.000152    1.486780  357.947653  354.408525    3.539128
   77   -6.017267    0.000162    1.020775  357.520481  354.020187    3.500294
   78   -6.017585    0.000162    0.488197  357.048927  353.609658    3.439269
   79   -6.016628    0.000168    3.361899  359.959515  356.557132    3.402384
   80   -6.017919    0.000195    2.784940  359.401048  356.017157    3.383892
   81   -6.018438    0.000154    2.263457  358.879565  355.495674    3.383892
   82   -6.018478    0.000153    1.675402  358.291510  354.907619    3.383892
   83   -6.016951    0.000179    1.209396  357.714650  354.219904    3.494746
   84   -6.017026    0.000159    0.721199  357.259739  353.798279    3.461460
   85   -6.018221    0.000152    0.221908  356.771543  353.321178    3.450365
   86   -6.017117    0.000135    3.073419  359.659940  356.246461    3.413479
   87   -6.017652    0.000151    2.574127  359.190236  355.806344    3.383891
   88   -6.016003    0.000259    2.097026  358.720531  355.344037    3.376495
   89   -6.016801    0.000158    1.597734  358.228636  354.859539    3.369098
   90   -6.016605    0.000141    1.187205  357.670268  354.153331    3.516937
   91   -6.016799    0.000205    0.676818  357.209811  353.742803    3.467008
   92   -6.016571    0.000287    0.221908  356.777091  353.332274    3.444817
   93   -6.014177    0.000192    3.195469  359.804180  356.412891    3.391289
   94   -6.017158    0.000186    2.718367  359.319682  355.920997    3.398685
   95   -6.014342    0.000364    2.429888  359.031202  355.632517    3.398686
   96   -6.016322    0.000263    1.941691  358.557799  355.173908    3.383892
   97   -6.017316    0.000175    1.453494  357.886628  354.319762    3.566866
   98   -6.017547    0.000199    0.954202  357.465003  353.975805    3.489199
   99   -6.017784    0.000268    0.421624  356.982355  353.543086    3.439269
  100   -6.018377    0.000193    3.250945  359.837466  356.423987    3.413479
  101   -6.017680    0.000160    2.740558  359.338174  355.935790    3.402384
  102   -6.016683    0.000217    2.163598  358.776008  355.388418    3.387590
  103   -6.018178    0.000169    1.642116  358.053059  354.464002    3.589057
  104   -6.017510    0.000325    1.165015  357.648078  354.131141    3.516937
  105   -6.017251    0.000151    0.632436  357.193167  353.753898    3.439269
  106   -6.017671    0.000161    0.122049  356.688328  353.254606    3.433721
  107   -6.015186    0.000147    3.051229  359.652543  356.253858    3.398686
  108   -6.018170    0.000280    2.474269  359.086679  355.699089    3.387590
  109   -6.017549    0.000236    1.986072  358.609577  355.233083    3.376495
  110   -6.017969    0.000196    1.431304  357.908819  354.386334    3.522485
  111   -6.016243    0.000184    1.020775  357.548220  354.075664    3.472555
  112   -6.017204    0.000155    0.543673  357.104404  353.665135    3.439269
  113   -6.017638    0.000172    0.044382  356.621756  353.199129    3.422626
  114   -6.017114    0.000159    2.951370  359.530494  356.109618    3.420876
  115   -6.018275    0.000155    2.418792  359.027504  355.636215    3.391288
  116   -6.015388    0.000385    1.930596  358.554101  355.177607    3.376495
  117   -6.018607    0.000194    1.375827  357.875533  354.375239    3.500294
  118   -6.018948    0.000218    0.854344  357.381788  353.909233    3.472556
  119   -6.015971    0.000285    0.321766  356.915783  353.509800    3.405983
  120   -6.014203    0.000297    3.228755  359.848562  356.468369    3.380193
  121   -6.013160    0.000209    2.784940  359.408445  356.031951    3.376495
  122   -6.016661    0.000166    2.318934  358.912852  355.506769    3.406082
  123   -6.017259    0.000158    1.808546  358.454242  355.099939    3.354304
  124   -6.016083    0.000356    1.364731  357.864438  354.364144    3.500293
  125   -6.015087    0.000292    0.965298  357.520481  354.075664    3.444817
  126   -6.018228    0.000152    0.488197  357.060023  353.631849    3.428174
  127   -6.015736    0.001327    2.252361  357.709102  353.165843    4.543259
  128   -6.016790    0.000423    2.940275  359.545288  356.150301    3.394987
  129   -6.015219    0.000434    2.551937  359.156950  355.761963    3.394987
  130   -6.016944    0.000172    2.052645  358.668753  355.284862    3.383892
  131   -6.016761    0.000377    1.653211  358.287812  354.922412    3.365399
  132   -6.018786    0.000412    0.976393  357.537124  354.097855    3.439269
  133   -6.012904    0.000262    0.732295  357.276382  353.820470    3.455913
  134   -6.016145    0.000196    0.299575  356.865854  353.432132    3.433721
  135   -6.017325    0.000258    2.962466  359.622956  356.283445    3.339510
  136   -6.016991    0.000289    2.607414  359.223522  355.839631    3.383892
  137   -6.016706    0.000169    2.152503  358.779707  355.406910    3.372796
  138   -6.017695    0.000173    1.631020  358.273018  354.915015    3.358002
  139   -6.016066    0.000298    1.153919  357.686912  354.219904    3.467007
  140   -6.018237    0.000278    0.632436  357.182072  353.731707    3.450365
  141   -6.019057    0.000293    0.044382  356.643946  353.243511    3.400435
  142   -6.011933    0.000300    3.040133  359.645146  356.250159    3.394987
  143   -6.018518    0.000265    2.507555  359.138457  355.769360    3.369098
  144   -6.012088    0.000378    2.108122  358.757516  355.406911    3.350606
  145   -6.017690    0.000176    1.642116  358.102988  354.563860    3.539128
  146   -6.018850    0.000127    1.120633  357.664720  354.208808    3.455913
  147   -6.016908    0.000222    0.676818  357.265287  353.853756    3.411531
  148   -6.018731    0.000281    0.110954  356.671684  353.232415    3.439269
  149   -6.016106    0.000224    2.895893  359.515700  356.135507    3.380193
  150   -6.018014    0.000359    2.418792  359.057091  355.695390    3.361701
  151   -6.019073    0.000180    1.886214  358.520815  355.155415    3.365399
  152   -6.019382    0.000146    1.320350  357.831152  354.341953    3.489199
  153   -6.019770    0.000227    0.710104  357.276383  353.842661    3.433721
