    15170    197210   1774890 sak99_06_0320391309.dat
    15096    196248   1766232 sak99_06_0323175126.dat
    15244    198172   1783548 sak99_06_0401505618.dat
    15170    197210   1774890 sak99_06_0404245550.dat
    15170    197210   1774890 sak99_06_0406585681.dat
    15170    197210   1774890 sak99_06_0409325713.dat
    15244    198172   1783548 sak99_06_0412065744.dat
    14356    186628   1679652 sak99_06_0414405776.dat
    15170    197210   1774890 sak99_06_0419522935.dat
    15096    196248   1766232 sak99_06_0422301923.dat
    15170    197210   1774890 sak99_06_0501032416.dat
    15244    198172   1783548 sak99_06_0503372448.dat
    15170    197210   1774890 sak99_06_0506112481.dat
    15170    197210   1774890 sak99_06_0508452513.dat
    15170    197210   1774890 sak99_06_0511192541.dat
    10434    135642   1220778 sak99_06_0513532573.dat
    15170    197210   1774890 sak99_06_0520001632.dat
    15170    197210   1774890 sak99_06_0522341661.dat
    15170    197210   1774890 sak99_06_0601081696.dat
    15170    197210   1774890 sak99_06_0603421725.dat
    15096    196248   1766232 sak99_06_0606220648.dat
    15170    197210   1774890 sak99_06_0608551137.dat
    15170    197210   1774890 sak99_06_0611291167.dat
     2960     38480    346320 sak99_06_0614031210.dat
    15244    198172   1783548 sak99_06_0901483327.dat
    15170    197210   1774890 sak99_06_0904223359.dat
    15170    197210   1774890 sak99_06_0906563390.dat
    15170    197210   1774890 sak99_06_0909303423.dat
    15244    198172   1783548 sak99_06_0912043454.dat
    15170    197210   1774890 sak99_06_0914383486.dat
    15170    197210   1774890 sak99_06_0917123520.dat
    15170    197210   1774890 sak99_06_0919463554.dat
    15244    198172   1783548 sak99_06_0922203586.dat
    15170    197210   1774890 sak99_06_1000543618.dat
    15170    197210   1774890 sak99_06_1003283550.dat
    15170    197210   1774890 sak99_06_1006023682.dat
    15244    198172   1783548 sak99_06_1008363713.dat
    15170    197210   1774890 sak99_06_1011103745.dat
     3330     43290    389610 sak99_06_1013443778.dat
    15170    197210   1774890 sak99_06_1023291903.dat
    15170    197210   1774890 sak99_06_1102031947.dat
     2294     29822    268398 sak99_06_1104371979.dat
    15170    197210   1774890 sak99_06_1121134491.dat
    15170    197210   1774890 sak99_06_1123474526.dat
    15244    198172   1783548 sak99_06_1202214558.dat
    15170    197210   1774890 sak99_06_1204554590.dat
    15170    197210   1774890 sak99_06_1207294622.dat
    15170    197210   1774890 sak99_06_1210034654.dat
    15244    198172   1783548 sak99_06_1212374686.dat
    15170    197210   1774890 sak99_06_1215114719.dat
    15170    197210   1774890 sak99_06_1217454752.dat
    15170    197210   1774890 sak99_06_1220194786.dat
    15244    198172   1783548 sak99_06_1222534818.dat
    13838    179894   1619046 sak99_06_1613452902.dat
    15244    198172   1783548 sak99_06_1623585131.dat
    15096    196248   1766232 sak99_06_1702360649.dat
    15170    197210   1774890 sak99_06_1705091139.dat
    15170    197210   1774890 sak99_06_1707431171.dat
    15244    198172   1783548 sak99_06_1710171202.dat
