    1   -6.018615    0.000187    2.540841  359.212426  355.884012    3.328415
    2   -6.019070    0.000214    1.963882  358.635467  355.307053    3.328415
    3   -6.019338    0.000258    1.342541  357.992035  354.641528    3.350506
    4   -6.018154    0.000187    0.843249  357.503838  354.164427    3.339411
    5   -6.019325    0.000306    0.266289  356.976807  353.687326    3.289481
    6   -6.019098    0.000266    3.128896  359.796783  356.464670    3.332113
    7   -6.018547    0.000197    2.729463  359.371461  356.013458    3.358002
    8   -6.018507    0.000179    2.185789  358.846279  355.506769    3.339510
    9   -6.017327    0.000228    1.642116  358.230585  354.819054    3.411531
   10   -6.018921    0.000182    1.120633  357.759031  354.397430    3.361602
   11   -6.018762    0.000189    0.643532  357.287478  353.931424    3.356054
   12   -6.019374    0.000169    0.110954  356.743805  353.376655    3.367149
   13   -6.019152    0.000170    2.940275  359.585971  356.231667    3.354304
   14   -6.017867    0.000189    2.429888  359.075584  355.721280    3.354304
   15   -6.019369    0.000155    1.919500  358.413658  354.907817    3.505841
   16   -6.019147    0.000177    1.375827  357.947653  354.519479    3.428174
   17   -6.019037    0.000172    0.832153  357.453909  354.075664    3.378244
   18   -6.018739    0.000133    0.288480  356.932426  353.576372    3.356054
   19   -6.019554    0.000159    3.184373  359.818974  356.453574    3.365399
   20   -6.019389    0.000144    2.662890  359.301189  355.939488    3.361701
   21   -6.019563    0.000142    2.119217  358.783405  355.447594    3.335812
   22   -6.019369    0.000168    1.586639  358.130727  354.674814    3.455912
   23   -6.018033    0.000207    1.042965  357.653625  354.264285    3.389340
   24   -6.019297    0.000175    0.521483  357.159881  353.798279    3.361602
   25   -6.019119    0.000168   -0.011095  356.666137  353.343369    3.322768
   26   -6.018913    0.000153    2.851512  359.515700  356.179889    3.335812
   27   -6.019014    0.000170    2.374411  359.045996  355.717582    3.328415
   28   -6.018025    0.000203    1.886214  358.397016  354.907817    3.489198
   29   -6.019289    0.000157    1.375827  357.958749  354.541670    3.417079
   30   -6.018449    0.000187    0.821058  357.465004  354.108950    3.356054
   31   -6.018499    0.000167    0.377243  357.010093  353.642944    3.367150
   32   -6.018905    0.000181    3.250945  359.904038  356.557131    3.346907
   33   -6.019205    0.000212    2.673986  359.345571  356.017157    3.328415
   34   -6.018896    0.000171    2.163598  358.838882  355.514166    3.324716
   35   -6.018915    0.000209    1.697593  358.252776  354.807959    3.444817
   36   -6.018635    0.000237    1.209396  357.820056  354.430716    3.389340
   37   -6.017432    0.000265    0.699009  357.337407  353.975805    3.361602
   38   -6.019104    0.000270    0.266289  356.882497  353.498704    3.383792
   39   -6.018971    0.000294    3.106705  359.767195  356.427685    3.339510
   40   -6.018958    0.000218    2.618509  359.275300  355.932092    3.343209
   41   -6.019711    0.000188    2.052645  358.727929  355.403212    3.324716
   42   -6.017829    0.000245    1.564448  358.147370  354.730291    3.417078
   43   -6.018843    0.000155    1.098442  357.703554  354.308667    3.394887
   44   -6.019062    0.000171    0.576960  357.226454  353.875947    3.350506
   45   -6.019035    0.000163    0.066572  356.727161  353.387750    3.339411
   46   -6.018548    0.000189    2.995752  359.641448  356.287144    3.354304
   47   -6.019056    0.000170    2.440983  359.101473  355.761963    3.339510
   48   -6.019069    0.000174    1.952786  358.452493  354.952199    3.500293
   49   -6.018741    0.000174    1.475685  358.030868  354.586051    3.444817
   50   -6.018552    0.000171    0.987489  357.603697  354.219904    3.383792
   51   -6.017092    0.000184    0.499292  357.143238  353.787184    3.356054
   52   -6.018620    0.000141    0.055477  356.688328  353.321178    3.367150
   53   -6.018673    0.000173    2.906989  359.567479  356.227968    3.339510
   54   -6.018751    0.000154    2.440983  359.101473  355.761963    3.339510
   55   -6.018427    0.000170    1.974977  358.452493  354.930008    3.522484
   56   -6.017336    0.000203    1.431304  358.047512  354.663719    3.383792
   57   -6.018899    0.000154    0.976393  357.592601  354.208808    3.383792
   58   -6.018852    0.000167    0.532578  357.143238  353.753898    3.389340
   59   -6.018825    0.000146   -0.033286  356.621755  353.276797    3.344959
   60   -6.019109    0.000157    2.862607  359.504605  356.146602    3.358002
   61   -6.018822    0.000156    2.352220  359.020107  355.687993    3.332113
   62   -6.019047    0.000163    1.864023  358.358182  354.852340    3.505841
   63   -6.019225    0.000146    1.364731  357.964295  354.563860    3.400436
   64   -6.019207    0.000150    0.821058  357.448361  354.075664    3.372697
   65   -6.018052    0.000185    0.299575  356.932426  353.565276    3.367150
   66   -6.018918    0.000169    3.151087  359.804180  356.457273    3.346907
   67   -6.018784    0.000152    2.685081  359.352968  356.020855    3.332113
   68   -6.019092    0.000151    2.185789  358.835184  355.484579    3.350605
   69   -6.018695    0.000163    1.653211  358.225037  354.796863    3.428174
   70   -6.016890    0.000172    1.198301  357.814508  354.430716    3.383792
   71   -6.017926    0.000144    0.776676  357.420622  354.064568    3.356054
   72   -6.018009    0.000162    0.321766  356.971259  353.620753    3.350507
   73   -6.017900    0.000162    3.262041  359.911435  356.560830    3.350606
   74   -6.018162    0.000153    2.829321  359.489811  356.150301    3.339510
   75   -6.017795    0.000167    2.396601  359.064488  355.732375    3.332113
   76   -6.017540    0.000138    1.986072  358.653959  355.321846    3.332113
   77   -6.017612    0.000173    1.653211  358.175108  354.697005    3.478103
   78   -6.017048    0.000154    1.187205  357.792317  354.397430    3.394888
   79   -6.016263    0.000150    0.754486  357.365145  353.975805    3.389341
   80   -6.018151    0.000168    0.288480  356.949069  353.609658    3.339411
   81   -6.019057    0.000166    3.173278  359.815276  356.457273    3.358002
   82   -6.018587    0.000159    2.685081  359.334476  355.983871    3.350605
   83   -6.018971    0.000153    2.185789  358.831485  355.477181    3.354304
   84   -6.017231    0.000208    1.697593  358.274967  354.852340    3.422626
   85   -6.018630    0.000157    1.209396  357.820056  354.430716    3.389340
   86   -6.018723    0.000153    0.743390  357.365146  353.986901    3.378244
   87   -6.018835    0.000163    0.244098  356.882497  353.520895    3.361602
   88   -6.018385    0.000183    3.173278  359.815276  356.457273    3.358002
   89   -6.018556    0.000182    2.651795  359.312285  355.972775    3.339510
   90   -6.018542    0.000171    2.152503  358.812993  355.473483    3.339510
   91   -6.018609    0.000187    1.653211  358.213942  354.774673    3.439269
   92   -6.018568    0.000151    1.176110  357.775675  354.375239    3.400435
   93   -6.017629    0.000152    0.665723  357.287478  353.909233    3.378245
   94   -6.018419    0.000153    0.210812  356.854758  353.498704    3.356054
   95   -6.018650    0.000150    3.117801  359.756100  356.394399    3.361701
   96   -6.018646    0.000168    2.662890  359.304888  355.946885    3.358002
   97   -6.018882    0.000161    2.108122  358.772310  355.436499    3.335812
   98   -6.017874    0.000200    1.575544  358.164013  354.752482    3.411531
   99   -6.019145    0.000176    1.065156  357.698007  354.330857    3.367150
  100   -6.018537    0.000167    0.632436  357.259739  353.887042    3.372697
  101   -6.018565    0.000169    0.122049  356.782638  353.443227    3.339411
  102   -6.018004    0.000192    3.029038  359.689528  356.350018    3.339510
  103   -6.017454    0.000205    2.574127  359.227220  355.880313    3.346907
  104   -6.018102    0.000168    2.085931  358.757516  355.429102    3.328415
  105   -6.017758    0.000170    1.631020  358.191751  354.752482    3.439269
  106   -6.017582    0.000182    1.187205  357.797865  354.408525    3.389340
  107   -6.016291    0.000156    0.776676  357.403979  354.031282    3.372697
  108   -6.017777    0.000178    0.310671  356.937973  353.565276    3.372698
  109   -6.017188    0.000184    3.262041  359.904039  356.546036    3.358002
  110   -6.018461    0.000176    2.773844  359.415842  356.057839    3.358002
  111   -6.018375    0.000174    2.274552  358.938740  355.602929    3.335812
  112   -6.016487    0.000216    1.819642  358.347086  354.874531    3.472555
  113   -6.018584    0.000155    1.298159  357.897723  354.497288    3.400435
  114   -6.018415    0.000180    0.809963  357.448361  354.086759    3.361602
  115   -6.017891    0.000162    0.377243  357.010093  353.642944    3.367150
  116   -6.018190    0.000160    3.239850  359.889245  356.538640    3.350605
  117   -6.017634    0.000202    2.751653  359.408445  356.065236    3.343208
  118   -6.018169    0.000171    2.274552  358.935042  355.595532    3.339510
  119   -6.018186    0.000161    1.797451  358.341538  354.885626    3.455913
  120   -6.017990    0.000182    1.364731  357.969844  354.574956    3.394888
  121   -6.017041    0.000152    0.954202  357.575958  354.197713    3.378244
  122   -6.018006    0.000164    0.466006  357.093309  353.720612    3.372697
  123   -6.018163    0.000184    0.000000  356.643946  353.287892    3.356054
  124   -6.018041    0.000177    2.918084  359.560082  356.202079    3.358002
  125   -6.018611    0.000151    2.407697  359.068187  355.728677    3.339510
  126   -6.016825    0.000231    1.974977  358.435850  354.896722    3.539127
  127   -6.018049    0.000153    1.497876  358.086345  354.674814    3.411531
  128   -6.018482    0.000151    1.009679  357.609243  354.208808    3.400436
  129   -6.017964    0.000158    0.565864  357.198715  353.831566    3.367149
  130   -6.018183    0.000166    0.122049  356.782638  353.443227    3.339411
  131   -6.017533    0.000189    3.006847  359.648845  356.290842    3.358002
  132   -6.018007    0.000177    2.563032  359.223522  355.884012    3.339510
  133   -6.018002    0.000171    2.085931  358.757516  355.429102    3.328415
  134   -6.018438    0.000170    1.619925  358.169560  354.719196    3.450364
  135   -6.017397    0.000167    1.109538  357.725746  354.341953    3.383792
  136   -6.018317    0.000166    0.710104  357.320764  353.931424    3.389340
  137   -6.018713    0.000168    0.244098  356.871401  353.498704    3.372697
  138   -6.018184    0.000193    3.139992  359.781990  356.423987    3.358002
  139   -6.018073    0.000162    2.696177  359.352968  356.009760    3.343209
  140   -6.016691    0.000189    2.241266  358.894359  355.547452    3.346907
  141   -6.017882    0.000167    1.764165  358.319348  354.874531    3.444817
  142   -6.018130    0.000148    1.320350  357.936558  354.552765    3.383792
  143   -6.018087    0.000170    0.843249  357.487195  354.131141    3.356054
  144   -6.018387    0.000188    0.399434  357.054475  353.709516    3.344959
  145   -6.017167    0.000208    0.011095  356.627303  353.243511    3.383792
  146   -6.018506    0.000161    2.840416  359.500906  356.161396    3.339510
  147   -6.018199    0.000160    2.429888  359.101473  355.773058    3.328415
  148   -6.017961    0.000175    2.008263  358.676150  355.344037    3.332113
  149   -6.017849    0.000181    1.531162  358.114083  354.697005    3.417079
  150   -6.018205    0.000177    1.076252  357.703554  354.330857    3.372698
  151   -6.018533    0.000162    0.588055  357.226453  353.864852    3.361602
  152   -6.018261    0.000158    0.099858  356.771543  353.443227    3.328316
