    1   -6.020958    0.000149    1.564448  358.091892  354.619337    3.472555
    2   -6.020983    0.000146    0.876535  357.498290  354.120045    3.378245
    3   -6.019671    0.000309    0.277384  356.893592  353.509800    3.383792
    4   -6.022135    0.000160    2.918084  359.563780  356.209476    3.354304
    5   -6.021473    0.000188    2.285648  358.923947  355.562246    3.361701
    6   -6.021604    0.000154    1.631020  358.164013  354.697005    3.467008
    7   -6.021426    0.000150    0.932012  357.553767  354.175522    3.378245
    8   -6.022102    0.000143    0.199717  356.849211  353.498704    3.350507
    9   -6.021016    0.000144    2.973561  359.622956  356.272351    3.350605
   10   -6.021677    0.000206    2.285648  358.942439  355.599231    3.343209
   11   -6.021077    0.000150    1.631020  358.169560  354.708100    3.461460
   12   -6.020850    0.000173    0.943107  357.553767  354.164427    3.389340
   13   -6.021747    0.000169    0.244098  356.893592  353.543086    3.350506
   14   -6.021461    0.000373    2.929179  359.567478  356.205777    3.361701
   15   -6.021398    0.000153    2.252361  358.912851  355.573341    3.339510
   16   -6.022067    0.000230    1.631020  358.175108  354.719196    3.455912
   17   -6.020848    0.000227    0.954202  357.581505  354.208808    3.372697
   18   -6.020894    0.000164    0.366147  357.004546  353.642944    3.361602
   19   -6.021299    0.000381    3.073419  359.704321  356.335224    3.369098
   20   -6.021007    0.000263    2.452078  359.094076  355.736073    3.358002
   21   -6.020619    0.000258    1.808546  358.308252  354.807959    3.500293
   22   -6.016902    0.000350    1.231587  357.842247  354.452907    3.389340
   23   -6.020027    0.000202    0.665723  357.265287  353.864852    3.400436
   24   -6.021367    0.000177   -0.011095  356.610660  353.232415    3.378245
   25   -6.021544    0.000162    2.662890  359.319682  355.976473    3.343208
   26   -6.019616    0.000173    1.986072  358.653959  355.321846    3.332113
   27   -6.020681    0.000206    1.364731  357.958748  354.552765    3.405983
   28   -6.021217    0.000238    0.643532  357.276382  353.909233    3.367150
   29   -6.021771    0.000172   -0.011095  356.616208  353.243511    3.372697
   30   -6.021006    0.000248    2.685081  359.334476  355.983871    3.350605
   31   -6.020897    0.000219    1.963882  358.616975  355.270068    3.346907
   32   -6.022623    0.000156    1.231587  357.831152  354.430716    3.400435
   33   -6.022624    0.000264    0.499292  357.132142  353.764993    3.367150
   34   -6.019811    0.000228    3.228755  359.867054  356.505353    3.361701
   35   -6.021382    0.000213    2.551937  359.219824  355.887710    3.332113
   36   -6.021138    0.000243    1.919500  358.374825  354.830149    3.544675
   37   -6.021305    0.000139    1.264873  357.847795  354.430716    3.417079
   38   -6.022228    0.000158    0.588055  357.209811  353.831566    3.378244
   39   -6.022619    0.000155    3.262041  359.907737  356.553433    3.354304
   40   -6.021828    0.000161    2.563032  359.212427  355.861822    3.350605
   41   -6.022369    0.000172    1.808546  358.308252  354.807959    3.500293
   42   -6.022491    0.000163    1.220491  357.814508  354.408525    3.405983
   43   -6.022549    0.000159    0.477101  357.115499  353.753898    3.361602
   44   -6.022751    0.000154    3.162182  359.796783  356.431384    3.365399
   45   -6.019745    0.000178    2.463174  359.119965  355.776757    3.343209
   46   -6.022602    0.000262    1.753070  358.291610  354.830149    3.461460
   47   -6.022324    0.000238    1.065156  357.670269  354.275381    3.394888
   48   -6.023017    0.000160    0.332861  356.982355  353.631849    3.350506
   49   -6.023419    0.000143    2.973561  359.637749  356.301938    3.335812
   50   -6.022579    0.000197    2.274552  358.927645  355.580738    3.346907
   51   -6.022916    0.000181    1.575544  358.136275  354.697005    3.439270
   52   -6.022052    0.000153    0.832153  357.459456  354.086759    3.372697
   53   -6.022813    0.000157    0.177526  356.799282  353.421037    3.378244
   54   -6.021970    0.000258    2.829321  359.486112  356.142904    3.343209
   55   -6.022579    0.000290    2.141408  358.794501  355.447594    3.346907
   56   -6.022975    0.000193    1.398017  357.986487  354.574956    3.411530
   57   -6.022585    0.000225    0.710104  357.337407  353.964710    3.372697
   58   -6.022788    0.000159    0.022191  356.660589  353.298987    3.361602
   59   -6.021279    0.000184    2.685081  359.341873  355.998664    3.343208
   60   -6.022360    0.000166    1.997168  358.668753  355.340339    3.328415
   61   -6.022570    0.000166    1.331445  357.908819  354.486193    3.422626
   62   -6.023066    0.000143    0.543673  357.182072  353.820470    3.361602
   63   -6.023319    0.000166    3.206564  359.844863  356.483162    3.361701
   64   -6.022239    0.000214    2.507555  359.160648  355.813741    3.346907
   65   -6.023121    0.000175    1.753070  358.302705  354.852340    3.450365
   66   -6.023134    0.000157    1.054061  357.659173  354.264285    3.394888
   67   -6.023448    0.000172    0.299575  356.949069  353.598563    3.350506
   68   -6.022101    0.000155    2.984656  359.656241  356.327827    3.328415
   69   -6.023325    0.000178    2.318934  358.953535  355.588135    3.365399
   70   -6.023054    0.000157    1.542257  358.102988  354.663719    3.439269
   71   -6.022882    0.000162    0.854344  357.465004  354.075664    3.389340
   72   -6.023105    0.000285    0.077668  356.727161  353.376655    3.350506
   73   -6.021155    0.000210    2.751653  359.397349  356.043046    3.354304
   74   -6.022860    0.000173    2.019359  358.668753  355.318148    3.350606
   75   -6.023076    0.000195    1.287064  357.881080  354.475097    3.405983
   76   -6.022521    0.000149    0.554769  357.193168  353.831566    3.361602
   77   -6.022689    0.000181    3.184373  359.841165  356.497956    3.343208
   78   -6.022342    0.000213    2.474269  359.127362  355.780455    3.346907
   79   -6.020405    0.000197    1.830737  358.330443  354.830149    3.500294
   80   -6.022980    0.000150    1.109538  357.731293  354.353048    3.378245
   81   -6.021178    0.000187    0.421624  357.076665  353.731707    3.344959
   82   -6.021588    0.000179    3.073419  359.719115  356.364812    3.354304
   83   -6.021671    0.000201    2.396601  359.057091  355.717581    3.339510
   84   -6.021843    0.000151    1.697593  358.219490  354.741386    3.478104
   85   -6.022784    0.000163    0.987489  357.598148  354.208808    3.389341
   86   -6.022906    0.000158    0.244098  356.915782  353.587467    3.328316
   87   -6.021388    0.000181    2.918084  359.582272  356.246461    3.335812
   88   -6.022922    0.000157    2.263457  358.923947  355.584437    3.339510
   89   -6.023708    0.000148    1.464590  358.064154  354.663719    3.400435
   90   -6.023434    0.000176    0.776676  357.420622  354.064568    3.356054
   91   -6.024029    0.000164    0.088763  356.743805  353.398846    3.344958
   92   -6.021708    0.000294    2.729463  359.386254  356.043046    3.343209
   93   -6.023596    0.000195    2.041549  358.698341  355.355132    3.343208
   94   -6.023751    0.000219    1.253778  357.881080  354.508383    3.372698
   95   -6.023523    0.000235    0.599150  357.232001  353.864852    3.367149
   96   -6.024147    0.000243    3.173278  359.811577  356.449876    3.361701
   97   -6.023665    0.000169    2.407697  359.071885  355.736074    3.335812
   98   -6.024027    0.000178    1.730879  358.247228  354.763577    3.483651
   99   -6.023369    0.000199    0.887630  357.559315  354.230999    3.328316
  100   -6.022245    0.000202    0.233003  356.876949  353.520895    3.356054
  101   -6.021154    0.000215    2.906989  359.552685  356.198381    3.354304
  102   -6.022232    0.000194    2.196885  358.864772  355.532658    3.332113
  103   -6.021728    0.000180    1.508971  358.086345  354.663719    3.422626
  104   -6.014772    0.000270    1.153919  357.770127  354.386334    3.383792
  105   -6.018455    0.000532    0.687913  357.342955  353.997996    3.344958
  106   -6.021942    0.000200    0.011095  356.655041  353.298987    3.356054
  107   -6.023322    0.000158    2.585223  359.256808  355.928394    3.328415
  108   -6.023659    0.000165    1.864023  358.535608  355.207194    3.328415
  109   -6.023838    0.000158    1.098442  357.714650  354.330857    3.383792
  110   -6.023298    0.000172    0.377243  357.048927  353.720612    3.328316
  111   -6.023081    0.000153    3.073419  359.730211  356.387002    3.343208
  112   -6.023503    0.000168    2.374411  359.027504  355.680597    3.346907
  113   -6.024016    0.000189    1.597734  358.175108  354.752482    3.422626
  114   -6.023971    0.000234    0.876535  357.503838  354.131141    3.372697
  115   -6.022500    0.000183    0.122049  356.788186  353.454323    3.333863
  116   -6.023793    0.000170    2.773844  359.430636  356.087427    3.343208
  117   -6.023209    0.000169    2.097026  358.746421  355.395816    3.350605
  118   -6.023904    0.000284    1.309254  357.925462  354.541670    3.383792
  119   -6.023693    0.000200    0.532578  357.187619  353.842661    3.344958
  120   -6.022334    0.000201    3.206564  359.859657  356.512750    3.346907
  121   -6.023254    0.000155    2.463174  359.127362  355.791551    3.335812
  122   -6.024669    0.000185    1.631020  358.186203  354.741386    3.444817
  123   -6.024090    0.000183    0.887630  357.537124  354.186618    3.350506
  124   -6.024092    0.000159    0.210812  356.849211  353.487609    3.361601
  125   -6.024085    0.000170    2.796035  359.449128  356.102221    3.346907
  126   -6.023364    0.000159    2.019359  358.683547  355.347736    3.335812
  127   -6.023894    0.000155    1.231587  357.836699  354.441811    3.394888
  128   -6.023805    0.000163    0.510387  357.132142  353.753898    3.378244
  129   -6.021895    0.000178    3.106705  359.748703  356.390700    3.358002
  130   -6.023041    0.000175    2.385506  359.038599  355.691692    3.346907
  131   -6.024701    0.000237    1.553353  358.119631  354.685910    3.433722
  132   -6.024692    0.000208    0.809963  357.448361  354.086759    3.361602
  133   -6.024020    0.000155    0.055477  356.682780  353.310083    3.372697
  134   -6.022182    0.000215    2.662890  359.301189  355.939488    3.361701
  135   -6.024454    0.000166    1.919500  358.572593  355.225686    3.346907
  136   -6.024558    0.000172    1.098442  357.703554  354.308667    3.394887
  137   -6.024328    0.000181    0.288480  356.943521  353.598563    3.344958
  138   -6.023727    0.000205    2.951370  359.600765  356.250160    3.350605
  139   -6.023220    0.000223    2.196885  358.853676  355.510468    3.343209
  140   -6.023572    0.000166    1.431304  358.019773  354.608242    3.411531
