    1   -6.012754    0.000332    1.009679  357.537124  354.064568    3.472555
    2   -6.013632    0.000491    0.721199  357.254192  353.787184    3.467007
    3   -6.012689    0.000337    0.332861  356.876949  353.421037    3.455912
    4   -6.011423    0.000487    0.099858  356.638398  353.176938    3.461460
    5   -6.013111    0.000317    2.973561  359.585971  356.198381    3.387590
    6   -6.013592    0.000423    2.673986  359.230919  355.787852    3.443067
    7   -6.013577    0.000405    2.219075  358.824088  355.429101    3.394987
    8   -6.010098    0.000929    1.974977  358.572593  355.170209    3.402384
    9   -6.012081    0.000603    1.608830  358.030868  354.452907    3.577962
   10   -6.013253    0.000451    1.220491  357.731292  354.242094    3.489198
   11   -6.012051    0.000421    1.031870  357.553767  354.075664    3.478103
   12   -6.016540    0.000656    0.599150  357.165428  353.731707    3.433722
   13   -6.003939    0.000875    0.565864  357.098857  353.631849    3.467007
   14   -6.006752    0.001006    0.432720  356.993450  353.554181    3.439269
   15   -6.006006    0.001064    0.399434  356.937973  353.476513    3.461460
   16   -6.015494    0.000699    3.350804  359.918832  356.486861    3.431972
   17   -6.010720    0.000702    3.062324  359.656242  356.250159    3.406082
   18   -6.007845    0.000732    2.918084  359.508303  356.098523    3.409781
   19   -6.013427    0.000375    2.540841  359.131060  355.721280    3.409781
   20   -6.010281    0.000474    2.274552  358.901756  355.528960    3.372796
   21   -6.013526    0.000446    1.941691  358.531910  355.122130    3.409781
   22   -6.013683    0.000402    1.486780  357.942105  354.397430    3.544675
   23   -6.014129    0.000368    1.120633  357.636982  354.153331    3.483651
   24   -6.013891    0.000309    0.832153  357.337407  353.842661    3.494746
   25   -6.012116    0.000397    0.521483  357.065571  353.609658    3.455912
   26   -6.012819    0.000382    0.210812  356.771543  353.332274    3.439269
   27   -6.010445    0.000504    3.284232  359.855959  356.427685    3.428273
   28   -6.014170    0.000760    2.873703  359.452827  356.031950    3.420876
   29   -6.013064    0.000201    2.463174  359.060790  355.658406    3.402384
   30   -6.009608    0.000451    2.396601  358.994217  355.591834    3.402384
   31   -6.013645    0.000283    2.074835  358.668753  355.262670    3.406082
   32   -6.011579    0.000215    1.730879  358.125179  354.519479    3.605700
   33   -6.014362    0.000248    1.275968  357.808961  354.341953    3.467007
   34   -6.011219    0.000339    0.943107  357.481647  354.020187    3.461460
   35   -6.016955    0.000635    0.410529  356.976808  353.543086    3.433721
   36   -6.012773    0.000188    0.177526  356.716066  353.254606    3.461460
   37   -6.012620    0.000359    3.139992  359.726513  356.313033    3.413479
   38   -6.011773    0.000452    2.906989  359.508303  356.109618    3.398686
   39   -6.013841    0.000193    2.507555  359.108870  355.710185    3.398685
   40   -6.013457    0.000244    2.163598  358.761214  355.358831    3.402384
   41   -6.010232    0.000399    1.941691  358.531910  355.122130    3.409781
   42   -6.012989    0.000308    1.564448  357.986487  354.408525    3.577962
   43   -6.014065    0.000353    1.098442  357.609244  354.120045    3.489198
   44   -6.012872    0.000265    0.787772  357.320764  353.853756    3.467008
   45   -6.011767    0.000224    0.477101  357.004546  353.531990    3.472555
   46   -6.013168    0.000284    0.122049  356.677232  353.232415    3.444817
   47   -6.011402    0.000254    3.228755  359.815276  356.401796    3.413479
   48   -6.013704    0.000219    2.884798  359.478716  356.072633    3.406082
   49   -6.012226    0.000282    2.551937  359.168045  355.784154    3.383892
   50   -6.011426    0.000181    2.352220  358.953535  355.554850    3.398685
   51   -6.013636    0.000172    1.974977  358.594784  355.214591    3.380193
   52   -6.013935    0.000347    1.608830  358.053059  354.497288    3.555771
   53   -6.012744    0.000178    1.309254  357.786769  354.264285    3.522485
   54   -6.013793    0.000169    0.965298  357.459456  353.953615    3.505842
   55   -6.011723    0.000198    0.610246  357.137691  353.665135    3.472555
   56   -6.013098    0.000355    0.188621  356.754899  353.321178    3.433722
   57   -6.013365    0.000397    3.173278  359.759799  356.346319    3.413479
   58   -6.009710    0.000475    2.951370  359.552685  356.154000    3.398685
   59   -6.012932    0.000206    2.618509  359.230919  355.843329    3.387590
   60   -6.013329    0.000166    2.241266  358.857374  355.473483    3.383892
   61   -6.009123    0.000304    2.130312  358.731627  355.332942    3.398685
   62   -6.015416    0.000235    1.575544  358.003130  354.430716    3.572414
   63   -6.014557    0.000273    1.231587  357.686912  354.142236    3.544675
   64   -6.013567    0.000415    0.887630  357.442813  353.997996    3.444817
   65   -6.011639    0.000324    0.732295  357.248644  353.764993    3.483651
   66   -6.011725    0.000338    0.366147  356.899140  353.432132    3.467007
   67   -6.010189    0.000336    0.199717  356.760447  353.321178    3.439270
   68   -6.014908    0.000431    3.128896  359.730211  356.331526    3.398685
   69   -6.010490    0.000320    2.829321  359.438033  356.046744    3.391288
   70   -6.015266    0.000270    2.418792  359.020107  355.621422    3.398685
   71   -6.013152    0.000409    2.052645  358.665055  355.277465    3.387590
   72   -6.014158    0.000205    1.675402  358.080798  354.486193    3.594604
   73   -6.013778    0.000203    1.342541  357.808961  354.275381    3.533580
   74   -6.009428    0.000831    0.887630  357.448361  354.009092    3.439269
   75   -6.011845    0.000396    0.765581  357.281930  353.798279    3.483651
   76   -6.013942    0.000155    0.410529  356.954616  353.498704    3.455913
   77   -6.010977    0.000201    0.177526  356.743805  353.310083    3.433721
   78   -6.014283    0.000301    3.117801  359.722814  356.327827    3.394987
   79   -6.008496    0.000424    2.984656  359.563780  356.142904    3.420876
   80   -6.012097    0.000262    2.518651  359.116267  355.713883    3.402384
   81   -6.014059    0.000361    2.174694  358.783405  355.392116    3.391289
   82   -6.012890    0.000355    1.841833  358.465338  355.088844    3.376495
   83   -6.011370    0.000480    1.497876  357.964296  354.430716    3.533580
   84   -6.012924    0.000415    1.187205  357.670268  354.153331    3.516937
   85   -6.011565    0.000365    0.776676  357.326311  353.875947    3.450365
   86   -6.013357    0.000289    0.621341  357.159881  353.698421    3.461460
   87   -6.013665    0.000270    0.144240  356.721613  353.298987    3.422627
   88   -6.013446    0.000265    3.162182  359.752401  356.342621    3.409781
   89   -6.011007    0.000335    2.984656  359.574875  356.165095    3.409781
   90   -6.011885    0.000330    2.729463  359.319682  355.909901    3.409781
   91   -6.014898    0.000195    2.274552  358.875867  355.477182    3.398685
   92   -6.012777    0.000401    1.819642  358.435750  355.051859    3.383892
   93   -6.008647    0.000558    1.741974  358.335892  354.929809    3.406082
   94   -6.014001    0.000357    1.331445  357.781222  354.230999    3.550223
   95   -6.012099    0.000261    1.042965  357.537124  354.031282    3.505842
   96   -6.011164    0.000453    0.809963  357.331859  353.853756    3.478104
   97   -6.012189    0.000359    0.488197  357.043380  353.598563    3.444817
   98   -6.013087    0.000268    0.210812  356.788186  353.365560    3.422626
   99   -6.013756    0.000379    3.250945  359.830069  356.409193    3.420876
  100   -6.012589    0.000327    2.951370  359.519399  356.087427    3.431971
  101   -6.012401    0.000314    2.662890  359.264205  355.865520    3.398685
  102   -6.012002    0.000320    2.241266  358.853676  355.466086    3.387590
  103   -6.012830    0.000315    1.974977  358.594784  355.214591    3.380193
  104   -6.013889    0.000221    1.608830  358.025321  354.441811    3.583510
  105   -6.015277    0.000286    1.120633  357.664720  354.208808    3.455913
  106   -6.013959    0.000285    0.776676  357.320764  353.864852    3.455912
  107   -6.012982    0.000193    0.477101  357.021188  353.565276    3.455913
  108   -6.013344    0.000292    0.199717  356.732709  353.265701    3.467008
  109   -6.012948    0.000470    3.217659  359.793084  356.368510    3.424575
  110   -6.015071    0.000226    2.796035  359.401048  356.006061    3.394987
  111   -6.011107    0.000347    2.440983  359.057091  355.673200    3.383892
  112   -6.013784    0.000186    2.130312  358.735325  355.340338    3.394987
  113   -6.012941    0.000224    1.753070  358.152918  354.552765    3.600152
  114   -6.013562    0.000414    1.320350  357.792317  354.264285    3.528033
  115   -6.012416    0.000231    1.076252  357.575958  354.075664    3.500294
  116   -6.013386    0.000236    0.676818  357.187619  353.698421    3.489199
  117   -6.014551    0.000368    0.233003  356.771543  353.310083    3.461460
  118   -6.014265    0.000203    3.195469  359.770894  356.346320    3.424575
  119   -6.014764    0.000331    2.740558  359.375159  356.009759    3.365399
  120   -6.012690    0.000319    2.507555  359.097774  355.687994    3.409781
  121   -6.013543    0.000321    2.185789  358.783405  355.381022    3.402384
  122   -6.013936    0.000276    1.775260  358.395067  355.014874    3.380193
  123   -6.014345    0.000282    1.375827  357.858890  354.341953    3.516937
  124   -6.013487    0.000331    1.042965  357.537124  354.031282    3.505842
  125   -6.013896    0.000360    0.510387  357.087761  353.665135    3.422626
  126   -6.013405    0.000226    0.244098  356.788186  353.332274    3.455912
  127   -6.013034    0.000243    3.250945  359.837466  356.423987    3.413479
  128   -6.011726    0.000338    2.962466  359.556384  356.150301    3.406082
  129   -6.013058    0.000212    2.707272  359.301190  355.895107    3.406082
  130   -6.013598    0.000216    2.274552  358.868470  355.462387    3.406082
  131   -6.014746    0.000151    1.830737  358.450544  355.070351    3.380193
  132   -6.014155    0.000187    1.453494  357.925462  354.397430    3.528032
  133   -6.013868    0.000180    1.087347  357.603696  354.120045    3.483651
  134   -6.012717    0.000378    0.798867  357.315217  353.831566    3.483650
  135   -6.014440    0.000229    0.343957  356.876949  353.409941    3.467008
  136   -6.015145    0.000195    3.273136  359.859657  356.446177    3.413479
  137   -6.012722    0.000324    2.995752  359.589670  356.183587    3.406082
  138   -6.013958    0.000386    2.540841  359.156950  355.773058    3.383891
  139   -6.014267    0.000195    2.207980  358.812993  355.418006    3.394987
  140   -6.015568    0.000151    1.797451  358.169560  354.541670    3.627891
  141   -6.014623    0.000157    1.353636  357.825603  354.297571    3.528032
  142   -6.011926    0.000329    1.065156  357.581505  354.097855    3.483651
  143   -6.015432    0.000173    0.610246  357.170976  353.731707    3.439270
  144   -6.012498    0.000217    0.299575  356.827020  353.354464    3.472555
  145   -6.013166    0.000260    3.217659  359.841164  356.464670    3.376495
  146   -6.015932    0.000245    2.840416  359.430635  356.020855    3.409781
  147   -6.014723    0.000135    2.440983  359.045996  355.651009    3.394987
  148   -6.013618    0.000293    1.919500  358.561498  355.203495    3.358002
  149   -6.014284    0.000187    1.597734  358.030868  354.464002    3.566866
  150   -6.013926    0.000167    1.275968  357.747936  354.219904    3.528032
  151   -6.014822    0.000160    0.798867  357.298573  353.798279    3.500294
  152   -6.013951    0.000235    0.499292  357.021189  353.543086    3.478103
  153   -6.014654    0.000240    0.022191  356.582921  353.143652    3.439270
