    1   -6.015716    0.000176    0.133145  356.716066  353.298987    3.417079
    2   -6.014324    0.000272    3.139992  359.741306  356.342621    3.398686
    3   -6.015470    0.000184    2.685081  359.286396  355.887711    3.398685
    4   -6.014397    0.000246    2.352220  358.968328  355.584437    3.383892
    5   -6.015128    0.000165    1.952786  358.363729  354.774673    3.589056
    6   -6.012801    0.000181    1.553353  358.064154  354.574956    3.489199
    7   -6.015332    0.000173    1.209396  357.709102  354.208808    3.500294
    8   -6.015778    0.000173    0.743390  357.326311  353.909233    3.417079
    9   -6.014520    0.000257    0.421624  356.982355  353.543086    3.439269
   10   -6.012866    0.001485    2.618509  357.875533  353.132557    4.742976
   11   -6.011888    0.000259    3.029038  359.634051  356.239064    3.394987
   12   -6.015463    0.000175    2.563032  359.186537  355.810043    3.376495
   13   -6.015434    0.000184    2.130312  358.761214  355.392117    3.369098
   14   -6.014331    0.000215    1.808546  358.241680  354.674814    3.566866
   15   -6.015953    0.000171    1.342541  357.881081  354.419620    3.461460
   16   -6.014606    0.000197    0.954202  357.520480  354.086759    3.433722
   17   -6.014566    0.000141    0.676818  357.220905  353.764993    3.455913
   18   -6.016145    0.000170    0.221908  356.782639  353.343369    3.439269
   19   -6.015894    0.000161    3.184373  359.796783  356.409193    3.387590
   20   -6.014689    0.000163    2.729463  359.345571  355.961680    3.383892
   21   -6.014829    0.000227    2.374411  358.990519  355.606628    3.383892
   22   -6.015454    0.000162    1.974977  358.587387  355.199797    3.387590
   23   -6.015400    0.000160    1.553353  358.047511  354.541670    3.505842
   24   -6.015068    0.000181    1.198301  357.736841  354.275381    3.461460
   25   -6.012851    0.000225    0.865439  357.403979  353.942519    3.461460
   26   -6.015212    0.000179    0.477101  357.043380  353.609658    3.433721
   27   -6.015537    0.000164    0.033286  356.616208  353.199129    3.417078
   28   -6.014699    0.000234    3.040133  359.648845  356.257556    3.391288
   29   -6.015979    0.000182    2.640700  359.242014  355.843329    3.398686
   30   -6.014663    0.000209    2.196885  358.816692  355.436499    3.380193
   31   -6.015422    0.000153    1.741974  358.213942  354.685910    3.528032
   32   -6.013706    0.000171    1.398017  357.931010  354.464002    3.467007
   33   -6.015553    0.000158    0.943107  357.514933  354.086759    3.428174
   34   -6.014685    0.000136    0.565864  357.109951  353.654039    3.455912
   35   -6.015393    0.000162    0.177526  356.760447  353.343369    3.417079
   36   -6.015082    0.000191    3.173278  359.778291  356.383304    3.394987
   37   -6.014906    0.000171    2.784940  359.375159  355.965378    3.409781
   38   -6.014886    0.000145    2.429888  359.027504  355.625120    3.402384
   39   -6.013655    0.000182    1.986072  358.594784  355.203495    3.391288
   40   -6.015245    0.000140    1.575544  358.069702  354.563860    3.505842
   41   -6.014859    0.000180    1.176110  357.720197  354.264285    3.455913
   42   -6.014672    0.000180    0.821058  357.376241  353.931424    3.444817
   43   -6.014481    0.000204    0.432720  357.054475  353.676230    3.378245
   44   -6.013456    0.000219    0.110954  356.699423  353.287892    3.411531
   45   -6.014504    0.000177    3.117801  359.719116  356.320431    3.398685
   46   -6.014545    0.000141    2.718367  359.334476  355.950584    3.383891
   47   -6.015818    0.000177    2.318934  358.935042  355.551151    3.383892
   48   -6.015480    0.000171    1.952786  358.561498  355.170209    3.391288
   49   -6.015368    0.000158    1.475685  357.980939  354.486193    3.494746
   50   -6.014566    0.000187    1.120633  357.642530  354.164427    3.478103
   51   -6.015941    0.000155    0.710104  357.243096  353.776089    3.467007
   52   -6.015675    0.000155    0.310671  356.876949  353.443227    3.433722
   53   -6.014216    0.000155    3.250945  359.852260  356.453575    3.398685
   54   -6.015008    0.000206    2.851512  359.475017  356.098523    3.376495
   55   -6.015370    0.000169    2.518651  359.112569  355.706486    3.406082
   56   -6.014951    0.000182    2.074835  358.713134  355.351433    3.361701
   57   -6.015913    0.000223    1.741974  358.202846  354.663719    3.539128
   58   -6.013035    0.000213    1.375827  357.886629  354.397430    3.489199
   59   -6.015689    0.000141    0.965298  357.520481  354.075664    3.444817
   60   -6.015347    0.000140    0.610246  357.176525  353.742803    3.433722
   61   -6.015944    0.000179    0.133145  356.749352  353.365560    3.383792
   62   -6.015143    0.000182    3.173278  359.770894  356.368510    3.402384
   63   -6.015040    0.000217    2.807130  359.419540  356.031950    3.387590
   64   -6.015906    0.000171    2.363315  358.983122  355.602929    3.380193
   65   -6.014723    0.000197    1.974977  358.598482  355.221988    3.376495
   66   -6.015288    0.000144    1.553353  358.041963  354.530574    3.511390
   67   -6.013175    0.000252    1.198301  357.753484  354.308667    3.444817
   68   -6.015049    0.000171    0.843249  357.387336  353.931424    3.455913
   69   -6.016094    0.000147    0.355052  356.915782  353.476513    3.439269
   70   -6.016047    0.000163    3.328613  359.922531  356.516448    3.406082
   71   -6.015221    0.000187    2.940275  359.548986  356.157697    3.391289
   72   -6.014271    0.000182    2.507555  359.119965  355.732375    3.387590
   73   -6.015328    0.000159    2.130312  358.739024  355.347735    3.391288
   74   -6.015381    0.000173    1.730879  358.186204  354.641528    3.544675
   75   -6.015672    0.000174    1.309254  357.847794  354.386334    3.461460
   76   -6.015866    0.000141    0.920916  357.437265  353.953615    3.483650
   77   -6.015718    0.000152    0.466006  357.021189  353.576372    3.444817
   78   -6.015177    0.000160    0.033286  356.638398  353.243511    3.394887
   79   -6.016532    0.000234    2.906989  359.519399  356.131809    3.387590
   80   -6.015898    0.000171    2.463174  359.071885  355.680596    3.391289
   81   -6.014993    0.000229    2.019359  358.650261  355.281163    3.369098
   82   -6.016938    0.000143    1.553353  358.036416  354.519479    3.516937
   83   -6.015344    0.000270    1.131728  357.692459  354.253190    3.439269
   84   -6.016927    0.000218    0.654627  357.220906  353.787184    3.433721
   85   -6.016797    0.000145    0.133145  356.738257  353.343369    3.394888
   86   -6.015154    0.000226    3.062324  359.667337  356.272350    3.394987
   87   -6.016058    0.000163    2.618509  359.238316  355.858123    3.380193
   88   -6.015443    0.000141    2.230171  358.849978  355.469785    3.380193
   89   -6.017324    0.000147    1.708688  358.186204  354.663719    3.522484
   90   -6.015919    0.000171    1.309254  357.853342  354.397430    3.455912
   91   -6.015444    0.000176    0.932012  357.476100  354.020187    3.455912
   92   -6.015835    0.000169    0.488197  357.071118  353.654039    3.417079
   93   -6.014984    0.000156    0.110954  356.666137  353.221320    3.444817
   94   -6.016722    0.000157    3.017942  359.630352  356.242762    3.387590
   95   -6.014847    0.000165    2.540841  359.153251  355.765661    3.387590
   96   -6.014676    0.000178    2.130312  358.757516  355.384720    3.372796
   97   -6.017317    0.000156    1.675402  358.169560  354.663719    3.505841
   98   -6.016658    0.000142    1.209396  357.725745  354.242094    3.483651
   99   -6.017203    0.000151    0.687913  357.276383  353.864852    3.411530
  100   -6.014942    0.000165    0.288480  356.860306  353.432132    3.428174
  101   -6.017350    0.000154    3.139992  359.759799  356.379606    3.380193
  102   -6.016678    0.000258    2.729463  359.349270  355.969077    3.380193
  103   -6.017445    0.000175    2.252361  358.868470  355.484578    3.383891
  104   -6.017145    0.000151    1.764165  358.225037  354.685910    3.539128
  105   -6.015742    0.000172    1.386922  357.919915  354.452907    3.467008
  106   -6.017218    0.000301    0.876535  357.420623  353.964710    3.455912
  107   -6.015687    0.000165    0.466006  357.048927  353.631849    3.417079
  108   -6.016536    0.000171    0.022191  356.610660  353.199129    3.411531
  109   -6.014886    0.000157    2.951370  359.560082  356.168793    3.391288
  110   -6.014778    0.000225    2.574127  359.179140  355.784154    3.394987
  111   -6.016076    0.000175    2.074835  358.709436  355.344037    3.365399
  112   -6.015727    0.000196    1.653211  358.136274  354.619337    3.516937
  113   -6.015614    0.000183    1.253778  357.797866  354.341953    3.455913
  114   -6.013825    0.000235    0.809963  357.387337  353.964710    3.422626
  115   -6.016422    0.000151    0.388338  356.971260  353.554181    3.417078
  116   -6.016683    0.000304    3.239850  359.859657  356.479464    3.380193
  117   -6.014777    0.000177    2.840416  359.463921  356.087427    3.376495
  118   -6.016982    0.000169    2.352220  358.983122  355.614025    3.369098
  119   -6.016276    0.000198    1.908405  358.539307  355.170210    3.369098
  120   -6.014874    0.000169    1.520067  358.025321  354.530574    3.494746
  121   -6.017611    0.000206    0.976393  357.531576  354.086759    3.444817
  122   -6.016589    0.000192    0.543673  357.104404  353.665135    3.439269
  123   -6.014937    0.000223    0.144240  356.721613  353.298987    3.422627
  124   -6.014250    0.000215    3.151087  359.763497  356.375907    3.387590
  125   -6.016133    0.000184    2.707272  359.338174  355.969077    3.369098
  126   -6.015524    0.000149    2.341125  358.960932  355.580739    3.380193
  127   -6.015470    0.000166    1.952786  358.358182  354.763577    3.594605
  128   -6.014331    0.000255    1.497876  358.014225  354.530574    3.483651
  129   -6.013697    0.000273    1.165015  357.698007  354.230999    3.467008
  130   -6.016435    0.000169    0.621341  357.226453  353.831566    3.394887
  131   -6.016052    0.000213    0.233003  356.815924  353.398846    3.417079
  132   -6.016971    0.000185    3.151087  359.745005  356.338922    3.406082
  133   -6.014857    0.000182    2.740558  359.349270  355.957981    3.391288
  134   -6.015808    0.000160    2.285648  358.916550  355.547452    3.369098
  135   -6.016617    0.000156    1.830737  358.274967  354.719196    3.555770
  136   -6.015352    0.000144    1.420208  357.931009  354.441811    3.489199
  137   -6.016415    0.000169    0.898726  357.487195  354.075664    3.411531
  138   -6.016162    0.000170    0.454910  357.026736  353.598563    3.428173
  139   -6.016275    0.000161    0.055477  356.621756  353.188034    3.433721
  140   -6.017070    0.000172    2.873703  359.497208  356.120714    3.376495
  141   -6.016141    0.000170    2.452078  359.094076  355.736073    3.358002
  142   -6.014401    0.000177    2.130312  358.742722  355.355132    3.387590
  143   -6.016586    0.000170    1.653211  358.114083  354.574956    3.539128
  144   -6.016621    0.000183    1.198301  357.725746  354.253190    3.472555
  145   -6.016566    0.000140    0.721199  357.270834  353.820470    3.450365
  146   -6.016168    0.000152    0.266289  356.865853  353.465418    3.400435
  147   -6.015630    0.000192    3.195469  359.804180  356.412891    3.391289
  148   -6.016578    0.000156    2.718367  359.341872  355.965378    3.376495
  149   -6.015044    0.000174    2.307838  358.931343  355.554849    3.376495
  150   -6.015910    0.000169    1.864023  358.494925  355.125828    3.369098
  151   -6.015226    0.000144    1.409113  357.936557  354.464002    3.472555
  152   -6.015476    0.000176    1.042965  357.598148  354.153331    3.444817
  153   -6.015429    0.000214    0.654627  357.248644  353.842661    3.405983
