    1   -6.015122    0.000154    3.162182  359.770894  356.379605    3.391288
    2   -6.014457    0.000269    2.729463  359.341873  355.954283    3.387590
    3   -6.014371    0.000235    2.429888  359.045996  355.662105    3.383892
    4   -6.017267    0.000218    1.963882  358.583689  355.203496    3.380193
    5   -6.014480    0.000363    1.531162  358.053059  354.574956    3.478103
    6   -6.015777    0.000188    1.054061  357.631434  354.208808    3.422627
    7   -6.013935    0.000163    0.721199  357.259739  353.798279    3.461460
    8   -6.015668    0.000155    0.321766  356.893592  353.465418    3.428174
    9   -6.015650    0.000221    3.284232  359.892943  356.501654    3.391289
   10   -6.013886    0.000254    3.006847  359.622955  356.239064    3.383892
   11   -6.015697    0.000225    2.485364  359.097774  355.710184    3.387590
   12   -6.016222    0.000159    2.052645  358.679849  355.307052    3.372796
   13   -6.016529    0.000161    1.642116  358.119631  354.597147    3.522484
   14   -6.016115    0.000137    1.153919  357.698007  354.242094    3.455912
   15   -6.017372    0.000158    0.665723  357.243096  353.820470    3.422627
   16   -6.015552    0.000188    0.177526  356.765995  353.354464    3.411531
   17   -6.016723    0.000160    3.106705  359.708020  356.309335    3.398685
   18   -6.016348    0.000150    2.651795  359.275300  355.898806    3.376495
   19   -6.016243    0.000180    2.174694  358.798199  355.421705    3.376495
   20   -6.015906    0.000167    1.741974  358.230585  354.719196    3.511389
   21   -6.015662    0.000178    1.320350  357.842247  354.364144    3.478103
   22   -6.016970    0.000156    0.798867  357.387336  353.975805    3.411531
   23   -6.015799    0.000153    0.443815  357.015641  353.587467    3.428174
   24   -6.014274    0.000207    0.077668  356.666137  353.254606    3.411531
   25   -6.014705    0.000185    3.029038  359.645146  356.261255    3.383892
   26   -6.016298    0.000184    2.551937  359.171744  355.791551    3.380193
   27   -6.015621    0.000163    2.185789  358.798199  355.410609    3.387590
   28   -6.015897    0.000177    1.741974  358.202846  354.663719    3.539128
   29   -6.014878    0.000172    1.386922  357.903271  354.419620    3.483651
   30   -6.014910    0.000199    0.876535  357.459456  354.042378    3.417079
   31   -6.014929    0.000186    0.565864  357.143238  353.720612    3.422626
   32   -6.015728    0.000334    0.122049  356.710518  353.298987    3.411531
   33   -6.015906    0.000235    3.017942  359.637749  356.257556    3.380193
   34   -6.015289    0.000165    2.662890  359.275300  355.887710    3.387590
   35   -6.013267    0.000164    2.274552  358.886962  355.499372    3.387590
   36   -6.016708    0.000184    1.841833  358.274967  354.708100    3.566867
   37   -6.015092    0.000175    1.442399  357.992034  354.541670    3.450365
   38   -6.015218    0.000162    1.076252  357.614792  354.153331    3.461461
   39   -6.015522    0.000158    0.654627  357.182072  353.709516    3.472555
   40   -6.015283    0.000151    0.266289  356.849211  353.432132    3.417078
   41   -6.016284    0.000161    3.162182  359.763497  356.364812    3.398685
   42   -6.015463    0.000148    2.796035  359.404746  356.013457    3.391289
   43   -6.015894    0.000152    2.385506  359.009011  355.632517    3.376495
   44   -6.014932    0.000182    1.986072  358.613276  355.240480    3.372796
   45   -6.016422    0.000169    1.442399  357.980939  354.519479    3.461460
   46   -6.015471    0.000160    1.120633  357.664720  354.208808    3.455913
   47   -6.016312    0.000153    0.699009  357.265287  353.831566    3.433721
   48   -6.016483    0.000157    0.199717  356.788186  353.376655    3.411531
   49   -6.014525    0.000163    3.184373  359.778291  356.372208    3.406082
   50   -6.015865    0.000152    2.696177  359.312285  355.928394    3.383892
   51   -6.016280    0.000167    2.307838  358.916550  355.525261    3.391288
   52   -6.016601    0.000141    1.808546  358.247228  354.685910    3.561318
   53   -6.016020    0.000151    1.442399  357.931009  354.419620    3.511390
   54   -6.014866    0.000197    0.987489  357.531577  354.075664    3.455912
   55   -6.015986    0.000162    0.565864  357.159881  353.753898    3.405983
   56   -6.014557    0.000305    0.166431  356.749352  353.332274    3.417079
   57   -6.017295    0.000155    3.084515  359.700623  356.316732    3.383892
   58   -6.015589    0.000231    2.596318  359.219823  355.843329    3.376495
   59   -6.015564    0.000157    2.185789  358.805596  355.425403    3.380193
   60   -6.016155    0.000179    1.730879  358.208394  354.685910    3.522484
   61   -6.016283    0.000148    1.298159  357.820056  354.341953    3.478103
   62   -6.016271    0.000144    0.854344  357.387337  353.920329    3.467008
   63   -6.013501    0.000207    0.443815  356.998998  353.554181    3.444817
   64   -6.014752    0.001170    2.008263  357.581505  353.154748    4.426758
   65   -6.016095    0.000147    2.895893  359.500906  356.105919    3.394987
   66   -6.016632    0.000151    2.429888  359.057092  355.684295    3.372796
   67   -6.015377    0.000236    2.041549  358.665054  355.288560    3.376495
   68   -6.016734    0.000214    1.542257  358.041964  354.541670    3.500293
   69   -6.016549    0.000203    1.031870  357.592601  354.153331    3.439270
   70   -6.015400    0.000162    0.621341  357.187619  353.753898    3.433721
   71   -6.015961    0.000164    0.199717  356.760447  353.321178    3.439270
   72   -6.014825    0.000175    3.128896  359.719115  356.309335    3.409781
   73   -6.014348    0.000336    2.740558  359.352968  355.965378    3.387590
   74   -6.015891    0.000198    2.318934  358.935042  355.551151    3.383892
   75   -6.014748    0.000304    2.008263  358.620673  355.233083    3.387590
   76   -6.016061    0.000423    1.542257  358.047511  354.552765    3.494746
   77   -6.015400    0.000354    0.987489  357.531577  354.075664    3.455912
   78   -6.016292    0.000157    0.521483  357.098857  353.676230    3.422627
   79   -6.016396    0.000158    0.022191  356.616207  353.210224    3.405984
   80   -6.015996    0.000155    2.962466  359.585971  356.209477    3.376495
   81   -6.015161    0.000140    2.629604  359.238316  355.847027    3.391288
   82   -6.015665    0.000238    2.152503  358.768611  355.384720    3.383892
   83   -6.014165    0.000327    1.797451  358.252775  354.708100    3.544676
   84   -6.015697    0.000169    1.409113  357.925462  354.441811    3.483651
   85   -6.016026    0.000172    0.920916  357.498290  354.075664    3.422626
   86   -6.012438    0.000450    0.610246  357.159881  353.709516    3.450365
   87   -6.015496    0.000388    0.133145  356.743805  353.354464    3.389341
   88   -6.015119    0.000249    3.106705  359.704321  356.301938    3.402384
   89   -6.015856    0.000156    2.662890  359.267903  355.872917    3.394987
   90   -6.015504    0.000169    2.263457  358.890661  355.517864    3.372796
   91   -6.013184    0.000216    1.875119  358.506021  355.136923    3.369098
   92   -6.013687    0.000236    1.520067  358.036416  354.552765    3.483651
   93   -6.015483    0.000288    1.065156  357.603696  354.142236    3.461460
   94   -6.012174    0.000285    0.798867  357.370693  353.942519    3.428174
   95   -6.013919    0.000368    0.421624  357.015641  353.609658    3.405983
   96   -6.014957    0.000252    0.044382  356.621756  353.199129    3.422626
   97   -6.015731    0.000220    3.017942  359.626654  356.235365    3.391288
   98   -6.015158    0.000165    2.574127  359.186537  355.798947    3.387590
   99   -6.015238    0.000161    2.185789  358.812993  355.440197    3.372796
  100   -6.014863    0.000323    1.719783  358.191751  354.663719    3.528032
  101   -6.016047    0.000187    1.309254  357.842246  354.375239    3.467007
  102   -6.016013    0.000154    0.909821  357.459456  354.009092    3.450365
  103   -6.014502    0.000205    0.466006  357.076666  353.687326    3.389340
  104   -6.015465    0.000208    0.110954  356.704971  353.298987    3.405983
  105   -6.013830    0.000272    3.029038  359.645146  356.261255    3.383892
  106   -6.015611    0.000240    2.729463  359.330777  355.932092    3.398686
  107   -6.015785    0.000306    2.274552  358.883264  355.491975    3.391288
  108   -6.016152    0.000174    1.786356  358.236133  354.685910    3.550223
  109   -6.016168    0.000192    1.375827  357.908819  354.441811    3.467008
  110   -6.016131    0.000271    0.876535  357.415075  353.953615    3.461460
  111   -6.016246    0.000190    0.366147  356.949069  353.531990    3.417079
  112   -6.013160    0.001662    2.873703  357.997582  353.121461    4.876121
  113   -6.015919    0.000340    2.884798  359.489811  356.094824    3.394987
  114   -6.013121    0.000399    2.452078  359.079282  355.706486    3.372796
  115   -6.016056    0.000328    2.008263  358.635467  355.262671    3.372796
  116   -6.016016    0.000256    1.597734  358.108536  354.619337    3.489199
  117   -6.014793    0.000292    1.298159  357.858890  354.419620    3.439269
  118   -6.014537    0.000252    0.887630  357.437265  353.986901    3.450365
  119   -6.012797    0.000455    0.488197  357.060023  353.631849    3.428174
  120   -6.016758    0.000280    0.266289  356.693875  353.121461    3.572414
  121   -6.017161    0.000185    2.829321  359.441731  356.054141    3.387590
  122   -6.014997    0.000330    2.429888  359.045996  355.662105    3.383892
  123   -6.016884    0.000276    1.952786  358.572593  355.192400    3.380193
  124   -6.013732    0.000343    1.531162  358.036416  354.541670    3.494746
  125   -6.016324    0.000178    1.109538  357.631434  354.153331    3.478104
  126   -6.015899    0.000180    0.710104  357.254191  353.798279    3.455913
  127   -6.015907    0.000381    0.321766  356.882497  353.443227    3.439270
  128   -6.015958    0.000345    3.195469  359.793085  356.390701    3.402384
  129   -6.013988    0.000290    2.818226  359.434334  356.050443    3.383892
  130   -6.017136    0.000371    2.285648  358.909153  355.532659    3.376495
  131   -6.014940    0.000334    1.875119  358.297158  354.719196    3.577962
  132   -6.015741    0.000213    1.464590  357.992034  354.519479    3.472555
  133   -6.013179    0.000426    1.042965  357.603696  354.164427    3.439269
  134   -6.016490    0.000192    0.632436  357.215357  353.798279    3.417079
  135   -6.015848    0.000223    0.188621  356.765995  353.343369    3.422626
  136   -6.016276    0.000328    3.106705  359.719115  356.331525    3.387590
  137   -6.017037    0.000321    2.529746  359.153251  355.776757    3.376495
  138   -6.014172    0.000219    2.130312  358.750119  355.369926    3.380193
  139   -6.016527    0.000261    1.631020  358.102988  354.574956    3.528032
  140   -6.015628    0.000160    1.209396  357.736840  354.264285    3.472556
  141   -6.017007    0.000338    0.676818  357.243096  353.809375    3.433722
  142   -6.016795    0.000163    0.221908  356.777091  353.332274    3.444817
  143   -6.015553    0.000160    3.162182  359.759798  356.357415    3.402384
  144   -6.014140    0.000168    2.796035  359.401048  356.006061    3.394987
  145   -6.015493    0.000289    2.363315  358.972027  355.580738    3.391288
  146   -6.015610    0.000261    1.841833  358.480132  355.118431    3.361701
  147   -6.012352    0.000336    1.520067  358.019773  354.519479    3.500294
  148   -6.016441    0.000290    1.009679  357.570410  354.131141    3.439269
  149   -6.015147    0.000291    0.588055  357.137690  353.687326    3.450365
  150   -6.014756    0.000196    0.177526  356.738257  353.298987    3.439269
  151   -6.014578    0.000185    3.151087  359.770894  356.390701    3.380193
  152   -6.013806    0.000151    2.740558  359.345571  355.950584    3.394987
  153   -6.017370    0.000164    2.196885  358.805596  355.414307    3.391289
  154   -6.014598    0.000209    1.741974  358.180655  354.619337    3.561319
