    1   -6.015978    0.000294    2.463174  359.079282  355.695391    3.383892
    2   -6.015593    0.000322    2.052645  358.665055  355.277465    3.387590
    3   -6.012089    0.000256    1.864023  358.465338  355.066653    3.398685
    4   -6.013364    0.000370    1.508971  357.958748  354.408525    3.550223
    5   -6.014671    0.000331    1.087347  357.598148  354.108950    3.489199
    6   -6.012252    0.000429    0.754486  357.276382  353.798279    3.478104
    7   -6.013311    0.000392    0.399434  356.926878  353.454323    3.472555
    8   -6.011772    0.000413    0.166431  356.738257  353.310083    3.428174
    9   -6.013276    0.000343    3.073419  359.659940  356.246461    3.413479
   10   -6.013729    0.000514    2.751653  359.334475  355.917298    3.417178
   11   -6.014044    0.000382    2.307838  358.901756  355.495673    3.406082
   12   -6.014335    0.000357    1.897309  358.524513  355.151717    3.372796
   13   -6.013363    0.000412    1.564448  358.008677  354.452907    3.555771
   14   -6.013873    0.000316    1.209396  357.725745  354.242094    3.483651
   15   -6.014725    0.000325    0.743390  357.293025  353.842661    3.450364
   16   -6.013466    0.000404    0.399434  356.965712  353.531990    3.433722
   17   -6.014689    0.000345    0.055477  356.599564  353.143652    3.455913
   18   -6.012831    0.000415    3.017942  359.622955  356.227969    3.394987
   19   -6.013643    0.000338    2.662890  359.264205  355.865520    3.398685
   20   -6.015778    0.000193    2.207980  358.812993  355.418006    3.394987
   21   -6.015050    0.000297    1.830737  358.439449  355.048160    3.391288
   22   -6.006666    0.000845    1.741974  358.064154  354.386334    3.677820
   23   -6.010598    0.000744    1.542257  357.980938  354.419620    3.561318
   24   -6.012248    0.000562    1.142824  357.698007  354.253190    3.444817
   25   -6.013939    0.000432    0.876535  357.426170  353.975805    3.450365
   26   -6.014376    0.000394    0.510387  357.054475  353.598563    3.455912
   27   -6.014549    0.000418    0.077668  356.621755  353.165843    3.455913
   28   -6.015549    0.000272    2.995752  359.589670  356.183587    3.406082
   29   -6.014926    0.000366    2.551937  359.149553  355.747169    3.402384
   30   -6.014960    0.000334    2.174694  358.779707  355.384720    3.394987
   31   -6.014861    0.000371    1.719783  358.343288  354.966794    3.376495
   32   -6.012269    0.000346    1.409113  357.881080  354.353048    3.528032
   33   -6.014411    0.000254    1.065156  357.575957  354.086759    3.489199
   34   -6.014902    0.000164    0.621341  357.154334  353.687326    3.467007
   35   -6.009991    0.000590    0.443815  357.026737  353.609658    3.417078
   36   -6.014432    0.000435    0.099858  356.660589  353.221320    3.439269
   37   -6.008164    0.000618    3.328613  359.922531  356.516448    3.406082
   38   -6.011892    0.000464    3.095610  359.682131  356.268651    3.413479
   39   -6.013073    0.000419    2.784940  359.367762  355.950584    3.417178
   40   -6.012029    0.000438    2.418792  359.031202  355.643612    3.387590
   41   -6.013115    0.000411    2.063740  358.665055  355.266370    3.398685
   42   -6.015661    0.000335    1.586639  358.030868  354.475097    3.555771
   43   -6.013766    0.000470    1.220491  357.720197  354.219904    3.500293
   44   -6.014237    0.000313    0.843249  357.376241  353.909233    3.467008
   45   -6.012502    0.000404    0.554769  357.109952  353.665135    3.444817
   46   -6.010564    0.000769    0.221908  356.788186  353.354464    3.433722
   47   -6.014013    0.000409    3.217659  359.800481  356.383304    3.417178
   48   -6.014077    0.000367    2.818226  359.423239  356.028252    3.394987
   49   -6.011301    0.000517    2.673986  359.271602  355.869218    3.402384
   50   -6.010953    0.000669    2.540841  359.131060  355.721280    3.409781
   51   -6.009793    0.000471    2.230171  358.827787  355.425403    3.402384
   52   -6.013751    0.000382    1.852928  358.469036  355.085145    3.383892
   53   -6.015962    0.000394    1.198301  357.720197  354.242094    3.478104
   54   -6.014475    0.000430    0.920916  357.448360  353.975805    3.472555
   55   -6.012451    0.000353    0.599150  357.148786  353.698421    3.450365
   56   -6.013547    0.000220    0.221908  356.793734  353.365560    3.428174
   57   -6.011667    0.000356    0.066572  356.616207  353.165843    3.450365
   58   -6.013580    0.000396    2.995752  359.582273  356.168793    3.413479
   59   -6.011702    0.000470    2.707272  359.301190  355.895107    3.406082
   60   -6.011645    0.000405    2.374411  358.972027  355.569643    3.402384
   61   -6.013310    0.000339    1.952786  358.587387  355.221987    3.365399
   62   -6.014367    0.000353    1.597734  358.014225  354.430716    3.583509
   63   -6.010862    0.000410    1.386922  357.875533  354.364144    3.511389
   64   -6.014936    0.000372    1.009679  357.537124  354.064568    3.472555
   65   -6.012259    0.000352    0.610246  357.165429  353.720612    3.444817
   66   -6.014892    0.000464    0.233003  356.754900  353.276797    3.478103
   67   -6.014450    0.000263    3.206564  359.785688  356.364811    3.420876
   68   -6.014148    0.000349    2.895893  359.489811  356.083728    3.406082
   69   -6.013303    0.000362    2.418792  359.005313  355.591833    3.413479
   70   -6.013058    0.000310    2.052645  358.657658  355.262671    3.394987
   71   -6.014160    0.000290    1.553353  358.036416  354.519479    3.516937
   72   -6.010714    0.000449    1.420208  357.886628  354.353048    3.533580
   73   -6.013036    0.000329    1.120633  357.642530  354.164427    3.478103
   74   -6.013275    0.000327    0.699009  357.232001  353.764993    3.467008
   75   -6.015069    0.000149    0.299575  356.810376  353.321178    3.489199
   76   -6.013481    0.000274    3.317518  359.892943  356.468369    3.424575
   77   -6.013169    0.000175    2.951370  359.545288  356.139205    3.406082
   78   -6.013037    0.000399    2.540841  359.142156  355.743471    3.398685
   79   -6.012946    0.000245    2.196885  358.790803  355.384720    3.406082
   80   -6.013945    0.000321    1.808546  358.424655  355.040763    3.383891
   81   -6.013710    0.000398    1.331445  357.842246  354.353048    3.489198
   82   -6.014156    0.000332    0.965298  357.498290  354.031282    3.467008
   83   -6.014285    0.000250    0.621341  357.159881  353.698421    3.461460
   84   -6.015421    0.000386    0.110954  356.721614  353.332274    3.389340
   85   -6.013599    0.000391    3.206564  359.796783  356.387003    3.409781
   86   -6.012748    0.000379    2.940275  359.534193  356.128110    3.406082
   87   -6.009005    0.000276    2.784940  359.371461  355.957981    3.413479
   88   -6.010895    0.000568    2.496460  359.075584  355.654707    3.420876
   89   -6.011452    0.000351    2.252361  358.849977  355.447594    3.402384
   90   -6.012005    0.000363    1.974977  358.579990  355.185003    3.394987
   91   -6.015422    0.000396    1.464590  357.942105  354.419620    3.522485
   92   -6.012547    0.000422    1.187205  357.670268  354.153331    3.516937
   93   -6.013399    0.000312    0.798867  357.315217  353.831566    3.483650
   94   -6.014592    0.000294    0.332861  356.865854  353.398846    3.467007
   95   -6.010871    0.001886    3.250945  358.186203  353.121461    5.064742
   96   -6.014104    0.000327    2.995752  359.593368  356.190984    3.402384
   97   -6.014776    0.000182    2.607414  359.197633  355.787852    3.409781
   98   -6.013797    0.000308    2.141408  358.779707  355.418006    3.361701
   99   -6.013265    0.000382    1.830737  358.439449  355.048160    3.391288
  100   -6.014542    0.000434    1.409113  357.875533  354.341953    3.533580
  101   -6.015354    0.000260    0.976393  357.492742  354.009092    3.483650
  102   -6.012576    0.000430    0.610246  357.170976  353.731707    3.439270
  103   -6.014958    0.000172    0.188621  356.754899  353.321178    3.433722
  104   -6.014869    0.000372    3.151087  359.711719  356.272351    3.439368
  105   -6.014495    0.000439    2.784940  359.378858  355.972775    3.406082
  106   -6.014297    0.000298    2.407697  359.012710  355.617723    3.394987
  107   -6.010732    0.000552    2.097026  358.698341  355.299656    3.398685
  108   -6.014325    0.000417    1.531162  358.025321  354.519479    3.505842
  109   -6.014646    0.000490    1.209396  357.692459  354.175522    3.516937
  110   -6.015266    0.000284    0.809963  357.331859  353.853756    3.478104
  111   -6.014104    0.000285    0.432720  356.987903  353.543086    3.444817
  112   -6.013827    0.000348    0.055477  356.627303  353.199129    3.428174
  113   -6.014685    0.000318    3.062324  359.645146  356.227969    3.417178
  114   -6.014504    0.000169    2.640700  359.245713  355.850726    3.394987
  115   -6.013794    0.000301    2.252361  358.864771  355.477181    3.387590
  116   -6.012713    0.000225    1.864023  358.476433  355.088843    3.387590
  117   -6.013281    0.000339    1.497876  357.942105  354.386334    3.555771
  118   -6.015685    0.000161    1.031870  357.564863  354.097855    3.467008
  119   -6.014994    0.000165    0.599150  357.159881  353.720612    3.439269
  120   -6.013748    0.000362    0.188621  356.749352  353.310083    3.439269
  121   -6.014345    0.000216    3.106705  359.700623  356.294540    3.406082
  122   -6.015152    0.000190    2.762749  359.356667  355.950584    3.406082
  123   -6.014055    0.000299    2.330029  358.942439  355.554849    3.387590
  124   -6.015125    0.000204    1.941691  358.546704  355.151717    3.394987
  125   -6.013238    0.000227    1.619925  358.047511  354.475097    3.572414
  126   -6.014668    0.000298    1.231587  357.725746  354.219904    3.505842
  127   -6.013259    0.000398    0.809963  357.365146  353.920329    3.444817
  128   -6.014611    0.000158    0.521483  357.065571  353.609658    3.455912
  129   -6.014737    0.000272    0.177526  356.721613  353.265701    3.455913
  130   -6.014763    0.000342    3.084515  359.667337  356.250160    3.417178
  131   -6.016021    0.000202    2.563032  359.168045  355.773058    3.394987
  132   -6.015465    0.000363    2.185789  358.790802  355.395815    3.394987
  133   -6.015350    0.000285    1.730879  358.125179  354.519479    3.605700
  134   -6.016514    0.000379    1.165015  357.681364  354.197713    3.483651
  135   -6.014305    0.000207    0.776676  357.293025  353.809375    3.483651
  136   -6.015617    0.000297    0.321766  356.893592  353.465418    3.428174
  137   -6.015705    0.000158    3.295327  359.878149  356.460972    3.417178
  138   -6.015673    0.000147    2.796035  359.397350  355.998665    3.398685
  139   -6.016611    0.000152    2.341125  358.938741  355.536357    3.402384
  140   -6.014954    0.000182    1.908405  358.524513  355.140622    3.383892
  141   -6.015976    0.000309    1.453494  357.931010  354.408525    3.522484
  142   -6.014615    0.000217    1.065156  357.592601  354.120045    3.472555
  143   -6.015438    0.000281    0.643532  357.176524  353.709516    3.467008
  144   -6.013864    0.000278    0.288480  356.832567  353.376655    3.455912
  145   -6.015820    0.000439    3.184373  359.774592  356.364812    3.409781
  146   -6.013631    0.000384    2.751653  359.341872  355.932092    3.409781
  147   -6.013440    0.000369    2.352220  358.953535  355.554850    3.398685
  148   -6.013266    0.000385    1.963882  358.576292  355.188702    3.387590
  149   -6.012454    0.000349    1.542257  357.992034  354.441811    3.550223
  150   -6.013664    0.000321    1.298159  357.775675  354.253190    3.522484
  151   -6.013599    0.000321    0.843249  357.387336  353.931424    3.455913
  152   -6.014092    0.000336    0.466006  357.010094  353.554181    3.455912
  153   -6.013288    0.000284    0.155335  356.688328  353.221320    3.467007
