    1   -6.021595    0.000160    2.884798  359.523097  356.161396    3.361701
    2   -6.020826    0.000161    2.252361  358.879565  355.506769    3.372796
    3   -6.021193    0.000164    1.553353  358.036416  354.519479    3.516937
    4   -6.020546    0.000185    0.943107  357.514933  354.086759    3.428174
    5   -6.020429    0.000122    0.321766  356.893592  353.465418    3.428174
    6   -6.019974    0.000165    3.006847  359.622955  356.239064    3.383892
    7   -6.020698    0.000149    2.363315  358.972027  355.580738    3.391288
    8   -6.019141    0.000172    1.631020  358.080797  354.530574    3.550223
    9   -6.020728    0.000148    0.998584  357.520481  354.042378    3.478103
   10   -6.020343    0.000148    0.332861  356.899140  353.465418    3.433721
   11   -6.020530    0.000160    2.973561  359.593368  356.213175    3.380193
   12   -6.022332    0.000231    2.307838  358.912851  355.517864    3.394987
   13   -6.019619    0.000186    1.553353  358.187954  354.822554    3.365399
   14   -6.020507    0.000140    0.887630  357.409527  353.931424    3.478103
   15   -6.020139    0.000146    0.277384  356.821472  353.365560    3.455912
   16   -6.020225    0.000137    2.995752  359.582273  356.168793    3.413479
   17   -6.020263    0.000179    2.330029  358.949836  355.569643    3.380193
   18   -6.020448    0.000202    1.631020  358.239732  354.848443    3.391288
   19   -6.020144    0.000151    0.987489  357.487195  353.986901    3.500294
   20   -6.020096    0.000311    0.321766  356.871401  353.421037    3.450365
   21   -6.020880    0.000186    3.006847  359.593368  356.179888    3.413479
   22   -6.020932    0.000317    2.330029  358.931344  355.532659    3.398685
   23   -6.021453    0.000195    1.619925  358.228637  354.837348    3.391288
   24   -6.021000    0.000157    0.932012  357.437265  353.942519    3.494746
   25   -6.020320    0.000143    0.255194  356.793734  353.332274    3.461460
   26   -6.022545    0.000280    2.895893  359.497208  356.098523    3.398685
   27   -6.018092    0.000287    2.274552  358.883264  355.491975    3.391288
   28   -6.020003    0.000182    1.575544  358.195351  354.815158    3.380193
   29   -6.021045    0.000175    0.865439  357.392884  353.920329    3.472555
   30   -6.020896    0.000141    0.210812  356.765995  353.321178    3.444817
   31   -6.022086    0.000235    2.862607  359.456525  356.050442    3.406082
   32   -6.019013    0.000215    2.252361  358.846279  355.440196    3.406082
   33   -6.021120    0.000164    1.520067  357.919915  354.319762    3.600152
   34   -6.020614    0.000143    0.832153  357.359598  353.887042    3.472555
   35   -6.021314    0.000172    0.188621  356.749352  353.310083    3.439269
   36   -6.019424    0.000558    2.906989  359.512002  356.117015    3.394987
   37   -6.021611    0.000244    2.141408  358.761215  355.381022    3.380193
   38   -6.021332    0.000308    1.475685  357.903271  354.330857    3.572414
   39   -6.021387    0.000168    0.754486  357.276382  353.798279    3.478104
   40   -6.020308    0.000176    0.066572  356.638398  353.210224    3.428174
   41   -6.018961    0.000199    2.718367  359.334476  355.950584    3.383891
   42   -6.019322    0.000148    2.108122  358.716833  355.325544    3.391289
   43   -6.020572    0.000133    1.386922  357.825603  354.264285    3.561319
   44   -6.020808    0.000361    0.699009  357.237549  353.776089    3.461460
   45   -6.021304    0.000247    3.350804  359.937325  356.523845    3.413479
   46   -6.020167    0.000162    2.640700  359.238316  355.835932    3.402384
   47   -6.021075    0.000145    1.919500  358.535608  355.151717    3.383892
   48   -6.021760    0.000151    1.131728  357.636982  354.142236    3.494746
   49   -6.021985    0.000226    0.443815  356.998998  353.554181    3.444817
   50   -6.021227    0.000162    3.084515  359.696925  356.309335    3.387590
   51   -6.022093    0.000200    2.330029  358.960931  355.591834    3.369098
   52   -6.021993    0.000165    1.553353  358.199049  354.844745    3.354304
   53   -6.022082    0.000191    0.887630  357.398432  353.909233    3.489199
   54   -6.022398    0.000155    0.099858  356.671684  353.243511    3.428173
   55   -6.020675    0.000235    2.762749  359.360365  355.957981    3.402384
   56   -6.020362    0.000215    2.074835  358.683547  355.292258    3.391288
   57   -6.021064    0.000185    1.320350  357.770127  354.219904    3.550223
   58   -6.020369    0.000238    0.621341  357.154334  353.687326    3.467007
   59   -6.020336    0.000138    3.339708  359.918832  356.497956    3.420876
   60   -6.020658    0.000212    2.607414  359.216125  355.824836    3.391289
   61   -6.022450    0.000307    1.963882  358.557800  355.151717    3.406082
   62   -6.020728    0.000375    1.275968  357.747936  354.219904    3.528032
   63   -6.021528    0.000275    0.554769  357.098857  353.642944    3.455913
   64   -6.019750    0.000239    3.295327  359.885546  356.475766    3.409781
   65   -6.022150    0.000158    2.518651  359.119965  355.721280    3.398686
   66   -6.020996    0.000417    1.986072  358.594784  355.203495    3.391288
   67   -6.020596    0.000205    1.287064  357.753484  354.219904    3.533580
   68   -6.020853    0.000132    0.610246  357.132142  353.654039    3.478104
   69   -6.020484    0.000212    3.295327  359.904038  356.512749    3.391289
   70   -6.023065    0.000272    2.585223  359.193934  355.802645    3.391289
   71   -6.021861    0.000150    1.841833  358.469037  355.096240    3.372796
   72   -6.022048    0.000194    1.131728  357.631435  354.131141    3.500293
   73   -6.022191    0.000173    0.399434  356.960165  353.520895    3.439269
   74   -6.020556    0.000277    3.128896  359.730211  356.331526    3.398685
   75   -6.021633    0.000198    2.407697  359.009012  355.610327    3.398685
   76   -6.020276    0.000152    1.719783  358.324796  354.929810    3.394987
   77   -6.019821    0.000146    1.042965  357.520481  353.997996    3.522484
   78   -6.021057    0.000199    0.277384  356.843663  353.409941    3.433721
   79   -6.020771    0.000249    3.162182  359.748703  356.335224    3.413479
   80   -6.021235    0.000170    2.474269  359.071885  355.669501    3.402384
   81   -6.020776    0.000159    1.764165  358.387670  355.011176    3.376495
   82   -6.021069    0.000179    1.065156  357.559315  354.053473    3.505842
   83   -6.019960    0.000177    0.399434  356.932426  353.465418    3.467008
   84   -6.021032    0.000146    3.073419  359.678432  356.283445    3.394987
   85   -6.021057    0.000181    2.330029  358.942439  355.554849    3.387590
   86   -6.021355    0.000171    1.619925  358.239732  354.859539    3.380193
   87   -6.020487    0.000194    0.998584  357.487194  353.975805    3.511390
   88   -6.019936    0.000249    0.299575  356.854758  353.409941    3.444817
   89   -6.019950    0.000197    2.984656  359.578574  356.172491    3.406082
   90   -6.021028    0.000179    2.318934  358.909153  355.499372    3.409781
   91   -6.021070    0.000229    1.597734  358.221239  354.844745    3.376495
   92   -6.020286    0.000163    0.943107  357.431718  353.920329    3.511389
   93   -6.020923    0.000166    0.199717  356.738257  353.276797    3.461460
   94   -6.022631    0.000250    2.818226  359.415842  356.013458    3.402384
   95   -6.021570    0.000241    2.130312  358.724230  355.318147    3.406082
   96   -6.020801    0.000160    1.409113  357.842247  354.275381    3.566866
   97   -6.019546    0.000153    0.676818  357.198715  353.720612    3.478103
   98   -6.019149    0.000158    0.066572  356.594017  353.121461    3.472555
   99   -6.020215    0.000167    2.762749  359.341873  355.920996    3.420876
  100   -6.019257    0.000155    2.119217  358.713135  355.307052    3.406082
  101   -6.019090    0.000162    1.475685  358.099190  354.722696    3.376495
  102   -6.020334    0.000279    0.821058  357.326312  353.831566    3.494746
  103   -6.020401    0.000220    0.144240  356.682780  353.221320    3.461460
  104   -6.020000    0.000214    2.851512  359.415842  355.980172    3.435670
  105   -6.019811    0.000187    2.130312  358.731627  355.332942    3.398685
