    1   -6.016915    0.000334    2.629604  359.278999  355.928394    3.350605
    2   -6.018636    0.000303    2.097026  358.724230  355.351434    3.372796
    3   -6.019562    0.000466    1.442399  357.980939  354.519479    3.461460
    4   -6.017552    0.000389    0.898726  357.498290  354.097855    3.400436
    5   -6.019741    0.000317    0.288480  356.904688  353.520895    3.383792
    6   -6.020125    0.000280    3.062324  359.685829  356.309335    3.376495
    7   -6.020293    0.000169    2.452078  359.082980  355.713883    3.369098
    8   -6.018911    0.000375    1.819642  358.258323  354.697005    3.561318
    9   -6.021521    0.000303    1.054061  357.636982  354.219904    3.417079
   10   -6.014350    0.000268    0.643532  357.243096  353.842661    3.400435
   11   -6.019001    0.000382    0.022191  356.621755  353.221320    3.400436
   12   -6.018347    0.000167    2.851512  359.467620  356.083729    3.383892
   13   -6.018074    0.000358    2.219075  358.872168  355.525261    3.346907
   14   -6.012286    0.000351    1.986072  358.620673  355.255274    3.365399
   15   -6.017236    0.000452    1.453494  357.969844  354.486193    3.483650
   16   -6.020488    0.000402    0.687913  357.276383  353.864852    3.411530
   17   -6.020634    0.000288    0.055477  356.649494  353.243511    3.405983
   18   -6.015826    0.000308    2.962466  359.582273  356.202080    3.380193
   19   -6.014828    0.000559    2.474269  359.094076  355.713883    3.380193
   20   -6.017535    0.000534    2.019359  358.646563  355.273766    3.372796
   21   -6.016207    0.000412    1.542257  358.053059  354.563860    3.489199
   22   -6.016445    0.000510    1.020775  357.598148  354.175522    3.422627
   23   -6.017884    0.000940    0.510387  357.115499  353.720612    3.394887
   24   -6.018869    0.000459    3.273136  359.885546  356.497956    3.387590
   25   -6.018150    0.000233    2.685081  359.315983  355.946886    3.369098
   26   -6.014512    0.000765    2.097026  358.735325  355.373624    3.361701
   27   -6.014124    0.000279    1.664307  358.125179  354.586051    3.539128
   28   -6.019893    0.000231    1.020775  357.598148  354.175522    3.422627
   29   -6.017661    0.000273    0.399434  357.026736  353.654039    3.372697
   30   -6.014251    0.000304    3.284232  359.922531  356.560830    3.361701
   31   -6.018217    0.000258    2.862607  359.493509  356.124412    3.369098
   32   -6.017293    0.000265    2.296743  358.953534  355.610326    3.343209
   33   -6.017351    0.000806    1.719783  358.186203  354.652623    3.533580
   34   -6.020000    0.000332    1.098442  357.653625  354.208808    3.444817
   35   -6.018858    0.000213    0.521483  357.126595  353.731707    3.394888
   36   -6.018809    0.000325    3.239850  359.841165  356.442480    3.398685
   37   -6.016698    0.000400    2.740558  359.364063  355.987569    3.376495
   38   -6.016140    0.000264    2.230171  358.875867  355.521563    3.354304
   39   -6.018598    0.000319    1.675402  358.130727  354.586051    3.544675
   40   -6.017688    0.000199    1.020775  357.603697  354.186618    3.417079
   41   -6.018483    0.000382    0.466006  357.037832  353.609658    3.428174
   42   -6.016374    0.000458    3.372995  359.974309  356.575624    3.398686
   43   -6.017835    0.000476    2.796035  359.401048  356.006061    3.394987
   44   -6.018841    0.000274    2.196885  358.835184  355.473483    3.361701
   45   -6.016280    0.000748    1.730879  358.130727  354.530574    3.600152
   46   -6.017768    0.000260    1.054061  357.592601  354.131141    3.461460
   47   -6.009786    0.000406    0.687913  357.248644  353.809375    3.439269
   48   -6.015319    0.000306    0.255194  356.799282  353.343369    3.455913
   49   -6.014219    0.000305    3.162182  359.778291  356.394399    3.383891
   50   -6.020260    0.000478    2.496460  359.145854  355.795249    3.350606
   51   -6.019286    0.000253    1.897309  358.528211  355.159114    3.369098
   52   -6.017294    0.000281    1.409113  357.897723  354.386334    3.511390
   53   -6.017006    0.000499    0.710104  357.259740  353.809375    3.450365
   54   -6.019955    0.000364    0.044382  356.627303  353.210224    3.417079
   55   -6.017309    0.000553    2.918084  359.574875  356.231667    3.343209
   56   -6.015287    0.000856    2.529746  359.160648  355.791551    3.369098
   57   -6.016924    0.000405    2.008263  358.613276  355.218289    3.394987
   58   -6.019441    0.000479    1.331445  357.875532  354.419620    3.455912
   59   -6.018730    0.000199    0.832153  357.415075  353.997996    3.417079
   60   -6.018139    0.000195    0.177526  356.782638  353.387750    3.394888
   61   -6.020004    0.000349    2.873703  359.508304  356.142904    3.365399
   62   -6.017434    0.000382    2.385506  359.023805  355.662104    3.361701
   63   -6.017297    0.000371    1.841833  358.483830  355.125828    3.358003
   64   -6.017923    0.000324    1.320350  357.847795  354.375239    3.472555
   65   -6.017401    0.000367    0.710104  357.293025  353.875947    3.417079
   66   -6.019566    0.000191    0.166431  356.738257  353.310083    3.428174
   67   -6.019572    0.000446    2.696177  359.323381  355.950584    3.372796
   68   -6.019490    0.000212    2.130312  358.757516  355.384720    3.372796
   69   -6.016912    0.000576    1.520067  358.064154  354.608242    3.455913
   70   -6.020382    0.000367    0.943107  357.503838  354.064568    3.439269
   71   -6.017210    0.000253    0.421624  357.026736  353.631849    3.394888
   72   -6.018950    0.000223    3.084515  359.708020  356.331526    3.376495
   73   -6.018383    0.000274    2.563032  359.164347  355.765662    3.398685
   74   -6.014530    0.000469    2.074835  358.690944  355.307052    3.383891
   75   -6.018628    0.000392    1.531162  358.025321  354.519479    3.505842
   76   -6.018418    0.000426    0.965298  357.542671  354.120045    3.422627
   77   -6.018071    0.000341    0.366147  356.987903  353.609658    3.378244
   78   -6.017834    0.000447    3.139992  359.774593  356.409193    3.365399
   79   -6.018753    0.000351    2.518651  359.149553  355.780455    3.369098
   80   -6.015798    0.000481    2.207980  358.824088  355.440197    3.383892
   81   -6.016595    0.000559    1.653211  358.114083  354.574956    3.539128
   82   -6.020182    0.000341    0.932012  357.503838  354.075664    3.428174
   83   -6.018159    0.000434    0.343957  356.937973  353.531990    3.405983
   84   -6.019685    0.000389    3.128896  359.748703  356.368510    3.380193
   85   -6.019165    0.000301    2.529746  359.175442  355.821138    3.354304
   86   -6.015350    0.000685    2.141408  358.798199  355.454991    3.343209
   87   -6.020440    0.000502    1.520067  357.975392  354.430716    3.544675
   88   -6.017598    0.000530    0.854344  357.453909  354.053473    3.400436
   89   -6.018071    0.000497    0.310671  356.915783  353.520895    3.394888
   90   -6.020168    0.000356    3.062324  359.659940  356.257556    3.402384
   91   -6.018486    0.000469    2.496460  359.079282  355.662105    3.417178
   92   -6.018826    0.000457    1.886214  358.539307  355.192400    3.346907
   93   -6.015196    0.000456    1.375827  357.886629  354.397430    3.489199
   94   -6.018234    0.000413    0.798867  357.376241  353.953615    3.422626
   95   -6.015003    0.000455    0.399434  357.015642  353.631849    3.383792
   96   -6.017918    0.000444    3.250945  359.863355  356.475765    3.387590
   97   -6.014279    0.000575    2.740558  359.378857  356.017156    3.361701
   98   -6.019581    0.000184    2.152503  358.772310  355.392117    3.380193
   99   -6.020032    0.000166    1.497876  358.003130  354.508383    3.494747
  100   -6.019080    0.000259    0.832153  357.415075  353.997996    3.417079
  101   -6.019907    0.000178    0.221908  356.799282  353.376655    3.422626
  102   -6.014096    0.000380    3.139992  359.737608  356.335224    3.402384
  103   -6.020715    0.000261    2.385506  359.023805  355.662104    3.361701
  104   -6.018299    0.000209    1.886214  358.517116  355.148019    3.369098
  105   -6.015215    0.000285    1.375827  357.908819  354.441811    3.467008
  106   -6.013486    0.000589    1.054061  357.614792  354.175522    3.439269
  107   -6.014920    0.000356    0.477101  357.026736  353.576372    3.450365
  108   -6.020397    0.000180    3.162182  359.789386  356.416590    3.372796
  109   -6.017932    0.000605    2.374411  358.997916  355.621422    3.376495
  110   -6.017063    0.000250    1.830737  358.435750  355.040763    3.394987
  111   -6.015649    0.000191    1.331445  357.831151  354.330857    3.500294
  112   -6.018083    0.000269    0.687913  357.259740  353.831566    3.428173
  113   -6.014588    0.000229    0.244098  356.849211  353.454323    3.394888
  114   -6.016317    0.000377    3.217659  359.826371  356.435082    3.391288
  115   -6.017008    0.000296    2.618509  359.242014  355.865520    3.376495
  116   -6.018406    0.000374    1.997168  358.620673  355.244179    3.376495
  117   -6.009577    0.000653    1.764165  358.395067  355.025970    3.369098
  118   -6.015667    0.000793    1.176110  357.731293  354.286476    3.444817
  119   -6.017486    0.000823    0.588055  357.187619  353.787184    3.400435
  120   -6.018855    0.000587    3.339708  359.937324  356.534941    3.402384
  121   -6.015652    0.000431    2.784940  359.371461  355.957981    3.413479
  122   -6.018448    0.000436    2.152503  358.779707  355.406910    3.372796
  123   -6.015029    0.000545    1.741974  358.376575  355.011175    3.365399
  124   -6.014330    0.000487    1.309254  357.853342  354.397430    3.455912
  125   -6.019008    0.000296    0.743390  357.309669  353.875947    3.433721
  126   -6.017961    0.000417    0.110954  356.727161  353.343369    3.383792
  127   -6.018300    0.000506    2.951370  359.589669  356.227968    3.361701
  128   -6.020311    0.000741    2.263457  358.901756  355.540055    3.361701
  129   -6.017327    0.000457    1.608830  358.064154  354.519479    3.544676
  130   -6.010378    0.000622    1.386922  357.886628  354.386334    3.500294
  131   -6.019252    0.000638    0.732295  357.298573  353.864852    3.433722
  132   -6.018920    0.000340    0.144240  356.716066  353.287892    3.428174
  133   -6.018594    0.000222    2.840416  359.460223  356.080030    3.380193
  134   -6.016308    0.000195    2.352220  358.968328  355.584437    3.383892
  135   -6.014192    0.000397    1.897309  358.498624  355.099939    3.398685
  136   -6.018039    0.000220    1.298159  357.786770  354.275381    3.511389
  137   -6.017342    0.000200    0.787772  357.348502  353.909233    3.439270
  138   -6.014764    0.000325    0.266289  356.838115  353.409941    3.428174
  139   -6.018718    0.000290    3.006847  359.622955  356.239064    3.383892
  140   -6.016140    0.000400    2.662890  359.290094  355.917298    3.372796
  141   -6.018396    0.000569    2.030454  358.642864  355.255274    3.387590
  142   -6.015494    0.000549    1.631020  358.058606  354.486193    3.572414
  143   -6.015309    0.000663    0.920916  357.476099  354.031282    3.444817
  144   -6.014879    0.000608    0.643532  357.220905  353.798279    3.422627
  145   -6.016766    0.000392    0.088763  356.655042  353.221320    3.433721
  146   -6.013071    0.000656    2.973561  359.593368  356.213175    3.380193
  147   -6.017519    0.000333    2.418792  359.027504  355.636215    3.391288
  148   -6.014821    0.000256    1.974977  358.602181  355.229384    3.372796
  149   -6.016890    0.000305    1.398017  357.869985  354.341953    3.528032
  150   -6.014551    0.000462    1.009679  357.526028  354.042378    3.483651
  151   -6.017612    0.000293    0.421624  356.982355  353.543086    3.439269
  152   -6.016244    0.000326    3.306422  359.892943  356.479464    3.413479
  153   -6.016592    0.000437    2.740558  359.345571  355.950584    3.394987
