    1   -6.018373    0.000199    1.497876  358.102988  354.708100    3.394888
    2   -6.019124    0.000187    0.987489  357.653626  354.319762    3.333863
    3   -6.019425    0.000175    0.499292  357.170977  353.842661    3.328316
    4   -6.019064    0.000179    0.066572  356.732709  353.398846    3.333863
    5   -6.019643    0.000166    2.884798  359.556383  356.227969    3.328415
    6   -6.020236    0.000163    2.296743  358.968328  355.639914    3.328415
    7   -6.020383    0.000172    1.808546  358.374825  354.941103    3.433721
    8   -6.020369    0.000164    1.242682  357.886628  354.530574    3.356054
    9   -6.020259    0.000176    0.721199  357.381788  354.042378    3.339411
   10   -6.018144    0.000176    0.288480  356.943521  353.598563    3.344958
   11   -6.019840    0.000219    3.151087  359.807878  356.464670    3.343209
   12   -6.019843    0.000153    2.618509  359.304888  355.991267    3.313621
   13   -6.021167    0.000258    2.030454  358.519065  355.007675    3.511389
   14   -6.021239    0.000177    1.442399  358.064154  354.685910    3.378245
   15   -6.018655    0.000192    0.920916  357.559315  354.197713    3.361601
   16   -6.016908    0.000253    0.432720  357.082213  353.731707    3.350507
   17   -6.020721    0.000168    3.206564  359.859657  356.512750    3.346907
   18   -6.020536    0.000260    2.629604  359.293792  355.957981    3.335812
   19   -6.019912    0.000204    2.119217  358.776008  355.432800    3.343209
   20   -6.019983    0.000176    1.520067  358.147370  354.774673    3.372697
   21   -6.019730    0.000172    0.998584  357.636982  354.275381    3.361602
   22   -6.019314    0.000185    0.499292  357.176524  353.853756    3.322768
   23   -6.021056    0.000146   -0.022191  356.671685  353.365560    3.306124
   24   -6.018599    0.000349    2.818226  359.497208  356.176190    3.321018
   25   -6.019802    0.000148    2.307838  358.979423  355.651009    3.328415
   26   -6.020555    0.000157    1.764165  358.319348  354.874531    3.444817
   27   -6.019969    0.000170    1.253778  357.886629  354.519479    3.367150
   28   -6.019634    0.000194    0.721199  357.370693  354.020187    3.350506
   29   -6.018439    0.000212    0.255194  356.904688  353.554181    3.350506
   30   -6.020085    0.000165    3.062324  359.719115  356.375907    3.343209
   31   -6.020966    0.000162    2.485364  359.168045  355.850725    3.317319
   32   -6.020590    0.000155    1.952786  358.469135  354.985485    3.483651
   33   -6.019016    0.000264    1.475685  358.091892  354.708100    3.383792
   34   -6.019376    0.000254    0.898726  357.509386  354.120045    3.389341
   35   -6.019789    0.000204    0.343957  357.021189  353.698421    3.322768
   36   -6.020592    0.000176    3.217659  359.889244  356.560830    3.328415
   37   -6.020404    0.000173    2.629604  359.308586  355.987569    3.321018
   38   -6.017950    0.000279    2.207980  358.898058  355.588136    3.309922
   39   -6.020406    0.000164    1.664307  358.291609  354.918912    3.372698
   40   -6.020930    0.000282    1.109538  357.781223  354.452907    3.328316
   41   -6.020272    0.000265    0.521483  357.198715  353.875947    3.322768
   42   -6.016828    0.000352    0.166431  356.827020  353.487609    3.339411
   43   -6.016887    0.000239    3.062324  359.756100  356.449876    3.306224
   44   -6.013239    0.000596    2.918084  359.585971  356.253858    3.332113
   45   -6.018768    0.000378    2.363315  359.042297  355.721280    3.321018
   46   -6.018070    0.000204    1.941691  358.480231  355.018771    3.461460
   47   -6.018697    0.000838    1.542257  358.180656  354.819054    3.361602
   48   -6.020100    0.000562    1.009679  357.670268  354.330857    3.339411
   49   -6.020098    0.000292    0.588055  357.254192  353.920329    3.333863
   50   -6.020060    0.000241    0.088763  356.738257  353.387750    3.350506
   51   -6.021286    0.000231    2.740558  359.445429  356.150301    3.295129
   52   -6.019596    0.000223    2.274552  358.946137  355.617723    3.328415
   53   -6.020576    0.000287    1.719783  358.313800  354.907817    3.405983
   54   -6.019810    0.000269    1.076252  357.747936  354.419620    3.328316
   55   -6.018316    0.000426    0.665723  357.315217  353.964710    3.350506
   56   -6.019094    0.000425    0.133145  356.838116  353.543086    3.295029
   57   -6.017274    0.000503    3.017942  359.696924  356.375907    3.321018
   58   -6.019963    0.000342    2.474269  359.149553  355.824836    3.324716
   59   -6.020599    0.000314    1.897309  358.463588  355.029866    3.433721
   60   -6.020152    0.000366    1.275968  357.903271  354.530574    3.372697
   61   -6.017721    0.000584    0.943107  357.564863  354.186618    3.378244
   62   -6.018355    0.000500    0.421624  357.093309  353.764993    3.328316
   63   -6.018082    0.000458   -0.033286  356.649494  353.332274    3.317220
   64   -6.021043    0.000593    2.696177  359.371461  356.046744    3.324716
   65   -6.018661    0.000472    2.230171  358.912852  355.595532    3.317319
   66   -6.019052    0.000560    1.708688  358.319348  354.930008    3.389340
   67   -6.019084    0.000338    1.198301  357.847794  354.497288    3.350506
   68   -6.018484    0.000400    0.787772  357.437265  354.086759    3.350507
   69   -6.019706    0.000262    0.266289  356.921330  353.576372    3.344958
   70   -6.019565    0.000199    3.128896  359.796783  356.464670    3.332113
   71   -6.018141    0.000248    2.607414  359.267904  355.928393    3.339510
   72   -6.020246    0.000252    2.041549  358.735325  355.429101    3.306224
   73   -6.020601    0.000293    1.508971  358.152917  354.796863    3.356054
   74   -6.020114    0.000317    0.876535  357.570410  354.264285    3.306125
   75   -6.021412    0.000201    0.343957  356.993450  353.642944    3.350506
   76   -6.018879    0.000311    3.239850  359.904038  356.568227    3.335812
   77   -6.021052    0.000281    2.740558  359.386254  356.031950    3.354304
   78   -6.022120    0.000307    2.041549  358.530160  355.018771    3.511389
   79   -6.021805    0.000347    1.386922  358.041963  354.697005    3.344959
   80   -6.021559    0.000382    0.765581  357.420623  354.075664    3.344958
   81   -6.020012    0.000258    0.255194  356.893592  353.531990    3.361602
   82   -6.021227    0.000265    3.029038  359.711719  356.394399    3.317319
   83   -6.020052    0.000269    2.551937  359.227221  355.902504    3.324716
   84   -6.020821    0.000193    1.974977  358.491326  355.007675    3.483651
   85   -6.019963    0.000312    1.409113  358.047511  354.685910    3.361602
   86   -6.021580    0.000283    0.732295  357.398432  354.064568    3.333864
   87   -6.018043    0.000201    0.355052  356.982355  353.609658    3.372697
   88   -6.020812    0.000320    3.117801  359.774592  356.431384    3.343209
   89   -6.021290    0.000174    2.551937  359.201331  355.850726    3.350606
   90   -6.017698    0.000233    1.952786  358.441397  354.930008    3.511389
   91   -6.021238    0.000234    1.298159  357.942105  354.586051    3.356054
   92   -6.020803    0.000198    0.743390  357.381789  354.020187    3.361601
   93   -6.019524    0.000314    0.166431  356.860306  353.554181    3.306125
   94   -6.016229    0.000229    3.139992  359.759799  356.379606    3.380193
   95   -6.018313    0.000309    2.463174  359.171744  355.880314    3.291430
   96   -6.017024    0.000329    2.030454  358.713135  355.395815    3.317319
   97   -6.012512    0.000633    1.830737  358.369277  354.907817    3.461460
   98   -6.019283    0.000384    1.309254  357.975391  354.641528    3.333863
   99   -6.015588    0.000460    0.876535  357.553767  354.230999    3.322768
  100   -6.019692    0.000391    0.310671  356.960165  353.609658    3.350506
  101   -6.021066    0.000249    3.095610  359.748703  356.401796    3.346907
  102   -6.019759    0.000347    2.518651  359.193935  355.869218    3.324716
  103   -6.018547    0.000313    2.052645  358.724230  355.395816    3.328415
  104   -6.021377    0.000267    1.375827  358.025321  354.674814    3.350506
  105   -6.018844    0.000444    0.843249  357.492742  354.142236    3.350506
  106   -6.019518    0.000467    0.233003  356.860306  353.487609    3.372697
  107   -6.017732    0.000424    3.117801  359.822672  356.527544    3.295129
  108   -6.015469    0.000736    2.740558  359.393651  356.046744    3.346907
  109   -6.019944    0.000422    2.141408  358.824089  355.506769    3.317319
  110   -6.021245    0.000361    1.531162  358.136274  354.741386    3.394888
  111   -6.019917    0.000369    0.943107  357.553767  354.164427    3.389340
  112   -6.015996    0.000576    0.510387  357.215358  353.920329    3.295029
  113   -6.019023    0.000431    0.000000  356.666137  353.332274    3.333863
  114   -6.015224    0.000602    2.929179  359.582272  356.235365    3.346907
  115   -6.015327    0.000642    2.629604  359.275300  355.920997    3.354304
  116   -6.016911    0.000668    2.318934  358.979424  355.639914    3.339510
  117   -6.018028    0.000931    1.775260  358.324896  354.874531    3.450365
  118   -6.018051    0.000520    1.209396  357.831152  354.452907    3.378245
  119   -6.020076    0.000749    0.499292  357.248644  353.997996    3.250648
  120   -6.008429    0.001315    0.676818  357.354050  354.031282    3.322768
  121   -6.017907    0.000883    0.110954  356.727161  353.343369    3.383792
  122   -6.013277    0.000753    3.029038  359.715417  356.401796    3.313621
  123   -6.017627    0.000888    2.607414  359.286396  355.965378    3.321018
  124   -6.018526    0.000368    2.063740  358.739024  355.414307    3.324716
  125   -6.019044    0.000493    1.475685  358.147369  354.819054    3.328316
  126   -6.015386    0.000479    1.298159  357.886628  354.475097    3.411531
  127   -6.013968    0.001059    0.887630  357.520480  354.153331    3.367150
  128   -6.017806    0.000471    0.410529  357.093309  353.776089    3.317220
  129   -6.020093    0.000381    3.273136  359.944721  356.616307    3.328415
  130   -6.020531    0.000272    2.640700  359.330777  356.020855    3.309923
  131   -6.017505    0.000548    2.363315  359.020107  355.676898    3.343208
  132   -6.015086    0.000245    1.919500  358.463588  355.007675    3.455912
  133   -6.011954    0.000377    1.786356  358.341539  354.896722    3.444817
  134   -6.022752    0.000434    1.065156  357.709102  354.353048    3.356054
  135   -6.017034    0.000716    0.710104  357.398432  354.086759    3.311673
  136   -6.020644    0.000332    0.210812  356.888044  353.565276    3.322768
  137   -6.019000    0.000408    2.984656  359.693226  356.401796    3.291430
  138   -6.016255    0.000444    2.696177  359.371461  356.046744    3.324716
  139   -6.021175    0.000319    2.085931  358.783405  355.480879    3.302526
  140   -6.020169    0.000388    1.542257  358.102988  354.663719    3.439269
  141   -6.018030    0.000426    0.998584  357.631434  354.264285    3.367150
  142   -6.023379    0.000336    0.299575  356.987903  353.676230    3.311673
  143   -6.021486    0.000437    3.095610  359.759798  356.423987    3.335812
  144   -6.020088    0.000302    2.429888  359.138458  355.847028    3.291430
  145   -6.021414    0.000250    1.952786  358.480231  355.007675    3.472555
  146   -6.018058    0.000673    1.497876  358.152917  354.807959    3.344959
  147   -6.017470    0.000990    0.987489  357.703554  354.419620    3.283934
  148   -6.013526    0.000840    0.743390  357.426170  354.108950    3.317220
  149   -6.017587    0.000665    0.332861  357.021188  353.709516    3.311672
  150   -6.019028    0.000491   -0.066572  356.599564  353.265701    3.333864
  151   -6.017902    0.000984    2.740558  359.404746  356.068935    3.335812
  152   -6.017243    0.000745    2.352220  359.012710  355.673200    3.339510
  153   -6.019961    0.000335    1.775260  358.363729  354.952199    3.411530
