    1   -6.017285    0.000197    2.884798  359.552685  356.220571    3.332113
    2   -6.016085    0.000193    2.518651  359.175442  355.832234    3.343209
    3   -6.017169    0.000172    2.152503  358.607827  355.063152    3.544676
    4   -6.017516    0.000182    1.730879  358.330444  354.930008    3.400435
    5   -6.017644    0.000165    1.353636  357.986486  354.619337    3.367150
    6   -6.017749    0.000176    0.976393  357.598148  354.219904    3.378244
    7   -6.016291    0.000226    0.532578  357.198715  353.864852    3.333863
    8   -6.017697    0.000161    0.155335  356.827020  353.498704    3.328316
    9   -6.017397    0.000207    3.128896  359.796783  356.464670    3.332113
   10   -6.017669    0.000180    2.740558  359.397349  356.054141    3.343209
   11   -6.017089    0.000161    2.330029  359.012710  355.695390    3.317319
   12   -6.017699    0.000166    1.908405  358.446945  354.985485    3.461460
   13   -6.017267    0.000177    1.542257  358.130727  354.719196    3.411530
   14   -6.017024    0.000156    1.209396  357.820056  354.430716    3.389340
   15   -6.017525    0.000149    0.787772  357.403979  354.020187    3.383792
   16   -6.016157    0.000179    0.399434  357.054475  353.709516    3.344959
   17   -6.017573    0.000162    0.022191  356.660589  353.298987    3.361602
   18   -6.017396    0.000191    2.895893  359.578574  356.261254    3.317319
   19   -6.017743    0.000187    2.518651  359.186538  355.854424    3.332113
   20   -6.017618    0.000176    2.108122  358.779707  355.451292    3.328415
   21   -6.016525    0.000221    1.686497  358.297157  354.907817    3.389340
   22   -6.017356    0.000194    1.353636  357.969844  354.586051    3.383792
   23   -6.017595    0.000175    0.932012  357.587053  354.242094    3.344959
   24   -6.017481    0.000172    0.521483  357.176525  353.831566    3.344958
   25   -6.017545    0.000172    0.155335  356.843662  353.531990    3.311672
   26   -6.017907    0.000181    3.128896  359.781989  356.435082    3.346907
   27   -6.017730    0.000185    2.685081  359.356666  356.028252    3.328415
   28   -6.017369    0.000175    2.330029  358.997916  355.665803    3.332113
   29   -6.017200    0.000150    1.897309  358.441397  354.985485    3.455912
   30   -6.016054    0.000173    1.564448  358.130727  354.697005    3.433721
   31   -6.016963    0.000171    1.153919  357.803413  354.452907    3.350506
   32   -6.017595    0.000153    0.809963  357.442813  354.075664    3.367149
   33   -6.017423    0.000173    0.410529  357.060023  353.709516    3.350506
   34   -6.017220    0.000153    0.077668  356.716066  353.354464    3.361602
   35   -6.016013    0.000196    3.029038  359.678433  356.327828    3.350605
   36   -6.017709    0.000159    2.596318  359.253110  355.909901    3.343208
   37   -6.017128    0.000172    2.207980  358.883264  355.558547    3.324716
   38   -6.017517    0.000164    1.841833  358.391468  354.941103    3.450365
   39   -6.017446    0.000164    1.442399  358.047511  354.652623    3.394888
   40   -6.017059    0.000177    1.076252  357.686912  354.297571    3.389341
   41   -6.016857    0.000155    0.732295  357.370694  354.009092    3.361602
   42   -6.017081    0.000167    0.343957  356.987903  353.631849    3.356054
   43   -6.016924    0.000159    0.033286  356.699423  353.365560    3.333863
   44   -6.015560    0.000156    3.017942  359.682131  356.346319    3.335811
   45   -6.017158    0.000153    2.651795  359.319682  355.987569    3.332113
   46   -6.017264    0.000176    2.252361  358.923946  355.595532    3.328415
   47   -6.017527    0.000166    1.908405  358.430302  354.952199    3.478103
   48   -6.017567    0.000149    1.486780  358.097440  354.708100    3.389340
   49   -6.015863    0.000225    1.087347  357.714650  354.341953    3.372697
   50   -6.017069    0.000146    0.699009  357.348502  353.997996    3.350506
   51   -6.016903    0.000154    0.388338  357.043380  353.698421    3.344958
   52   -6.015830    0.000161    0.110954  356.765996  353.421037    3.344958
   53   -6.016366    0.000169    3.139992  359.793085  356.446178    3.346907
   54   -6.016359    0.000206    2.829321  359.467620  356.105919    3.361701
   55   -6.017590    0.000187    2.352220  358.997916  355.643612    3.354304
   56   -6.017388    0.000164    1.986072  358.657657  355.329243    3.328415
   57   -6.017070    0.000153    1.575544  358.180656  354.785768    3.394888
   58   -6.016252    0.000159    1.198301  357.808961  354.419620    3.389341
   59   -6.016885    0.000170    0.832153  357.448361  354.064568    3.383792
   60   -6.017108    0.000159    0.421624  357.071118  353.720612    3.350506
   61   -6.016905    0.000168    0.011095  356.688328  353.365560    3.322767
   62   -6.016936    0.000162    3.040133  359.708020  356.375907    3.332113
   63   -6.015826    0.000236    2.651795  359.323380  355.994966    3.328415
   64   -6.017366    0.000158    2.241266  358.894359  355.547452    3.346907
   65   -6.016940    0.000180    1.852928  358.408111  354.963294    3.444817
   66   -6.017265    0.000174    1.442399  358.075249  354.708100    3.367150
   67   -6.017006    0.000167    1.087347  357.736840  354.386334    3.350507
   68   -6.016513    0.000209    0.754486  357.387337  354.020187    3.367149
   69   -6.016886    0.000193    0.332861  356.998998  353.665135    3.333863
   70   -6.016848    0.000167   -0.022191  356.638398  353.298987    3.339411
   71   -6.016347    0.000175    3.017942  359.685829  356.353716    3.332113
   72   -6.016059    0.000171    2.596318  359.256808  355.917298    3.339510
   73   -6.016793    0.000177    2.263457  358.920248  355.577040    3.343209
   74   -6.016612    0.000167    1.897309  358.430302  354.963294    3.467007
   75   -6.016687    0.000182    1.453494  358.080797  354.708100    3.372697
   76   -6.017002    0.000173    1.087347  357.714650  354.341953    3.372697
   77   -6.015162    0.000242    0.710104  357.359598  354.009092    3.350506
   78   -6.016812    0.000171    0.388338  357.004546  353.620753    3.383792
   79   -6.016799    0.000175   -0.022191  356.627303  353.276797    3.350506
   80   -6.016800    0.000168    2.962466  359.622956  356.283445    3.339510
   81   -6.016517    0.000175    2.618509  359.271602  355.924695    3.346907
   82   -6.015440    0.000200    2.219075  358.886962  355.554849    3.332113
   83   -6.016534    0.000169    1.897309  358.419206  354.941103    3.478103
   84   -6.016563    0.000155    1.486780  358.091892  354.697005    3.394888
   85   -6.016871    0.000159    1.131728  357.742388  354.353048    3.389340
   86   -6.015483    0.000157    0.787772  357.415075  354.042378    3.372697
   87   -6.016584    0.000179    0.343957  357.015642  353.687326    3.328316
   88   -6.016416    0.000171    0.066572  356.699423  353.332274    3.367149
   89   -6.016676    0.000175    3.051229  359.704322  356.357415    3.346907
   90   -6.016441    0.000170    2.696177  359.356667  356.017156    3.339510
   91   -6.015069    0.000205    2.307838  358.979423  355.651009    3.328415
   92   -6.016927    0.000166    1.952786  358.463588  354.974389    3.489199
   93   -6.017020    0.000162    1.575544  358.158465  354.741386    3.417079
   94   -6.016856    0.000164    1.198301  357.825604  354.452907    3.372697
   95   -6.016908    0.000172    0.809963  357.476100  354.142236    3.333863
   96   -6.016478    0.000212    0.399434  357.082213  353.764993    3.317220
   97   -6.016979    0.000164    0.055477  356.738257  353.421037    3.317220
   98   -6.016819    0.000168    3.051229  359.700623  356.350018    3.350606
   99   -6.016723    0.000160    2.696177  359.352968  356.009760    3.343209
  100   -6.015986    0.000159    2.330029  359.001614  355.673200    3.328415
  101   -6.016228    0.000160    2.008263  358.485779  354.963294    3.522484
  102   -6.016187    0.000164    1.719783  358.286062  354.852340    3.433721
  103   -6.016227    0.000187    1.364731  357.975391  354.586051    3.389340
  104   -6.016297    0.000183    1.042965  357.681364  354.319762    3.361601
  105   -6.014068    0.000202    0.754486  357.365145  353.975805    3.389341
  106   -6.016049    0.000191    0.410529  357.032284  353.654039    3.378245
  107   -6.016154    0.000177    0.055477  356.716066  353.376655    3.339411
  108   -6.016270    0.000198    3.051229  359.696925  356.342621    3.354304
  109   -6.016189    0.000194    2.762749  359.401048  356.039347    3.361701
  110   -6.015361    0.000221    2.385506  359.049694  355.713883    3.335812
  111   -6.016738    0.000185    1.986072  358.502421  355.018771    3.483651
  112   -6.016499    0.000185    1.642116  358.241681  354.841245    3.400435
  113   -6.016338    0.000170    1.364731  357.947653  354.530574    3.417079
  114   -6.015753    0.000166    0.965298  357.575958  354.186618    3.389340
  115   -6.017018    0.000160    0.632436  357.259739  353.887042    3.372697
  116   -6.016422    0.000165    0.288480  356.926878  353.565276    3.361602
  117   -6.016356    0.000164    3.306422  359.944721  356.583020    3.361701
  118   -6.015920    0.000177    2.951370  359.622955  356.294541    3.328415
  119   -6.013991    0.000206    2.696177  359.330778  355.965378    3.365399
  120   -6.015485    0.000157    2.429888  359.094076  355.758265    3.335812
  121   -6.015687    0.000187    2.119217  358.779707  355.440197    3.339510
  122   -6.015511    0.000184    1.775260  358.347086  354.918912    3.428174
  123   -6.015808    0.000185    1.475685  358.064154  354.652623    3.411531
  124   -6.014680    0.000220    1.198301  357.797865  354.397430    3.400436
  125   -6.016268    0.000155    0.776676  357.437265  354.097855    3.339411
  126   -6.015614    0.000176    0.510387  357.170976  353.831566    3.339410
  127   -6.015784    0.000163    0.210812  356.876949  353.543086    3.333863
  128   -6.015597    0.000172    3.239850  359.900340  356.560830    3.339510
  129   -6.015843    0.000171    2.984656  359.619257  356.253857    3.365399
  130   -6.015637    0.000198    2.574127  359.245712  355.917298    3.328415
  131   -6.016356    0.000186    2.307838  358.964630  355.621421    3.343208
  132   -6.015980    0.000182    1.930596  358.446945  354.963294    3.483651
  133   -6.014411    0.000218    1.608830  358.191752  354.774673    3.417079
  134   -6.016714    0.000199    1.298159  357.908819  354.519479    3.389340
  135   -6.016413    0.000168    0.909821  357.548220  354.186618    3.361602
  136   -6.016488    0.000172    0.565864  357.204263  353.842661    3.361601
  137   -6.016528    0.000168    0.210812  356.876949  353.543086    3.333863
  138   -6.015082    0.000249    3.284232  359.922531  356.560830    3.361701
  139   -6.015847    0.000191    2.906989  359.578574  356.250160    3.328415
  140   -6.015765    0.000131    2.640700  359.282698  355.924695    3.358002
  141   -6.015709    0.000164    2.330029  359.001614  355.673200    3.328415
  142   -6.016081    0.000204    1.974977  358.485779  354.996580    3.489198
  143   -6.015876    0.000181    1.653211  358.247228  354.841245    3.405983
  144   -6.015894    0.000177    1.398017  357.969844  354.541670    3.428173
  145   -6.015896    0.000184    1.042965  357.664721  354.286476    3.378244
  146   -6.015870    0.000142    0.765581  357.403979  354.042378    3.361602
  147   -6.014202    0.000187    0.488197  357.126595  353.764993    3.361602
  148   -6.015782    0.000172    0.166431  356.799282  353.432132    3.367149
  149   -6.015945    0.000183    3.184373  359.841165  356.497956    3.343208
  150   -6.015731    0.000165    2.929179  359.582272  356.235365    3.346907
  151   -6.015798    0.000168    2.563032  359.234617  355.906203    3.328415
  152   -6.014473    0.000228    2.318934  358.960932  355.602929    3.358002
  153   -6.015695    0.000181    1.963882  358.496874  355.029866    3.467008
  154   -6.016091    0.000193    1.675402  358.247228  354.819054    3.428174
