    1   -6.010188    0.000194    2.918084  359.571177  356.224270    3.346907
    2   -6.009708    0.000193    2.984656  359.645146  356.305636    3.339510
    3   -6.009671    0.000202    3.006847  359.648845  356.290842    3.358002
    4   -6.009224    0.000191    3.029038  359.674734  356.320430    3.354304
    5   -6.009736    0.000193    3.073419  359.722814  356.372209    3.350605
    6   -6.007796    0.000226    3.095610  359.748703  356.401796    3.346907
    7   -6.009726    0.000189    3.173278  359.822672  356.472067    3.350606
    8   -6.010105    0.000192    3.128896  359.781989  356.435082    3.346907
    9   -6.010259    0.000196    3.128896  359.778291  356.427686    3.350605
   10   -6.009853    0.000216    3.128896  359.781989  356.435082    3.346907
   11   -6.008331    0.000263    3.139992  359.807879  356.475765    3.332113
   12   -6.009345    0.000183    3.206564  359.874451  356.542337    3.332113
   13   -6.009510    0.000191    3.295327  359.944722  356.594117    3.350605
   14   -6.009004    0.000196    0.011095  356.666136  353.321178    3.344959
   15   -6.009422    0.000195    0.033286  356.693875  353.354464    3.339411
   16   -6.009509    0.000202    0.055477  356.727161  353.398846    3.328316
   17   -6.010010    0.000222    0.122049  356.771543  353.421037    3.350506
   18   -6.010744    0.000208    0.077668  356.743805  353.409941    3.333864
   19   -6.010312    0.000220    0.099858  356.749352  353.398846    3.350506
   20   -6.008978    0.000214    0.088763  356.738257  353.387750    3.350506
   21   -6.009684    0.000287    0.088763  356.732709  353.376655    3.356054
   22   -6.009018    0.000216    0.233003  356.876949  353.520895    3.356054
   23   -6.009587    0.000197    0.233003  356.876949  353.520895    3.356054
   24   -6.009660    0.000213    0.199717  356.832567  353.465418    3.367150
   25   -6.008197    0.000237    0.277384  356.915783  353.554181    3.361601
   26   -6.009559    0.000202    0.299575  356.921331  353.543086    3.378244
   27   -6.009889    0.000204    0.321766  356.960165  353.598563    3.361602
   28   -6.010057    0.000181    0.321766  356.949069  353.576372    3.372697
   29   -6.010108    0.000184    0.299575  356.960164  353.620753    3.339411
   30   -6.009760    0.000197    0.332861  356.960164  353.587467    3.372697
   31   -6.010223    0.000170    0.321766  356.982355  353.642944    3.339411
   32   -6.009989    0.000156    0.388338  357.015641  353.642944    3.372697
   33   -6.010117    0.000187    0.432720  357.060023  353.687326    3.372697
   34   -6.008796    0.000203    0.388338  357.032284  353.676230    3.356054
   35   -6.010227    0.000148    0.421624  357.054475  353.687326    3.367149
   36   -6.009322    0.000160    0.510387  357.137690  353.764993    3.372697
   37   -6.009227    0.000167    0.576960  357.209811  353.842661    3.367149
   38   -6.009319    0.000182    0.565864  357.220905  353.875947    3.344958
   39   -6.008173    0.000213    0.665723  357.287478  353.909233    3.378245
   40   -6.009369    0.000170    0.809963  357.376241  353.942519    3.433722
   41   -6.009739    0.000187    0.710104  357.348502  353.986901    3.361602
   42   -6.009581    0.000158    0.743390  357.370693  353.997996    3.372697
   43   -6.009059    0.000166    0.832153  357.431717  354.031282    3.400436
   44   -6.008142    0.000182    0.909821  357.509386  354.108950    3.400436
   45   -6.008912    0.000167    0.965298  357.559315  354.153331    3.405984
   46   -6.008872    0.000173    0.976393  357.581505  354.186618    3.394887
   47   -6.008450    0.000156    1.120633  357.709102  354.297571    3.411531
   48   -6.006813    0.000231    1.153919  357.731293  354.308667    3.422626
   49   -6.007464    0.000273    1.220491  357.808961  354.397430    3.411530
   50   -6.008231    0.000245    1.309254  357.881080  354.452907    3.428174
   51   -6.007761    0.000253    1.320350  357.881080  354.441811    3.439270
   52   -6.007620    0.000238    1.420208  357.964295  354.508383    3.455913
   53   -6.005460    0.000337    1.497876  358.058606  354.619337    3.439270
   54   -6.007765    0.000277    1.542257  358.091892  354.641528    3.450365
   55   -6.007872    0.000278    1.619925  358.164013  354.708100    3.455912
   56   -6.007726    0.000213    1.642116  358.230585  354.819054    3.411531
   57   -6.007828    0.000226    1.819642  358.313800  354.807959    3.505842
   58   -6.006897    0.000273    1.852928  358.358182  354.863436    3.494746
   59   -6.007812    0.000174    1.941691  358.408111  354.874531    3.533580
   60   -6.008318    0.000233    2.030454  358.679849  355.329244    3.350605
   61   -6.008855    0.000184    2.074835  358.739024  355.403212    3.335811
   62   -6.008124    0.000179    2.163598  358.805596  355.447593    3.358002
   63   -6.008821    0.000176    2.252361  358.909153  355.565944    3.343208
   64   -6.009371    0.000179    2.296743  358.953534  355.610326    3.343209
   65   -6.008895    0.000172    2.385506  359.045996  355.706486    3.339510
   66   -6.007599    0.000175    2.496460  359.164347  355.832233    3.332113
   67   -6.007638    0.000230    2.585223  359.249411  355.913600    3.335812
   68   -6.009697    0.000182    2.618509  359.271602  355.924695    3.346907
   69   -6.009538    0.000185    2.707272  359.360365  356.013458    3.346907
   70   -6.009487    0.000172    2.707272  359.352968  355.998664    3.354304
   71   -6.009343    0.000176    2.729463  359.382556  356.035649    3.346907
   72   -6.008746    0.000223    2.784940  359.441731  356.098523    3.343209
   73   -6.008965    0.000181    2.862607  359.526795  356.190984    3.335812
   74   -6.008766    0.000185    2.962466  359.604463  356.246461    3.358003
   75   -6.009127    0.000195    2.995752  359.634051  356.272350    3.361701
   76   -6.007509    0.000173    3.073419  359.715417  356.357414    3.358002
   77   -6.009148    0.000186    3.151087  359.793085  356.435082    3.358002
   78   -6.008793    0.000205    3.206564  359.844863  356.483162    3.361701
   79   -6.009113    0.000189    3.262041  359.922531  356.583021    3.339510
   80   -6.008919    0.000187    0.033286  356.660589  353.287892    3.372697
   81   -6.007665    0.000219    0.066572  356.721613  353.376655    3.344958
   82   -6.009773    0.000195    0.099858  356.760447  353.421037    3.339410
   83   -6.009854    0.000183    0.199717  356.804829  353.409941    3.394888
   84   -6.010194    0.000189    0.166431  356.788186  353.409941    3.378245
   85   -6.009439    0.000189    0.210812  356.843662  353.476513    3.367149
   86   -6.008987    0.000209    0.233003  356.871401  353.509800    3.361602
   87   -6.009499    0.000184    0.255194  356.915783  353.576372    3.339411
   88   -6.009241    0.000177    0.355052  356.976808  353.598563    3.378244
   89   -6.009192    0.000174    0.410529  357.048927  353.687326    3.361602
   90   -6.008000    0.000154    0.499292  357.126595  353.753898    3.372697
   91   -6.009465    0.000223    0.488197  357.126595  353.764993    3.361602
   92   -6.009453    0.000215    0.543673  357.148786  353.753898    3.394888
   93   -6.009748    0.000253    0.576960  357.204263  353.831566    3.372697
   94   -6.009580    0.000225    0.543673  357.198714  353.853756    3.344959
   95   -6.007376    0.000271    0.599150  357.226453  353.853756    3.372697
   96   -6.009551    0.000210    0.643532  357.270835  353.898138    3.372697
   97   -6.009328    0.000198    0.699009  357.315217  353.931424    3.383792
   98   -6.009169    0.000160    0.743390  357.331860  353.920329    3.411530
   99   -6.008315    0.000206    0.798867  357.442813  354.086759    3.356054
  100   -6.007347    0.000241    0.987489  357.570410  354.153331    3.417079
  101   -6.008288    0.000179    1.020775  357.631435  354.242094    3.389341
  102   -6.008316    0.000178    1.098442  357.698007  354.297571    3.400435
  103   -6.008495    0.000172    1.231587  357.814508  354.397430    3.417079
  104   -6.007981    0.000167    1.264873  357.869985  354.475097    3.394888
  105   -6.009318    0.000188    1.298159  357.869985  354.441811    3.428174
  106   -6.008998    0.000177    1.364731  357.919914  354.475097    3.444817
  107   -6.009173    0.000185    1.364731  357.936557  354.508383    3.428174
  108   -6.008480    0.000178    1.475685  358.053059  354.630433    3.422626
  109   -6.007088    0.000211    1.531162  358.080798  354.630433    3.450365
  110   -6.008597    0.000176    1.586639  358.158465  354.730291    3.428174
  111   -6.009127    0.000170    1.653211  358.213942  354.774673    3.439269
  112   -6.008997    0.000157    1.719783  358.263871  354.807959    3.455912
  113   -6.009001    0.000176    1.786356  358.297158  354.807959    3.489199
  114   -6.008423    0.000211    1.864023  358.358182  354.852340    3.505841
  115   -6.008915    0.000175    1.908405  358.391468  354.874531    3.516937
  116   -6.009002    0.000199    1.930596  358.446945  354.963294    3.483651
  117   -6.008913    0.000192    2.041549  358.485778  354.930008    3.555771
  118   -6.008417    0.000152    2.074835  358.724230  355.373625    3.350605
  119   -6.008641    0.000186    2.119217  358.787104  355.454990    3.332113
  120   -6.008906    0.000190    2.219075  358.894359  355.569643    3.324716
  121   -6.009266    0.000167    2.296743  358.953534  355.610326    3.343209
  122   -6.009027    0.000183    2.352220  359.009011  355.665803    3.343209
  123   -6.007331    0.000220    2.429888  359.064489  355.699089    3.365399
  124   -6.008835    0.000175    2.485364  359.131060  355.776757    3.354304
  125   -6.008816    0.000197    2.540841  359.197633  355.854424    3.343208
  126   -6.008758    0.000193    2.629604  359.275300  355.920997    3.354304
  127   -6.008283    0.000143    2.784940  359.426937  356.068935    3.358003
  128   -6.007683    0.000227    2.807130  359.445429  356.083728    3.361701
  129   -6.008586    0.000183    2.884798  359.534193  356.183588    3.350605
  130   -6.009191    0.000264    2.873703  359.530494  356.187286    3.343209
  131   -6.009363    0.000334    2.951370  359.619257  356.287144    3.332113
  132   -6.007715    0.000275    3.040133  359.689528  356.338923    3.350605
  133   -6.008530    0.000315    3.084515  359.756100  356.427686    3.328415
  134   -6.008167    0.000316    3.250945  359.904038  356.557131    3.346907
  135   -6.008467    0.000310    3.250945  359.900340  356.549735    3.350605
  136   -6.007656    0.000333    0.110954  356.777090  353.443227    3.333864
  137   -6.006606    0.000220    0.255194  356.882497  353.509800    3.372697
  138   -6.008640    0.000206    0.321766  356.982355  353.642944    3.339411
  139   -6.009016    0.000190    0.410529  357.060023  353.709516    3.350506
  140   -6.009007    0.000185    0.543673  357.165429  353.787184    3.378244
  141   -6.009180    0.000186    0.599150  357.204263  353.809375    3.394888
  142   -6.008008    0.000240    0.632436  357.281930  353.931424    3.350506
  143   -6.009338    0.000173    0.754486  357.365145  353.975805    3.389341
  144   -6.009078    0.000175    0.809963  357.426171  354.042378    3.383792
  145   -6.009212    0.000177    0.876535  357.481647  354.086759    3.394888
  146   -6.008416    0.000166    0.909821  357.542671  354.175522    3.367150
  147   -6.009413    0.000193    0.987489  357.625887  354.264285    3.361602
  148   -6.009412    0.000184    1.054061  357.670269  354.286476    3.383792
  149   -6.009332    0.000186    1.120633  357.742389  354.364144    3.378244
  150   -6.009377    0.000168    1.165015  357.770127  354.375239    3.394888
  151   -6.007689    0.000200    1.275968  357.869985  354.464002    3.405983
  152   -6.009388    0.000161    1.309254  357.897723  354.486193    3.411530
  153   -6.009285    0.000181    1.386922  357.969844  354.552765    3.417079
