    1   -6.007540    0.000193    3.173278  359.826371  356.479464    3.346907
    2   -6.006092    0.000229    0.011095  356.666136  353.321178    3.344959
    3   -6.007608    0.000168    0.177526  356.821472  353.465418    3.356054
    4   -6.007855    0.000172    0.310671  356.965712  353.620753    3.344959
    5   -6.008085    0.000173    0.388338  357.037832  353.687326    3.350506
    6   -6.008074    0.000178    0.554769  357.198715  353.842661    3.356054
    7   -6.007553    0.000161    0.732295  357.376241  354.020187    3.356054
    8   -6.006630    0.000165    0.965298  357.587053  354.208808    3.378245
    9   -6.006329    0.000168    1.187205  357.792317  354.397430    3.394888
   10   -6.006218    0.000184    1.453494  358.058606  354.663719    3.394887
   11   -6.005045    0.000167    1.753070  358.297158  354.841245    3.455912
   12   -6.006177    0.000178    1.941691  358.452493  354.963294    3.489198
   13   -6.006345    0.000181    2.230171  358.879565  355.528960    3.350606
   14   -6.006299    0.000164    2.440983  359.094076  355.747169    3.346907
   15   -6.006315    0.000167    2.662890  359.330777  355.998664    3.332113
   16   -6.005024    0.000221    2.918084  359.571177  356.224270    3.346907
   17   -6.008331    0.000199    3.095610  359.737608  356.379605    3.358002
   18   -6.008380    0.000184    3.195469  359.848562  356.501655    3.346907
   19   -6.007562    0.000358    0.565864  356.926878  353.287892    3.638986
   20   -6.007753    0.000176    0.110954  356.777090  353.443227    3.333864
   21   -6.007666    0.000189    0.233003  356.882497  353.531990    3.350506
   22   -6.007871    0.000172    0.421624  357.060023  353.698421    3.361602
   23   -6.008042    0.000184    0.532578  357.165428  353.798279    3.367150
   24   -6.007813    0.000160    0.721199  357.337407  353.953615    3.383792
   25   -6.006143    0.000174    0.887630  357.514933  354.142236    3.372697
   26   -6.007805    0.000184    1.042965  357.681364  354.319762    3.361601
   27   -6.007585    0.000166    1.209396  357.797865  354.386334    3.411531
   28   -6.007898    0.000179    1.375827  357.969844  354.563860    3.405984
   29   -6.007636    0.000174    1.586639  358.169560  354.752482    3.417079
   30   -6.006617    0.000222    1.708688  358.280514  354.852340    3.428174
   31   -6.007519    0.000176    1.908405  358.430302  354.952199    3.478103
   32   -6.007367    0.000193    2.030454  358.530160  355.029866    3.500294
   33   -6.007755    0.000174    2.207980  358.868470  355.528960    3.339510
   34   -6.007493    0.000200    2.363315  359.038599  355.713883    3.324716
   35   -6.007229    0.000206    2.574127  359.223522  355.872917    3.350605
   36   -6.007598    0.000186    2.685081  359.338174  355.991267    3.346907
   37   -6.006965    0.000171    2.818226  359.493510  356.168793    3.324716
   38   -6.007148    0.000184    3.062324  359.704322  356.346319    3.358002
   39   -6.006245    0.000192    3.139992  359.815276  356.490559    3.324716
   40   -6.007271    0.000195    0.000000  356.660589  353.321178    3.339411
   41   -6.007558    0.000190    0.166431  356.815924  353.465418    3.350506
   42   -6.007010    0.000187    0.332861  356.960164  353.587467    3.372697
   43   -6.007142    0.000207    0.510387  357.143238  353.776089    3.367149
   44   -6.005467    0.000225    0.687913  357.342955  353.997996    3.344958
   45   -6.007070    0.000177    0.843249  357.476099  354.108950    3.367150
   46   -6.007036    0.000182    1.076252  357.698007  354.319762    3.378245
   47   -6.007388    0.000188    1.176110  357.797865  354.419620    3.378245
   48   -6.007028    0.000184    1.364731  357.975391  354.586051    3.389340
   49   -6.006802    0.000217    1.597734  358.164013  354.730291    3.433721
   50   -6.007366    0.000186    1.753070  358.319348  354.885626    3.433722
   51   -6.007486    0.000192    1.886214  358.413658  354.941103    3.472555
   52   -6.007358    0.000177    2.074835  358.557898  355.040962    3.516937
   53   -6.006103    0.000164    2.230171  358.894359  355.558548    3.335812
   54   -6.007019    0.000168    2.396601  359.068186  355.739772    3.328415
   55   -6.007213    0.000187    2.618509  359.293793  355.969076    3.324716
   56   -6.007173    0.000177    2.796035  359.441731  356.087427    3.354304
   57   -6.006879    0.000171    3.040133  359.682131  356.324128    3.358002
   58   -6.005399    0.000224    3.239850  359.874451  356.509051    3.365399
   59   -6.006784    0.000169    0.055477  356.716066  353.376655    3.339411
   60   -6.007538    0.000161    0.221908  356.882497  353.543086    3.339411
   61   -6.007161    0.000171    0.421624  357.071118  353.720612    3.350506
   62   -6.006994    0.000169    0.621341  357.276382  353.931424    3.344958
   63   -6.006864    0.000224    0.854344  357.476100  354.097855    3.378245
   64   -6.007414    0.000168    1.076252  357.686912  354.297571    3.389341
   65   -6.007361    0.000172    1.231587  357.842247  354.452907    3.389340
   66   -6.006972    0.000178    1.442399  358.030868  354.619337    3.411531
   67   -6.006132    0.000190    1.608830  358.213942  354.819054    3.394888
   68   -6.007217    0.000179    1.841833  358.369278  354.896722    3.472555
   69   -6.007290    0.000162    2.041549  358.530160  355.018771    3.511389
   70   -6.007888    0.000167    2.196885  358.861073  355.525262    3.335812
   71   -6.007812    0.000179    2.385506  359.027504  355.669501    3.358002
   72   -6.006135    0.000208    2.518651  359.190236  355.861821    3.328415
   73   -6.007746    0.000186    2.696177  359.341873  355.987569    3.354304
   74   -6.007415    0.000164    2.873703  359.515700  356.157698    3.358003
   75   -6.007163    0.000177    3.128896  359.759798  356.390701    3.369098
   76   -6.006407    0.000174    3.262041  359.926229  356.590418    3.335812
   77   -6.006434    0.000234    0.122049  356.760447  353.398846    3.361602
   78   -6.007174    0.000177    0.310671  356.987903  353.665135    3.322768
   79   -6.007416    0.000199    0.532578  357.187619  353.842661    3.344958
   80   -6.006581    0.000181    0.776676  357.409527  354.042378    3.367149
   81   -6.005879    0.000184    0.909821  357.553767  354.197713    3.356054
   82   -6.006764    0.000176    1.109538  357.747936  354.386334    3.361602
   83   -6.006911    0.000155    1.364731  357.964295  354.563860    3.400436
   84   -6.007213    0.000165    1.542257  358.158465  354.774673    3.383792
   85   -6.007005    0.000170    1.753070  358.324896  354.896722    3.428174
   86   -6.005369    0.000206    2.008263  358.502421  354.996580    3.505842
   87   -6.006778    0.000182    2.163598  358.857374  355.551151    3.306224
   88   -6.006932    0.000190    2.407697  359.068187  355.728677    3.339510
   89   -6.007047    0.000187    2.585223  359.264205  355.943187    3.321018
   90   -6.007370    0.000175    2.796035  359.449128  356.102221    3.346907
   91   -6.006421    0.000232    3.029038  359.659940  356.290843    3.369098
   92   -6.007550    0.000184    3.162182  359.804180  356.446177    3.358002
   93   -6.007113    0.000168    0.011095  356.655041  353.298987    3.356054
   94   -6.007482    0.000167    0.166431  356.810377  353.454323    3.356054
   95   -6.006207    0.000177    0.366147  357.004546  353.642944    3.361602
   96   -6.006969    0.000178    0.554769  357.198715  353.842661    3.356054
   97   -6.007178    0.000208    0.732295  357.365145  353.997996    3.367150
   98   -6.007154    0.000188    1.009679  357.614792  354.219904    3.394888
   99   -6.007135    0.000166    1.176110  357.786770  354.397430    3.389340
  100   -6.005720    0.000232    1.364731  357.975391  354.586051    3.389340
  101   -6.007495    0.000169    1.564448  358.169560  354.774673    3.394888
  102   -6.007625    0.000167    1.719783  358.291609  354.863436    3.428174
  103   -6.007493    0.000177    1.941691  358.463588  354.985485    3.478103
  104   -6.007344    0.000167    2.163598  358.816691  355.469784    3.346907
  105   -6.006746    0.000230    2.285648  358.972027  355.658406    3.313621
  106   -6.007061    0.000165    2.529746  359.190236  355.850726    3.339510
  107   -6.007090    0.000185    2.729463  359.382556  356.035649    3.346907
  108   -6.007317    0.000170    2.906989  359.574876  356.242762    3.332113
  109   -6.006853    0.000169    3.073419  359.722814  356.372209    3.350605
  110   -6.007459    0.000197    3.262041  359.907737  356.553433    3.354304
  111   -6.007597    0.000174    0.088763  356.754900  353.421037    3.333863
  112   -6.007111    0.000166    0.310671  356.954617  353.598563    3.356054
  113   -6.007230    0.000197    0.488197  357.126595  353.764993    3.361602
  114   -6.005838    0.000216    0.721199  357.354050  353.986901    3.367149
  115   -6.007283    0.000176    0.876535  357.531577  354.186618    3.344958
  116   -6.007038    0.000186    1.120633  357.725745  354.330857    3.394888
  117   -6.006718    0.000190    1.275968  357.897723  354.519479    3.378244
  118   -6.006698    0.000195    1.619925  358.180656  354.741386    3.439270
  119   -6.005404    0.000233    1.830737  358.380373  354.930008    3.450365
  120   -6.006409    0.000184    2.063740  358.541256  355.018771    3.522484
  121   -6.006127    0.000166    2.374411  359.009012  355.643612    3.365399
  122   -6.006254    0.000185    2.474269  359.149553  355.824836    3.324716
  123   -6.005233    0.000158    2.784940  359.445430  356.105919    3.339510
  124   -6.006134    0.000196    2.951370  359.615558  356.279747    3.335812
  125   -6.006310    0.000174    3.206564  359.859657  356.512750    3.346907
  126   -6.006593    0.000180    0.055477  356.721613  353.387750    3.333864
  127   -6.006419    0.000176    0.299575  356.926878  353.554181    3.372697
  128   -6.005390    0.000240    0.432720  357.093309  353.753898    3.339411
  129   -6.007163    0.000174    0.621341  357.254191  353.887042    3.367149
  130   -6.006952    0.000174    0.854344  357.470551  354.086759    3.383793
  131   -6.007000    0.000167    1.065156  357.670269  354.275381    3.394888
  132   -6.006752    0.000167    1.242682  357.875532  354.508383    3.367150
  133   -6.005724    0.000220    1.553353  358.158465  354.763577    3.394888
  134   -6.006449    0.000181    1.775260  358.363729  354.952199    3.411530
  135   -6.006382    0.000176    1.997168  358.519065  355.040962    3.478103
  136   -6.006232    0.000183    2.263457  358.923947  355.584437    3.339510
  137   -6.005325    0.000209    2.418792  359.101473  355.784153    3.317319
  138   -6.005591    0.000221    2.740558  359.401048  356.061538    3.339510
  139   -6.005633    0.000171    2.973561  359.634051  356.294541    3.339510
  140   -6.006322    0.000176    3.239850  359.889245  356.538640    3.350605
  141   -6.006275    0.000179    0.099858  356.749352  353.398846    3.350506
  142   -6.004501    0.000217    0.343957  357.015642  353.687326    3.328316
  143   -6.006403    0.000173    0.576960  357.237549  353.898138    3.339411
  144   -6.006372    0.000179    0.854344  357.476100  354.097855    3.378245
  145   -6.006251    0.000193    1.087347  357.725746  354.364144    3.361602
  146   -6.006107    0.000167    1.386922  358.014225  354.641528    3.372697
  147   -6.005701    0.000215    1.642116  358.213942  354.785768    3.428174
  148   -6.006610    0.000172    1.797451  358.358182  354.918912    3.439270
  149   -6.006741    0.000171    2.063740  358.563446  355.063152    3.500294
  150   -6.006551    0.000166    2.307838  358.986820  355.665803    3.321018
  151   -6.005956    0.000164    2.496460  359.179141  355.861821    3.317319
  152   -6.006352    0.000163    2.840416  359.478715  356.117014    3.361701
  153   -6.006275    0.000156    3.062324  359.704322  356.346319    3.358002
  154   -6.006642    0.000174    3.306422  359.955817  356.605212    3.350605
