    1   -6.002861    0.000172    2.130312  358.809294  355.488277    3.321018
    2   -6.004320    0.000216    2.640700  359.286396  355.932092    3.354304
    3   -6.006583    0.000215    2.818226  359.497208  356.176190    3.321018
    4   -6.006482    0.000192    3.139992  359.785688  356.431384    3.354304
    5   -6.005320    0.000186    0.110954  356.771543  353.432132    3.339411
    6   -6.003639    0.000215    0.410529  357.093309  353.776089    3.317220
    7   -6.006455    0.000204    0.732295  357.359598  353.986901    3.372697
    8   -6.006630    0.000226    0.965298  357.620340  354.275381    3.344959
    9   -6.006571    0.000224    1.253778  357.903272  354.552765    3.350506
   10   -6.006991    0.000228    1.431304  358.058607  354.685910    3.372697
   11   -6.007512    0.000325    1.653211  358.247228  354.841245    3.405983
   12   -6.008283    0.000218    1.841833  358.374825  354.907817    3.467008
   13   -6.010285    0.000280    2.030454  358.513517  354.996580    3.516937
   14   -6.009082    0.000263    2.185789  358.861073  355.536357    3.324716
   15   -6.008780    0.000218    2.285648  358.960932  355.636215    3.324716
   16   -6.009098    0.000180    2.452078  359.123663  355.795249    3.328415
   17   -6.008601    0.000205    2.551937  359.234618  355.917298    3.317319
   18   -6.009330    0.000201    2.685081  359.338174  355.991267    3.346907
   19   -6.010287    0.000217    2.751653  359.404746  356.057839    3.346907
   20   -6.008233    0.000217    2.807130  359.478715  356.150301    3.328415
   21   -6.009882    0.000223    2.862607  359.537891  356.213174    3.324716
   22   -6.009221    0.000205    3.017942  359.659940  356.301937    3.358002
   23   -6.008902    0.000190    3.095610  359.741306  356.387002    3.354304
   24   -6.008911    0.000181    3.184373  359.837466  356.490559    3.346907
   25   -6.008766    0.000202    3.262041  359.929928  356.597814    3.332113
   26   -6.009021    0.000199    0.044382  356.682780  353.321178    3.361602
   27   -6.008784    0.000182    0.210812  356.832567  353.454323    3.378244
   28   -6.009587    0.000202    0.277384  356.932426  353.587467    3.344958
   29   -6.008869    0.000178    0.321766  356.971259  353.620753    3.350507
   30   -6.009847    0.000188    0.355052  357.043380  353.731707    3.311673
   31   -6.010534    0.000218    0.466006  357.104404  353.742803    3.361602
   32   -6.009973    0.000184    0.499292  357.154334  353.809375    3.344959
   33   -6.010474    0.000250    0.521483  357.187619  353.853756    3.333864
   34   -6.010545    0.000292    0.554769  357.204263  353.853756    3.350507
   35   -6.010515    0.000246    0.554769  357.198715  353.842661    3.356054
   36   -6.011845    0.000254    0.610246  357.254192  353.898138    3.356054
   37   -6.009802    0.000217    0.610246  357.287478  353.964710    3.322768
   38   -6.010856    0.000294    0.665723  357.331860  353.997996    3.333864
   39   -6.010268    0.000318    0.710104  357.359598  354.009092    3.350506
   40   -6.011833    0.000253    0.665723  357.331860  353.997996    3.333864
   41   -6.010552    0.000186    0.721199  357.381788  354.042378    3.339411
   42   -6.010418    0.000196    0.765581  357.403979  354.042378    3.361602
   43   -6.009584    0.000158    0.787772  357.448361  354.108950    3.339411
   44   -6.009734    0.000195    0.854344  357.492743  354.131141    3.361602
   45   -6.009643    0.000218    0.954202  357.559315  354.164427    3.394888
   46   -6.010162    0.000211    1.020775  357.636983  354.253190    3.383792
   47   -6.010626    0.000234    1.009679  357.648077  354.286476    3.361602
   48   -6.008240    0.000231    1.087347  357.709102  354.330857    3.378245
   49   -6.011096    0.000234    1.109538  357.747936  354.386334    3.361602
   50   -6.011690    0.000267    1.076252  357.709102  354.341953    3.367150
   51   -6.010403    0.000258    1.109538  357.731293  354.353048    3.378245
   52   -6.011187    0.000278    1.131728  357.770127  354.408525    3.361602
   53   -6.010306    0.000276    1.131728  357.775674  354.419620    3.356054
   54   -6.011382    0.000248    1.187205  357.786769  354.386334    3.400436
   55   -6.012598    0.000281    1.120633  357.731293  354.341953    3.389340
   56   -6.010993    0.000224    1.120633  357.731293  354.341953    3.389340
   57   -6.011792    0.000259    1.009679  357.636982  354.264285    3.372697
   58   -6.012595    0.000247    0.898726  357.570410  354.242094    3.328316
   59   -6.011878    0.000259    0.976393  357.592601  354.208808    3.383792
   60   -6.011640    0.000227    1.020775  357.603697  354.186618    3.417079
   61   -6.010799    0.000199    0.976393  357.575957  354.175522    3.400435
   62   -6.010312    0.000284    0.887630  357.548219  354.208808    3.339411
   63   -6.013291    0.000262    0.821058  357.459456  354.097855    3.361602
   64   -6.011028    0.000214    0.765581  357.409527  354.053473    3.356054
   65   -6.012139    0.000246    0.732295  357.370694  354.009092    3.361602
   66   -6.012604    0.000244    0.643532  357.298573  353.953615    3.344958
   67   -6.010569    0.000287    0.643532  357.276382  353.909233    3.367150
   68   -6.011798    0.000230    0.621341  357.276382  353.931424    3.344958
   69   -6.010562    0.000225    0.665723  357.320764  353.975805    3.344959
   70   -6.011132    0.000269    0.654627  357.320764  353.986901    3.333863
   71   -6.010671    0.000208    0.743390  357.354050  353.964710    3.389340
   72   -6.011743    0.000218    0.665723  357.281931  353.898138    3.383792
   73   -6.011385    0.000200    0.643532  357.304121  353.964710    3.339411
   74   -6.011683    0.000223    0.543673  357.220906  353.898138    3.322767
   75   -6.011448    0.000214    0.621341  357.232001  353.842661    3.389340
   76   -6.009742    0.000207    0.565864  357.220905  353.875947    3.344958
   77   -6.011320    0.000184    0.499292  357.165429  353.831566    3.333863
   78   -6.011591    0.000184    0.510387  357.126595  353.742803    3.383792
   79   -6.010613    0.000187    0.499292  357.154334  353.809375    3.344959
   80   -6.010786    0.000165    0.521483  357.132143  353.742803    3.389340
   81   -6.010274    0.000223    0.466006  357.126595  353.787184    3.339411
   82   -6.010869    0.000184    0.410529  357.076666  353.742803    3.333863
   83   -6.011453    0.000206    0.454910  357.093308  353.731707    3.361602
   84   -6.011315    0.000208    0.466006  357.098857  353.731707    3.367150
   85   -6.010540    0.000202    0.410529  357.071118  353.731707    3.339411
   86   -6.011359    0.000196    0.366147  357.037832  353.709516    3.328316
   87   -6.011239    0.000193    0.355052  357.010094  353.665135    3.344958
   88   -6.011282    0.000170    0.310671  356.976808  353.642944    3.333864
   89   -6.011586    0.000182    0.288480  356.937973  353.587467    3.350506
   90   -6.009674    0.000192    0.288480  356.921331  353.554181    3.367149
   91   -6.011166    0.000202    0.321766  356.965712  353.609658    3.356054
   92   -6.011201    0.000183    0.277384  356.932426  353.587467    3.344958
   93   -6.011120    0.000184    0.288480  356.932426  353.576372    3.356054
   94   -6.011265    0.000192    0.188621  356.860305  353.531990    3.328316
   95   -6.010311    0.000268    0.177526  356.860306  353.543086    3.317220
   96   -6.010722    0.000206    0.210812  356.865853  353.520895    3.344958
   97   -6.010931    0.000201    0.288480  356.921331  353.554181    3.367149
   98   -6.011140    0.000204    0.210812  356.871401  353.531990    3.339411
   99   -6.010960    0.000194    0.210812  356.854758  353.498704    3.356054
  100   -6.010965    0.000186    0.188621  356.838115  353.487609    3.350506
  101   -6.011297    0.000175    0.133145  356.788186  353.443227    3.344959
  102   -6.011684    0.000179    0.088763  356.732709  353.376655    3.356054
  103   -6.011075    0.000180    0.033286  356.704971  353.376655    3.328315
  104   -6.009805    0.000192    0.088763  356.688328  353.287892    3.400435
  105   -6.011240    0.000188    0.022191  356.704970  353.387750    3.317221
  106   -6.011507    0.000203   -0.022191  356.649494  353.321178    3.328316
  107   -6.008684    0.001584    2.729463  357.986487  353.243511    4.742976
  108   -6.011637    0.000211    3.239850  359.892943  356.546036    3.346907
  109   -6.009586    0.000227    3.250945  359.900340  356.549735    3.350605
  110   -6.011124    0.000204    3.262041  359.904039  356.546036    3.358002
  111   -6.011289    0.000206    3.173278  359.848562  356.523845    3.324716
  112   -6.011476    0.000217    3.195469  359.833768  356.472067    3.361701
  113   -6.011062    0.000206    3.151087  359.796783  356.442479    3.354304
  114   -6.010976    0.000213    3.139992  359.785688  356.431384    3.354304
  115   -6.011075    0.000192    3.051229  359.722814  356.394400    3.328415
  116   -6.011086    0.000191    3.106705  359.767195  356.427685    3.339510
  117   -6.010724    0.000196    3.106705  359.756100  356.405495    3.350605
  118   -6.009281    0.000187    3.051229  359.715417  356.379606    3.335812
  119   -6.010943    0.000199    3.051229  359.708020  356.364812    3.343209
  120   -6.010749    0.000176    3.062324  359.737608  356.412891    3.324716
  121   -6.011264    0.000204    2.995752  359.656242  356.316732    3.339510
  122   -6.011415    0.000203    2.951370  359.600765  356.250160    3.350605
  123   -6.009827    0.000257    2.962466  359.622956  356.283445    3.339510
  124   -6.011196    0.000191    2.918084  359.582272  356.246461    3.335812
  125   -6.010517    0.000209    2.884798  359.548986  356.213175    3.335812
  126   -6.010664    0.000200    2.918084  359.571177  356.224270    3.346907
  127   -6.010577    0.000205    2.918084  359.593368  356.268651    3.324716
  128   -6.010585    0.000199    2.929179  359.593368  356.257556    3.335811
  129   -6.010383    0.000185    2.940275  359.593368  356.246461    3.346907
  130   -6.010337    0.000195    2.884798  359.556383  356.227969    3.328415
  131   -6.010484    0.000191    2.962466  359.626654  356.290843    3.335812
  132   -6.009825    0.000179    2.918084  359.582272  356.246461    3.335812
  133   -6.011122    0.000183    2.862607  359.534192  356.205778    3.328415
  134   -6.011065    0.000168    2.906989  359.567479  356.227968    3.339510
  135   -6.010536    0.000216    2.884798  359.571177  356.257556    3.313621
  136   -6.010617    0.000188    2.884798  359.541589  356.198381    3.343209
  137   -6.009280    0.000260    2.918084  359.552685  356.187285    3.365399
  138   -6.010589    0.000179    2.873703  359.541590  356.209476    3.332113
  139   -6.010534    0.000169    2.895893  359.552685  356.209476    3.343208
  140   -6.010677    0.000197    2.918084  359.567479  356.216874    3.350605
  141   -6.010321    0.000181    2.918084  359.597066  356.276049    3.321018
  142   -6.010728    0.000192    2.906989  359.560082  356.213175    3.346907
  143   -6.010242    0.000190    2.929179  359.582272  356.235365    3.346907
  144   -6.010730    0.000196    2.840416  359.526795  356.213175    3.313621
  145   -6.010682    0.000192    2.906989  359.567479  356.227968    3.339510
  146   -6.009028    0.000171    2.895893  359.556383  356.216873    3.339510
  147   -6.010252    0.000186    2.918084  359.567479  356.216874    3.350605
  148   -6.010296    0.000195    2.895893  359.545288  356.194683    3.350605
  149   -6.010444    0.000178    2.895893  359.548986  356.202079    3.346907
  150   -6.010590    0.000180    2.884798  359.552685  356.220571    3.332113
  151   -6.009084    0.000235    2.940275  359.571177  356.202080    3.369098
  152   -6.010449    0.000175    2.829321  359.500906  356.172492    3.328415
  153   -6.009637    0.000183    2.884798  359.552685  356.220571    3.332113
